>Sphi:
0.873071
>Aphi:
6.95322e-310
>numParam:
40
>numMixtures:
2
>std_sphi:
0.08
>std_phi:
***
0.515978 0.429982 0.515978 0.515978 0.515978 0.515978 0.358318 0.515978 0.358318 0.515978
0.515978 0.429982 0.515978 0.515978 0.298598 0.515978 0.515978 0.515978 0.515978 0.515978
0.358318 0.429982 0.515978 0.515978 0.429982 0.515978 0.515978 0.429982 0.515978 0.515978
0.515978 0.515978 0.515978 0.515978 0.515978 0.515978 0.515978 0.515978 0.515978 0.429982
0.429982 0.515978 0.515978 0.515978 0.515978 0.515978 0.515978 0.515978 0.515978 0.515978
0.429982 0.429982 0.515978 0.515978 0.515978 0.515978 0.515978 0.515978 0.515978 0.515978
0.515978 0.515978 0.515978 0.515978 0.515978 0.515978 0.515978 0.515978 0.358318 0.515978
0.286654 0.515978 0.515978 0.429982 0.515978 0.515978 0.515978 0.515978 0.515978 0.429982
0.515978 0.515978 0.165888 0.515978 0.515978 0.515978 0.429982 0.515978 0.515978 0.358318
0.515978 0.515978 0.248832 0.515978 0.358318 0.515978 0.515978 0.515978 0.429982 0.515978
0.515978 0.515978 0.515978 0.515978 0.515978 0.515978 0.515978 0.515978 0.515978 0.515978
0.515978 0.515978 0.515978 0.515978 0.429982 0.515978 0.515978 0.515978 0.515978 0.515978
0.515978 0.515978 0.429982 0.286654 0.515978 0.515978 0.515978 0.515978 0.515978 0.515978
0.429982 0.515978 0.515978 0.515978 0.429982 0.515978 0.298598 0.515978 0.515978 0.429982
0.515978 0.515978 0.515978 0.515978 0.515978 0.515978 0.1728 0.515978 0.515978 0.515978
0.515978 0.515978 0.298598 0.515978 0.515978 0.515978 0.515978 0.515978 0.343985 0.515978
0.515978 0.515978 0.515978 0.429982 0.515978 0.429982 0.515978 0.429982 0.515978 0.429982
0.429982 0.515978 0.515978 0.515978 0.515978 0.515978 0.515978 0.515978 0.515978 0.515978
0.515978 0.515978 0.515978 0.515978 0.358318 0.515978 0.515978 0.515978 0.515978 0.515978
0.515978 0.515978 0.515978 0.429982 0.515978 0.515978 0.515978 0.515978 0.515978 0.515978
0.515978 0.429982 0.515978 0.358318 0.515978 0.515978 0.515978 0.515978 0.515978 0.515978
0.515978 0.515978 0.515978 0.515978 0.515978 0.515978 0.515978 0.515978 0.515978 0.515978
0.515978 0.515978 0.515978 0.515978 0.515978 0.515978 0.515978 0.515978 0.429982 0.515978
0.515978 0.429982 0.515978 0.515978 0.515978 0.515978 0.515978 0.515978 0.515978 0.515978
0.429982 0.358318 0.429982 0.358318 0.515978 0.515978 0.515978 0.429982 0.515978 0.429982
0.515978 0.515978 0.429982 0.515978 0.515978 0.515978 0.515978 0.515978 0.515978 0.343985
0.515978 0.515978 0.429982 0.515978 0.515978 0.515978 0.515978 0.515978 0.515978 0.429982
0.515978 0.515978 0.515978 0.515978 0.515978 0.515978 0.515978 0.515978 0.515978 0.515978
0.515978 0.515978 0.515978 0.358318 0.515978 0.515978 0.429982 0.515978 0.515978 0.515978
0.515978 0.515978 0.429982 0.429982 0.515978 0.515978 0.515978 0.358318 0.515978 0.515978
0.515978 0.515978 0.248832 0.515978 0.515978 0.515978 0.515978 0.515978 0.515978 0.515978
0.515978 0.298598 0.515978 0.515978 0.515978 0.515978 0.515978 0.515978 0.515978 0.515978
0.358318 0.515978 0.515978 0.358318 0.515978 0.515978 0.515978 0.429982 0.515978 0.515978
0.515978 0.515978 0.515978 0.429982 0.515978 0.515978 0.515978 0.358318 0.515978 0.515978
0.515978 0.515978 0.515978 0.515978 0.429982 0.515978 0.515978 0.515978 0.515978 0.515978
0.515978 0.515978 0.515978 0.515978 0.515978 0.515978 0.429982 0.515978 0.515978 0.515978
0.515978 0.515978 0.515978 0.515978 0.515978 0.515978 0.515978 0.515978 0.515978 0.515978
0.515978 0.515978 0.515978 0.515978 0.358318 0.515978 0.515978 0.515978 0.429982 0.515978
0.515978 0.515978 0.515978 0.515978 0.515978 0.515978 0.515978 0.515978 0.515978 0.515978
0.515978 0.515978 0.515978 0.298598 0.429982 0.515978 0.515978 0.515978 0.515978 0.515978
0.515978 0.515978 0.515978 0.238879 0.515978 0.515978 0.429982 0.515978 0.515978 0.515978
0.515978 0.429982 0.515978 0.515978 0.429982 0.515978 0.515978 0.515978 0.429982 0.515978
0.429982 0.515978 0.515978 0.515978 0.515978 0.515978 0.515978 0.429982 0.515978 0.298598
0.515978 0.515978 0.515978 0.515978 0.358318 0.515978 0.515978 0.515978 0.343985 0.515978
0.515978 0.515978 0.515978 0.515978 0.515978 0.515978 0.515978 0.515978 0.515978 0.515978
0.515978 0.515978 0.515978 0.515978 0.515978 0.429982 0.515978 0.515978 0.515978 0.515978
0.515978 0.515978 0.515978 0.515978 0.515978 0.515978 0.515978 0.515978 0.429982 0.515978
0.515978 0.515978 0.515978 0.515978 0.515978 0.515978 0.515978 0.298598 0.515978 0.515978
0.515978 0.515978 0.429982 0.515978 0.515978 0.515978 0.358318 0.429982 0.515978 0.515978
0.515978 0.515978 0.286654 0.429982 0.515978 0.515978 0.515978 0.429982 0.286654 0.515978
0.515978 0.515978 0.515978 0.515978 0.515978 0.515978 0.429982 0.515978 0.515978 0.515978
0.515978 0.515978 0.515978 0.515978 0.515978 0.515978 0.298598 0.515978 0.515978 0.515978
0.515978 0.515978 0.515978 0.298598 0.515978 0.515978 0.515978 0.515978 0.429982 0.515978
0.515978 0.515978 0.515978 0.515978 0.515978 0.515978 0.515978 0.515978 0.429982 0.298598
0.515978 0.515978 0.343985 0.515978 0.515978 0.515978 0.429982 0.515978 0.515978 0.298598
0.515978 0.515978 0.515978 0.515978 0.515978 0.515978 0.515978 0.515978 0.515978 0.515978
0.515978 0.515978 0.515978 0.515978 0.515978 0.429982 0.429982 0.515978 0.515978 0.515978
0.429982 0.515978 0.515978 0.515978 0.515978 0.515978 0.515978 0.515978 0.358318 0.515978
0.515978 0.358318 0.515978 0.515978 0.515978 0.515978 0.429982 0.298598 0.515978 0.515978
0.515978 0.515978 0.515978 0.515978 0.429982 0.515978 0.515978 0.515978 0.515978 0.515978
0.515978 0.515978 0.515978 0.429982 0.515978 0.515978 0.20736 0.515978 0.515978 0.515978
0.515978 0.515978 0.298598 0.515978 0.515978 0.515978 0.429982 0.515978 0.515978 0.515978
0.515978 0.515978 0.515978 0.515978 0.358318 0.515978 0.515978 0.429982 0.515978 0.515978
0.515978 0.429982 0.515978 0.515978 0.298598 0.515978 0.515978 0.515978 0.515978 0.429982
0.515978 0.515978 0.515978 0.515978 0.515978 0.515978 0.515978 0.515978 0.515978 0.515978
0.358318 0.515978 0.515978 0.515978 0.515978 0.515978 0.515978 0.515978 0.358318 0.515978
0.515978 0.515978 0.515978 0.515978 0.515978 0.515978 0.515978 0.515978 0.429982 0.515978
0.515978 0.358318 0.515978 0.515978 0.515978 0.515978 0.515978 0.429982 0.429982 0.429982
0.515978 0.358318 0.515978 0.515978 0.515978 0.515978 0.515978 0.515978 0.515978 0.358318
0.515978 0.298598 0.429982 0.515978 0.515978 0.515978 0.515978 0.515978 0.358318 0.515978
0.238879 0.515978 0.515978 0.515978 0.515978 0.515978 0.515978 0.429982 0.515978 0.515978
0.515978 0.515978 0.515978 0.515978 0.429982 0.515978 0.515978 0.515978 0.515978 0.515978
0.515978 0.515978 0.515978 0.515978 0.429982 0.515978 0.515978 0.515978 0.429982 0.515978
0.515978 0.515978 0.429982 0.515978 0.515978 0.515978 0.515978 0.515978 0.515978 0.515978
0.515978 0.515978 0.515978 0.515978 0.515978 0.515978 0.515978 0.515978 0.429982 0.429982
0.515978 0.515978 0.515978 0.515978 0.515978 0.515978 0.515978 0.429982 0.515978 0.515978
0.515978 0.429982 0.515978 0.298598 0.515978 0.515978 0.238879 0.515978 0.515978 0.515978
0.298598 0.515978 0.515978 0.358318 0.515978 0.515978 0.298598 0.515978 0.515978 0.515978
0.515978 0.515978 0.515978 0.286654 0.515978 0.515978 0.515978 0.515978 0.515978 0.515978
0.515978 0.515978 0.515978 0.515978 0.515978 0.515978 0.515978 0.515978 0.515978 0.515978
0.515978 0.515978 0.515978 0.515978 0.515978 0.515978 0.515978 0.515978 0.515978 0.515978
0.515978 0.515978 0.515978 0.429982 0.515978 0.515978 0.358318 0.515978 0.515978 0.515978
0.429982 0.515978 0.515978 0.515978 0.515978 0.515978 0.515978 0.515978 0.358318 0.515978
0.515978 0.515978 0.515978 0.515978 0.515978 0.515978 0.515978 0.429982 0.515978 0.515978
0.515978 0.515978 0.515978 0.515978 0.429982 0.515978 0.515978 0.515978 0.515978 0.358318
0.515978 0.358318 0.515978 0.515978 0.429982 0.515978 0.515978 0.515978 0.358318 0.515978
0.515978 0.515978 0.515978 0.515978 0.515978 0.515978 0.515978 0.515978 0.298598 0.515978
0.515978 0.515978 0.515978 0.515978 0.515978 0.515978 0.515978 0.515978 0.165888 0.248832
0.429982 0.515978 0.515978 0.515978 0.515978 0.358318 0.429982 0.515978 0.515978 0.515978
0.515978 0.515978 0.515978 0.515978 0.358318 0.429982 0.515978 0.515978 0.515978 0.515978
0.515978 0.515978 0.515978 0.515978 0.515978 0.515978 0.515978 0.429982 0.515978 0.515978
0.515978 0.515978 0.515978 0.515978 0.515978 0.515978 0.515978 0.358318 0.515978 0.515978
0.298598 0.515978 0.515978 0.515978 0.429982 0.515978 0.515978 0.515978 0.298598 0.515978
0.429982 0.515978 0.515978 0.515978 0.358318 0.515978 0.515978 0.515978 0.429982 0.515978
0.515978 0.515978 0.515978 0.515978 0.515978 0.515978 0.429982 0.515978 0.358318 0.515978
0.515978 0.515978 0.515978 0.515978 0.515978 0.515978 0.515978 0.515978 0.515978 0.515978
0.515978 0.515978 0.515978 0.515978 0.515978 0.515978 0.515978 0.515978 0.429982 0.429982
0.515978 0.515978 0.358318 0.515978 0.515978 0.515978 0.515978 0.515978 0.515978 0.515978
0.515978 0.515978 0.515978 0.515978 0.515978 0.429982 0.429982 0.515978 0.515978 0.515978
0.515978 0.515978 0.515978 0.515978 0.515978 0.515978 0.515978 0.515978 0.515978 0.515978
0.515978 0.515978 0.515978 0.515978 0.358318 0.515978 0.515978 0.515978 0.515978 0.358318
0.429982 0.515978 0.298598 0.515978 0.515978 0.515978 0.515978 0.515978 0.515978 0.515978
0.429982 0.515978 0.515978 0.515978 0.515978 0.515978 0.515978 0.515978 0.298598 0.515978
0.515978 0.358318 0.515978 0.515978 0.515978 0.515978 0.515978 0.298598 0.515978 0.515978
0.515978 0.515978 0.515978 0.515978 0.515978 0.515978 0.515978 0.429982 0.515978 0.515978
0.515978 0.515978 0.515978 0.515978 0.515978 0.515978 0.515978 0.515978 0.515978 0.515978
0.515978 0.515978 0.515978 0.515978 0.515978 0.515978 0.515978 0.515978 0.515978 0.515978
0.515978 0.515978 0.515978 0.515978 0.515978 0.515978 0.515978 0.515978 0.515978 0.515978
0.515978 0.515978 0.515978 0.515978 0.515978 0.515978 0.515978 0.515978 0.515978 0.515978
0.515978 0.515978 0.515978 0.515978 0.515978 0.515978 0.515978 0.515978 0.515978 0.515978
0.515978 0.515978 0.515978 0.515978 0.515978 0.515978 0.515978 0.515978 0.515978 0.515978
0.515978 0.515978 0.515978 0.515978 0.515978 0.515978 0.515978 0.515978 0.515978 0.515978
0.515978 0.515978 0.515978 0.515978 0.515978 0.358318 0.515978 0.515978 0.515978 0.515978
0.515978 0.515978 0.515978 0.515978 0.515978 0.515978 0.343985 0.515978 0.515978 0.515978
0.515978 0.515978 0.515978 0.515978 0.515978 0.515978 0.515978 0.515978 0.515978 0.515978
0.515978 0.515978 0.515978 0.515978 0.515978 0.515978 0.515978 0.515978 0.515978 0.515978
0.515978 0.515978 0.429982 0.515978 0.515978 0.515978 0.515978 0.515978 0.515978 0.515978
0.515978 0.515978 0.515978 0.515978 0.515978 0.429982 0.515978 0.515978 0.515978 0.515978
0.515978 0.515978 0.515978 0.515978 0.515978 0.515978 0.515978 0.515978 0.515978 0.429982
0.358318 0.515978 0.515978 0.20736 0.515978 0.515978 0.515978 0.515978 0.515978 0.429982
0.515978 0.515978 0.515978 0.515978 0.515978 0.515978 0.515978 0.515978 0.515978 0.515978
0.515978 0.515978 0.515978 0.515978 0.429982 0.515978 0.515978 0.515978 0.515978 0.515978
0.515978 0.358318 0.515978 0.515978 0.515978 0.515978 0.515978 0.515978 0.515978 0.515978
0.515978 0.515978 0.515978 0.298598 0.515978 0.515978 0.515978 0.515978 0.515978 0.515978
0.515978 0.515978 0.515978 0.515978 0.515978 0.515978 0.515978 0.515978 0.515978 0.515978
0.515978 0.515978 0.515978 0.515978 0.515978 0.515978 0.515978 0.358318 0.515978 0.515978
0.515978 0.515978 0.515978 0.515978 0.515978 0.515978 0.515978 0.515978 0.515978 0.358318
0.515978 0.358318 0.515978 0.515978 0.429982 0.515978 0.515978 0.515978 0.515978 0.515978
0.515978 0.515978 0.515978 0.515978 0.515978 0.515978 0.515978 0.515978 0.515978 0.358318
0.515978 0.515978 0.515978 0.515978 0.515978 0.515978 0.515978 0.515978 0.515978 0.515978
0.515978 0.515978 0.515978 0.248832 0.343985 0.515978 0.515978 0.515978 0.515978 0.515978
0.515978 0.515978 0.515978 0.515978 0.515978 0.515978 0.515978 0.515978 0.515978 0.515978
0.515978 0.515978 0.515978 0.515978 0.515978 0.515978 0.515978 0.515978 0.515978 0.515978
0.515978 0.515978 0.515978 0.515978 0.515978 0.515978 0.515978 0.515978 0.515978 0.515978
0.429982 0.515978 0.515978 0.515978 0.515978 0.515978 0.515978 0.515978 0.429982 0.429982
0.515978 0.515978 0.515978 0.515978 0.515978 0.515978 0.515978 0.515978 0.515978 0.515978
0.515978 0.515978 0.515978 0.515978 0.515978 0.515978 0.515978 0.515978 0.515978 0.515978
0.515978 0.515978 0.515978 0.515978 0.515978 0.515978 0.429982 0.515978 0.515978 0.515978
0.515978 0.515978 0.515978 0.358318 0.429982 0.515978 0.343985 0.515978 0.429982 0.515978
0.515978 0.515978 0.515978 0.515978 0.515978 0.515978 0.515978 0.515978 0.515978 0.515978
0.358318 0.515978 0.515978 0.515978 0.515978 0.515978 0.515978 0.515978 0.429982 0.515978
0.515978 0.515978 0.429982 0.515978 0.515978 0.515978 0.515978 0.515978 
***
0.429982 0.248832 0.429982 0.358318 0.248832 0.358318 0.165888 0.429982 0.298598 0.358318
0.358318 0.298598 0.429982 0.298598 0.1152 0.199066 0.199066 0.429982 0.429982 0.358318
0.20736 0.248832 0.429982 0.515978 0.238879 0.298598 0.298598 0.248832 0.298598 0.429982
0.515978 0.515978 0.358318 0.298598 0.20736 0.238879 0.515978 0.286654 0.429982 0.358318
0.199066 0.358318 0.515978 0.298598 0.358318 0.515978 0.358318 0.248832 0.515978 0.429982
0.13824 0.286654 0.429982 0.238879 0.358318 0.429982 0.358318 0.358318 0.429982 0.165888
0.298598 0.298598 0.515978 0.298598 0.1728 0.515978 0.429982 0.515978 0.199066 0.298598
0.238879 0.358318 0.515978 0.286654 0.515978 0.429982 0.298598 0.343985 0.429982 0.429982
0.298598 0.358318 0.1152 0.358318 0.248832 0.515978 0.238879 0.358318 0.238879 0.20736
0.515978 0.429982 0.165888 0.358318 0.298598 0.515978 0.429982 0.429982 0.248832 0.358318
0.429982 0.248832 0.298598 0.358318 0.429982 0.358318 0.358318 0.358318 0.515978 0.429982
0.248832 0.429982 0.515978 0.429982 0.286654 0.515978 0.358318 0.20736 0.429982 0.298598
0.515978 0.165888 0.199066 0.238879 0.429982 0.429982 0.358318 0.298598 0.358318 0.358318
0.343985 0.343985 0.248832 0.358318 0.159252 0.286654 0.248832 0.199066 0.358318 0.298598
0.429982 0.358318 0.199066 0.429982 0.515978 0.429982 0.144 0.429982 0.515978 0.358318
0.358318 0.358318 0.199066 0.429982 0.429982 0.298598 0.20736 0.429982 0.429982 0.358318
0.286654 0.358318 0.248832 0.238879 0.286654 0.20736 0.358318 0.358318 0.429982 0.286654
0.165888 0.165888 0.286654 0.286654 0.358318 0.165888 0.298598 0.248832 0.298598 0.429982
0.298598 0.298598 0.358318 0.286654 0.20736 0.429982 0.298598 0.298598 0.429982 0.358318
0.429982 0.191103 0.358318 0.429982 0.515978 0.358318 0.343985 0.298598 0.298598 0.429982
0.429982 0.343985 0.238879 0.248832 0.298598 0.515978 0.429982 0.515978 0.298598 0.238879
0.358318 0.515978 0.298598 0.286654 0.286654 0.199066 0.238879 0.298598 0.298598 0.429982
0.298598 0.429982 0.358318 0.429982 0.429982 0.298598 0.515978 0.358318 0.199066 0.248832
0.515978 0.20736 0.20736 0.248832 0.298598 0.343985 0.286654 0.429982 0.358318 0.298598
0.429982 0.238879 0.248832 0.238879 0.298598 0.248832 0.429982 0.238879 0.429982 0.199066
0.358318 0.20736 0.358318 0.298598 0.358318 0.358318 0.515978 0.298598 0.358318 0.248832
0.298598 0.429982 0.286654 0.515978 0.248832 0.298598 0.199066 0.298598 0.298598 0.298598
0.515978 0.248832 0.298598 0.515978 0.238879 0.358318 0.238879 0.358318 0.358318 0.298598
0.429982 0.298598 0.298598 0.248832 0.515978 0.248832 0.358318 0.429982 0.238879 0.298598
0.248832 0.515978 0.238879 0.199066 0.286654 0.298598 0.248832 0.358318 0.238879 0.298598
0.515978 0.429982 0.199066 0.515978 0.515978 0.298598 0.358318 0.358318 0.429982 0.358318
0.358318 0.248832 0.429982 0.358318 0.429982 0.429982 0.248832 0.515978 0.343985 0.165888
0.298598 0.20736 0.248832 0.298598 0.515978 0.515978 0.515978 0.358318 0.429982 0.358318
0.343985 0.248832 0.429982 0.298598 0.515978 0.298598 0.248832 0.20736 0.358318 0.429982
0.429982 0.515978 0.13824 0.191103 0.298598 0.515978 0.298598 0.298598 0.248832 0.298598
0.286654 0.191103 0.238879 0.298598 0.358318 0.429982 0.358318 0.515978 0.358318 0.358318
0.248832 0.286654 0.515978 0.298598 0.515978 0.358318 0.429982 0.515978 0.515978 0.238879
0.298598 0.429982 0.429982 0.358318 0.20736 0.248832 0.298598 0.358318 0.248832 0.298598
0.358318 0.429982 0.358318 0.298598 0.515978 0.199066 0.358318 0.248832 0.429982 0.298598
0.286654 0.298598 0.298598 0.248832 0.238879 0.515978 0.515978 0.515978 0.429982 0.429982
0.298598 0.298598 0.358318 0.298598 0.429982 0.286654 0.20736 0.298598 0.238879 0.358318
0.429982 0.286654 0.358318 0.298598 0.248832 0.248832 0.358318 0.298598 0.515978 0.298598
0.199066 0.298598 0.515978 0.358318 0.515978 0.238879 0.429982 0.343985 0.20736 0.165888
0.429982 0.358318 0.358318 0.515978 0.238879 0.238879 0.298598 0.515978 0.358318 0.286654
0.429982 0.358318 0.515978 0.515978 0.515978 0.515978 0.515978 0.515978 0.429982 0.515978
0.429982 0.358318 0.515978 0.248832 0.515978 0.248832 0.429982 0.248832 0.429982 0.298598
0.298598 0.358318 0.429982 0.248832 0.358318 0.429982 0.248832 0.515978 0.298598 0.429982
0.429982 0.429982 0.515978 0.238879 0.248832 0.248832 0.298598 0.165888 0.515978 0.248832
0.515978 0.238879 0.298598 0.515978 0.429982 0.358318 0.238879 0.20736 0.429982 0.298598
0.515978 0.248832 0.248832 0.1728 0.429982 0.429982 0.358318 0.358318 0.248832 0.515978
0.238879 0.429982 0.515978 0.515978 0.358318 0.429982 0.238879 0.429982 0.298598 0.358318
0.298598 0.199066 0.248832 0.429982 0.298598 0.429982 0.238879 0.515978 0.515978 0.515978
0.298598 0.248832 0.248832 0.248832 0.515978 0.515978 0.358318 0.515978 0.298598 0.515978
0.358318 0.429982 0.298598 0.429982 0.358318 0.515978 0.238879 0.429982 0.199066 0.1152
0.429982 0.429982 0.248832 0.298598 0.20736 0.358318 0.20736 0.429982 0.343985 0.199066
0.515978 0.358318 0.429982 0.286654 0.286654 0.20736 0.298598 0.286654 0.358318 0.199066
0.286654 0.429982 0.358318 0.515978 0.298598 0.298598 0.199066 0.515978 0.429982 0.358318
0.358318 0.298598 0.298598 0.358318 0.298598 0.248832 0.199066 0.515978 0.298598 0.248832
0.358318 0.248832 0.515978 0.429982 0.515978 0.286654 0.20736 0.165888 0.429982 0.358318
0.343985 0.515978 0.429982 0.429982 0.298598 0.248832 0.298598 0.515978 0.238879 0.248832
0.358318 0.515978 0.358318 0.298598 0.298598 0.429982 0.144 0.298598 0.429982 0.515978
0.298598 0.429982 0.20736 0.515978 0.358318 0.298598 0.358318 0.429982 0.298598 0.248832
0.298598 0.298598 0.515978 0.515978 0.248832 0.429982 0.515978 0.343985 0.515978 0.358318
0.515978 0.238879 0.429982 0.20736 0.238879 0.515978 0.515978 0.358318 0.515978 0.248832
0.286654 0.429982 0.358318 0.429982 0.238879 0.358318 0.298598 0.515978 0.515978 0.298598
0.248832 0.358318 0.429982 0.238879 0.298598 0.429982 0.429982 0.515978 0.286654 0.20736
0.20736 0.298598 0.298598 0.358318 0.515978 0.515978 0.298598 0.515978 0.298598 0.298598
0.343985 0.298598 0.429982 0.515978 0.515978 0.429982 0.358318 0.248832 0.343985 0.358318
0.515978 0.248832 0.358318 0.286654 0.13824 0.286654 0.515978 0.286654 0.286654 0.248832
0.343985 0.199066 0.199066 0.429982 0.298598 0.1728 0.515978 0.429982 0.20736 0.298598
0.1728 0.515978 0.515978 0.515978 0.343985 0.515978 0.248832 0.298598 0.429982 0.358318
0.358318 0.515978 0.199066 0.248832 0.199066 0.358318 0.248832 0.358318 0.358318 0.238879
0.248832 0.248832 0.515978 0.515978 0.358318 0.429982 0.515978 0.515978 0.298598 0.358318
0.358318 0.298598 0.165888 0.20736 0.248832 0.358318 0.248832 0.358318 0.298598 0.429982
0.358318 0.358318 0.286654 0.429982 0.429982 0.515978 0.429982 0.515978 0.358318 0.358318
0.358318 0.515978 0.429982 0.248832 0.429982 0.298598 0.286654 0.298598 0.298598 0.358318
0.515978 0.20736 0.248832 0.165888 0.298598 0.429982 0.199066 0.358318 0.515978 0.515978
0.248832 0.286654 0.515978 0.298598 0.429982 0.358318 0.20736 0.429982 0.429982 0.248832
0.286654 0.298598 0.298598 0.298598 0.515978 0.358318 0.429982 0.429982 0.298598 0.238879
0.298598 0.429982 0.298598 0.298598 0.248832 0.248832 0.515978 0.144 0.298598 0.429982
0.429982 0.429982 0.515978 0.248832 0.248832 0.429982 0.429982 0.429982 0.515978 0.238879
0.429982 0.515978 0.515978 0.298598 0.286654 0.298598 0.238879 0.429982 0.515978 0.429982
0.248832 0.429982 0.358318 0.298598 0.199066 0.298598 0.429982 0.298598 0.248832 0.515978
0.429982 0.248832 0.298598 0.429982 0.429982 0.429982 0.358318 0.248832 0.429982 0.165888
0.429982 0.429982 0.286654 0.238879 0.20736 0.248832 0.429982 0.238879 0.358318 0.248832
0.248832 0.298598 0.199066 0.429982 0.165888 0.248832 0.358318 0.298598 0.144 0.515978
0.238879 0.429982 0.248832 0.429982 0.358318 0.248832 0.298598 0.429982 0.199066 0.20736
0.358318 0.358318 0.429982 0.429982 0.429982 0.286654 0.515978 0.515978 0.127402 0.165888
0.298598 0.358318 0.429982 0.515978 0.248832 0.248832 0.248832 0.358318 0.199066 0.298598
0.298598 0.358318 0.20736 0.515978 0.248832 0.20736 0.298598 0.515978 0.286654 0.358318
0.515978 0.298598 0.298598 0.298598 0.515978 0.429982 0.515978 0.248832 0.429982 0.429982
0.429982 0.165888 0.358318 0.358318 0.429982 0.358318 0.358318 0.165888 0.429982 0.238879
0.20736 0.429982 0.515978 0.248832 0.20736 0.248832 0.286654 0.515978 0.238879 0.298598
0.343985 0.515978 0.358318 0.286654 0.248832 0.429982 0.343985 0.358318 0.429982 0.248832
0.238879 0.515978 0.358318 0.298598 0.515978 0.515978 0.358318 0.298598 0.199066 0.248832
0.238879 0.515978 0.358318 0.515978 0.429982 0.515978 0.358318 0.298598 0.515978 0.515978
0.298598 0.515978 0.429982 0.343985 0.515978 0.515978 0.429982 0.429982 0.358318 0.248832
0.358318 0.515978 0.298598 0.515978 0.515978 0.238879 0.515978 0.515978 0.515978 0.515978
0.515978 0.515978 0.515978 0.515978 0.515978 0.429982 0.429982 0.515978 0.515978 0.429982
0.429982 0.515978 0.515978 0.515978 0.515978 0.515978 0.515978 0.429982 0.429982 0.515978
0.515978 0.515978 0.515978 0.515978 0.298598 0.515978 0.429982 0.515978 0.515978 0.429982
0.343985 0.515978 0.248832 0.429982 0.515978 0.515978 0.515978 0.515978 0.515978 0.515978
0.429982 0.515978 0.429982 0.286654 0.515978 0.515978 0.515978 0.515978 0.358318 0.515978
0.515978 0.358318 0.515978 0.358318 0.358318 0.515978 0.515978 0.298598 0.515978 0.515978
0.358318 0.515978 0.515978 0.515978 0.429982 0.515978 0.515978 0.429982 0.343985 0.515978
0.515978 0.515978 0.343985 0.515978 0.515978 0.515978 0.515978 0.515978 0.515978 0.515978
0.515978 0.515978 0.515978 0.515978 0.429982 0.515978 0.515978 0.515978 0.515978 0.515978
0.429982 0.429982 0.515978 0.429982 0.515978 0.515978 0.515978 0.515978 0.515978 0.515978
0.515978 0.515978 0.515978 0.515978 0.515978 0.515978 0.358318 0.515978 0.515978 0.515978
0.515978 0.515978 0.515978 0.515978 0.515978 0.515978 0.515978 0.515978 0.515978 0.515978
0.515978 0.515978 0.515978 0.515978 0.515978 0.515978 0.515978 0.515978 0.515978 0.515978
0.515978 0.515978 0.515978 0.286654 0.515978 0.429982 0.429982 0.429982 0.429982 0.515978
0.515978 0.515978 0.515978 0.515978 0.515978 0.238879 0.515978 0.515978 0.515978 0.515978
0.515978 0.515978 0.298598 0.515978 0.515978 0.515978 0.429982 0.515978 0.515978 0.515978
0.515978 0.515978 0.343985 0.515978 0.515978 0.515978 0.515978 0.515978 0.515978 0.515978
0.515978 0.515978 0.515978 0.515978 0.515978 0.515978 0.515978 0.515978 0.515978 0.515978
0.515978 0.515978 0.429982 0.515978 0.358318 0.515978 0.515978 0.515978 0.515978 0.429982
0.429982 0.515978 0.515978 0.515978 0.429982 0.429982 0.515978 0.515978 0.515978 0.515978
0.515978 0.515978 0.515978 0.515978 0.515978 0.515978 0.515978 0.515978 0.515978 0.298598
0.298598 0.515978 0.515978 0.1728 0.358318 0.515978 0.515978 0.515978 0.515978 0.515978
0.515978 0.515978 0.515978 0.515978 0.515978 0.515978 0.515978 0.515978 0.515978 0.515978
0.515978 0.515978 0.515978 0.515978 0.515978 0.515978 0.515978 0.515978 0.515978 0.515978
0.515978 0.298598 0.515978 0.515978 0.515978 0.515978 0.515978 0.515978 0.515978 0.515978
0.515978 0.515978 0.515978 0.358318 0.515978 0.515978 0.429982 0.515978 0.515978 0.515978
0.515978 0.515978 0.515978 0.515978 0.515978 0.515978 0.515978 0.515978 0.515978 0.515978
0.429982 0.515978 0.515978 0.515978 0.515978 0.515978 0.515978 0.358318 0.515978 0.515978
0.515978 0.515978 0.515978 0.515978 0.515978 0.515978 0.515978 0.515978 0.515978 0.298598
0.515978 0.248832 0.515978 0.515978 0.358318 0.515978 0.515978 0.429982 0.515978 0.515978
0.515978 0.515978 0.515978 0.515978 0.515978 0.515978 0.515978 0.515978 0.429982 0.298598
0.515978 0.515978 0.515978 0.515978 0.515978 0.515978 0.515978 0.515978 0.515978 0.515978
0.515978 0.515978 0.515978 0.20736 0.199066 0.515978 0.515978 0.515978 0.515978 0.515978
0.358318 0.515978 0.515978 0.515978 0.515978 0.429982 0.515978 0.515978 0.515978 0.515978
0.515978 0.515978 0.515978 0.515978 0.515978 0.515978 0.515978 0.429982 0.515978 0.515978
0.515978 0.515978 0.515978 0.515978 0.515978 0.515978 0.515978 0.429982 0.515978 0.515978
0.248832 0.429982 0.429982 0.515978 0.515978 0.515978 0.358318 0.515978 0.358318 0.515978
0.515978 0.515978 0.515978 0.515978 0.515978 0.515978 0.515978 0.515978 0.515978 0.515978
0.515978 0.429982 0.515978 0.515978 0.429982 0.515978 0.515978 0.515978 0.515978 0.515978
0.429982 0.515978 0.515978 0.515978 0.515978 0.515978 0.358318 0.515978 0.515978 0.429982
0.515978 0.515978 0.515978 0.298598 0.358318 0.515978 0.298598 0.429982 0.298598 0.358318
0.515978 0.515978 0.515978 0.358318 0.515978 0.429982 0.515978 0.515978 0.515978 0.515978
0.358318 0.515978 0.515978 0.515978 0.515978 0.515978 0.429982 0.429982 0.298598 0.298598
0.429982 0.515978 0.429982 0.515978 0.515978 0.515978 0.515978 0.515978 
>categories:
0 0
1 1
>mixtureAssignment:
0 1 0 0 0 0 0 0 0 0 0 0 0 0 0 0 0 0 0 0 0 0 0 0 0 0 0 0 0 0 0 0 0 0 0 0 0 0 0 0 0 0 0 0 0 0 0 0 0 0
0 0 0 0 0 0 0 0 0 0 0 0 0 0 0 0 0 0 0 0 0 0 1 0 0 0 0 0 0 0 0 0 0 0 0 1 0 0 0 0 0 0 0 0 0 0 0 0 0 0
0 0 0 0 0 0 0 0 0 0 0 1 1 0 0 0 0 0 0 0 0 0 0 0 0 0 0 0 0 0 0 0 0 0 0 0 0 0 0 0 0 0 0 0 0 0 0 0 0 0
0 0 0 0 0 0 0 0 0 0 0 0 0 0 0 0 0 0 0 0 0 0 0 0 0 0 0 0 0 0 0 0 0 0 0 0 0 0 0 0 0 0 0 0 0 0 0 0 0 0
0 0 0 0 0 0 0 0 0 0 0 0 0 0 0 0 0 0 0 0 0 0 0 0 0 0 0 0 0 0 0 0 0 0 0 0 0 0 0 0 1 0 1 0 0 0 0 0 0 0
0 0 0 0 0 0 0 0 0 0 0 0 1 0 0 0 0 0 0 0 0 0 0 0 0 0 0 0 0 0 0 0 0 0 0 0 0 1 0 0 0 0 0 0 1 0 0 0 0 0
0 0 0 0 0 0 0 0 0 0 0 0 0 0 0 0 0 0 0 0 1 0 0 0 0 0 0 0 0 0 0 0 0 0 0 0 0 0 0 0 0 0 0 0 0 0 1 1 0 0
0 0 0 0 0 0 0 0 0 0 0 0 0 0 0 0 0 0 0 0 0 0 0 0 0 0 0 0 0 0 0 0 0 0 0 0 0 0 0 0 0 0 0 1 0 0 0 0 0 0
0 0 0 0 1 0 0 0 0 0 0 0 0 0 0 0 0 0 0 0 0 0 0 0 0 0 0 0 0 0 0 0 0 0 0 0 0 0 0 0 1 1 1 0 0 1 1 1 1 0
0 0 0 0 0 0 0 0 0 0 0 0 0 0 0 0 0 0 0 0 0 0 0 0 0 0 0 0 0 0 0 0 0 0 0 0 0 0 0 0 0 0 0 0 0 0 0 1 0 0
0 0 0 0 0 0 0 0 0 0 0 0 0 0 0 0 0 0 0 0 0 0 0 0 0 0 0 0 0 0 0 0 0 0 0 0 0 0 0 0 0 0 0 0 0 0 0 0 0 0
0 0 0 0 0 0 0 0 0 0 0 0 0 0 0 0 0 0 0 0 0 0 0 0 0 0 0 0 0 0 0 0 0 0 0 0 0 1 1 0 0 0 0 0 0 0 0 0 0 0
0 0 0 0 0 0 0 0 0 0 0 0 0 0 0 0 0 0 0 0 0 0 0 0 0 0 0 0 1 1 0 0 0 0 0 0 0 0 0 0 0 0 0 0 0 0 0 0 0 0
0 0 0 0 0 0 0 0 0 0 0 0 0 0 0 0 0 0 0 0 0 0 0 0 0 0 0 0 0 0 0 0 0 0 0 0 0 0 0 0 0 0 0 0 0 0 0 0 0 0
0 0 0 0 0 0 0 0 0 0 0 0 0 0 0 0 0 0 0 0 0 0 0 0 0 0 0 0 0 0 0 0 0 0 0 0 0 0 0 0 0 0 0 0 0 0 0 0 0 0
0 0 0 0 0 0 0 0 0 0 0 0 0 0 0 0 0 0 0 0 0 0 0 0 0 0 0 0 0 0 0 0 0 0 0 0 0 0 0 0 0 0 0 0 0 0 0 0 0 0
0 0 0 0 0 0 0 0 0 0 0 0 0 0 0 0 1 1 0 0 0 0 0 0 0 0 0 0 0 0 0 0 0 0 0 0 0 0 0 0 0 0 0 0 0 0 0 0 0 0
0 1 0 0 0 0 0 0 0 0 0 0 0 0 0 0 0 0 0 0 0 0 0 0 0 0 0 0 0 0 0 0 0 0 0 0 0 0 0 0 0 0 0 0 0 0 0 0 0 0
0 0 0 0 0 0 0 0 0 0 0 0 0 0 0 0 0 0 0 0 0 0 0 0 0 0 0 1 1 0 0 0 0 0 0 0 0 0 0 0 0 0 0 0 0 1 1 0 0 0
0 0 0 0 0 0 0 0 0 0 0 0 1 1 0 0 1 1 1 0 1 0 1 1 1 1 1 1 0 1 1 1 1 1 1 1 1 1 1 1 1 1 1 1 1 0 1 1 1 1
1 1 1 1 1 1 1 1 1 1 1 1 0 1 1 1 1 1 1 1 1 1 1 1 0 0 1 1 1 0 1 1 1 1 1 1 1 1 1 1 1 0 1 1 0 0 1 1 1 0
1 1 1 1 1 1 1 1 1 1 1 1 1 1 1 1 0 1 1 1 1 1 1 1 0 1 1 1 1 1 1 1 1 1 1 1 0 1 1 1 1 1 1 1 1 1 1 1 1 1
1 1 1 1 1 1 1 1 1 1 1 1 1 1 1 1 1 0 0 1 1 1 1 1 1 0 1 1 1 1 1 1 0 1 1 1 1 1 1 1 1 1 1 1 1 1 1 0 0 0
1 1 1 1 1 1 1 1 1 1 1 1 0 1 1 1 1 1 1 1 1 1 1 1 1 1 1 1 1 1 1 1 1 1 0 1 1 1 1 0 0 1 1 1 1 1 1 1 1 1
1 1 1 1 1 1 1 1 1 1 1 1 0 0 1 1 1 1 1 1 1 0 1 0 1 1 1 1 1 1 1 1 1 1 1 1 0 1 1 1 1 1 1 1 1 1 1 1 1 1
1 1 1 1 1 1 1 1 1 0 1 1 1 1 1 1 1 1 1 1 1 1 1 1 1 1 1 1 1 1 1 1 1 1 1 1 1 1 1 1 1 1 1 1 1 1 1 1 1 1
1 1 0 1 1 1 1 1 1 1 1 1 1 1 1 1 1 1 1 1 1 1 1 1 1 1 1 1 1 1 1 1 1 1 1 0 1 1 1 1 0 1 1 1 1 1 1 1 1 1
1 1 1 1 1 1 0 1 1 1 1 1 1 1 1 1 1 1 1 1 1 1 1 1 1 1 1 1 1 1 1 1 1 0 0 1 1 1 1 1 1 1 1 1 1 1 1 1 1 1
1 1 1 1 1 0 1 0 1 1 0 1 1 1 0 1 0 1 
>numMutationCategories:
2
>numSelectionCategories:
2
>categoryProbabilities:
0.675197 0.324803 
>selectionIsInMixture:
***
0 
***
1 
>mutationIsInMixture:
***
0 
***
1 
>currentSynthesisRateLevel:
***
0.330204 1.13425 0.741928 0.530311 1.45041 0.695273 0.97399 0.12337 2.26588 0.220896
0.830001 1.05651 1.18187 0.593254 0.846951 0.332592 0.550353 1.12965 0.146092 0.30906
0.955067 1.01872 0.999948 0.226819 1.43109 0.303852 0.67128 1.85011 0.945977 0.666959
0.816568 0.15283 0.711927 0.467392 0.467805 0.637676 1.20038 0.378663 0.740329 1.69877
1.33949 0.501392 0.602758 0.460251 0.328407 0.646596 0.714761 0.935336 1.10474 0.241738
0.613066 1.04326 0.610897 1.09154 0.53758 1.31724 0.376291 0.249198 0.324268 0.890615
0.694968 0.567583 0.307543 0.970316 0.372037 0.246266 0.556886 0.739936 0.881394 0.341583
2.59641 0.737328 1.01762 1.60622 0.302133 0.401813 0.816484 0.843125 1.95289 2.12774
0.616824 1.3966 2.48023 0.712824 0.319129 0.545626 1.12055 0.545607 0.470201 0.756822
0.277996 1.49606 2.58062 0.204777 2.81985 0.268463 2.31771 0.58436 0.687579 0.705193
0.182767 0.511944 1.45142 0.574279 0.412155 0.288212 0.394581 0.387616 0.990948 0.768724
0.704439 1.04599 0.228197 0.348048 1.78491 5.08024 1.53107 0.678225 0.670089 0.393291
0.16273 0.49358 1.35972 1.24342 0.111645 1.16483 0.684819 0.802449 0.987006 0.603197
0.926219 0.26482 0.477299 0.180174 0.706551 0.498818 4.21807 0.496678 1.07644 2.38358
0.388502 0.27701 1.30195 1.81942 0.0596739 1.46294 2.95652 0.350244 0.48995 0.836426
0.860857 0.236276 1.70118 0.324414 1.64156 0.939033 0.315864 1.32773 1.2507 0.157738
0.463712 0.330165 0.455388 1.20136 0.300009 1.24924 0.648635 6.76271 0.402756 2.3953
1.32439 0.617023 1.23341 0.96539 0.157378 0.566255 0.572608 1.18502 1.29204 1.82992
0.796857 0.332784 0.482149 0.622387 1.02464 0.274909 0.53626 0.53981 0.560923 0.316842
0.770586 1.293 0.64151 3.1629 1.05204 0.399935 0.155933 0.450019 0.650661 0.110411
0.877318 8.24554 1.35086 1.84186 0.568396 0.119164 0.0505206 1.56589 0.432903 0.662376
0.602296 0.662044 0.505103 0.463624 0.569379 0.986076 0.443252 0.563735 0.64881 0.269573
0.537706 0.973643 0.405371 1.158 0.512381 0.618264 0.694041 0.655611 0.64823 0.406495
1.37799 0.851856 0.474752 0.397039 0.364181 0.39685 0.685083 0.832984 0.343512 0.491595
1.23788 1.23526 1.67894 3.31973 1.11152 1.28951 0.148351 1.53517 0.658161 1.27436
0.488544 0.949306 2.13729 0.648798 0.286498 1.51406 6.63318 0.638326 0.44495 1.97636
0.41189 1.4803 1.57048 0.22394 0.627047 0.423047 0.634535 0.275583 0.600284 1.3173
0.469799 0.631469 0.215857 0.360848 0.52573 0.308301 0.453738 0.840926 0.405699 1.52384
0.34448 0.349824 0.695772 1.40699 0.454878 1.39024 7.53546 1.91256 0.331579 0.451403
0.504464 0.381834 1.08892 0.516618 1.31819 0.240811 1.35891 3.65526 0.91487 0.723018
0.714406 0.324195 2.83425 0.672438 0.18711 0.718176 0.837026 0.597391 0.416155 0.304333
0.575368 2.21973 0.490701 0.508718 0.320907 1.24622 0.23211 0.45804 1.01281 0.547824
2.99046 0.554796 0.593285 3.52532 0.453817 2.54113 0.209697 4.56604 0.577297 0.782847
0.389428 0.690484 0.134044 1.78248 6.1897 0.783093 0.564152 1.32131 0.925406 0.528272
0.642414 0.462863 0.626799 0.804872 1.22829 0.526027 0.739085 0.849724 0.243164 0.668917
0.301901 0.554168 1.04623 1.03649 0.526299 0.439648 0.952343 1.00302 0.836895 0.555101
0.79844 1.07416 0.646792 0.284124 0.283405 0.343048 0.776863 0.653531 6.25744 0.479369
0.90728 1.43837 1.03955 2.08017 1.3319 0.599357 1.10306 0.235644 0.773593 0.793452
1.41999 0.111289 0.806969 0.540589 2.82506 0.99107 0.699158 0.535259 0.25647 1.0788
0.224931 0.836583 1.10039 2.24413 0.803183 0.102116 0.231358 0.194059 0.505831 1.06154
0.663134 0.978305 0.708333 2.61412 1.06676 0.539542 0.741085 0.677393 0.26677 0.807151
0.242 2.04136 0.731663 0.695194 1.9822 0.572589 0.633302 0.649452 5.43339 1.08564
1.59311 1.07948 0.881087 0.750521 0.35647 0.666618 0.379478 1.62639 0.434577 1.6292
0.120029 1.13857 0.881917 0.10936 1.65716 1.31785 0.759009 0.669333 4.60526 0.267914
0.61302 0.845734 0.200787 0.0604938 0.484825 0.189461 0.0493308 0.268082 0.149021 0.359548
0.640654 0.803579 0.252076 1.36759 0.2753 1.0538 0.321949 0.848973 2.22965 0.921936
0.334872 0.720524 0.298056 0.433533 0.228471 0.578681 0.810714 0.253342 4.10405 7.97812
1.81372 0.364867 0.118873 0.379682 0.559667 1.32131 0.615025 1.9131 0.311709 0.552522
0.651413 0.386078 4.3945 0.620074 1.1144 0.820777 2.22366 0.786109 0.0742727 0.449324
5.41514 0.362037 1.88802 0.493722 0.279697 0.921735 0.830536 1.60824 4.80709 0.525081
0.354507 0.239665 0.324163 0.228327 0.644682 0.370608 2.16653 0.569688 0.577517 0.387001
0.393258 0.282176 0.397155 0.49909 0.427174 0.472458 2.75244 0.300187 0.232791 0.70563
0.572786 0.0737282 0.220622 2.5624 0.930645 0.971723 0.28398 0.618025 1.23909 2.37498
0.798485 0.242785 0.550326 0.760186 1.00849 0.201607 0.841312 0.706747 0.788555 0.807013
1.26305 0.253237 1.0521 0.387261 0.331863 0.546894 0.65044 1.20598 0.291598 1.24188
0.560628 0.305939 0.167069 0.270235 0.294332 0.575847 0.277277 2.49635 0.170355 0.964958
0.583609 0.32095 0.39125 1.37438 0.462685 0.945084 1.10885 0.422413 0.927147 0.538924
1.37343 0.550181 1.59347 0.510198 0.158685 0.630533 0.477271 0.198891 1.83912 0.335667
0.320902 1.03747 0.216302 0.640606 0.378499 0.707997 1.10966 1.71097 2.04552 1.0295
0.309749 0.254723 0.932408 6.89503 0.829108 0.756728 0.682404 0.906151 0.809915 0.734639
0.577333 0.320845 0.614682 6.01737 0.358776 0.653724 1.94605 0.392274 0.554267 5.59638
0.726536 0.484631 1.38721 1.56594 0.651691 0.887026 1.17491 0.296936 0.728295 0.244578
0.664269 0.952545 0.114352 0.318996 4.9153 0.38006 0.424762 9.34131 0.121069 0.493754
0.143258 1.30505 0.409119 0.859325 3.54872 0.290194 0.230552 0.484704 0.258623 1.19851
0.695809 0.316761 1.81317 0.254533 0.52518 0.334114 0.986747 0.414408 0.76937 0.259434
1.50393 2.63351 0.954707 0.751678 0.961921 0.529019 0.249508 0.718058 2.24819 0.477149
0.689647 0.681655 0.731918 0.389885 0.566687 0.36334 0.798907 0.797737 2.80991 0.242345
0.37798 3.58645 0.978188 7.91007 0.265552 0.888134 0.840421 1.95991 1.58216 1.04103
0.570154 1.67129 0.122372 0.234393 0.780353 0.54638 0.343344 1.3718 0.804108 3.9887
1.8965 2.12314 1.06055 0.332441 0.555504 0.406066 2.12161 0.324252 1.15971 0.780708
1.59731 0.856453 4.80359 2.44384 0.959206 0.246265 0.532621 5.86939 0.4337 0.988549
0.439159 1.78547 0.401861 0.550985 0.727565 0.664868 0.495415 0.795189 1.02463 0.609747
0.534778 0.443238 0.187744 0.269893 2.29972 2.83742 0.270025 0.692088 1.18544 0.357453
0.46108 0.551355 0.392188 0.511414 0.471782 0.721233 0.457145 0.430956 0.673549 0.920028
0.0855944 1.01933 1.90812 0.305217 0.750395 1.38588 0.55344 0.251636 1.37661 2.8488
0.774575 0.655058 0.217139 0.253538 1.28237 0.496481 0.261184 2.20742 0.50962 1.40502
0.510329 0.714065 0.856498 1.31643 0.343601 1.65757 3.67533 0.713101 0.226623 0.0637055
2.51607 0.32337 0.0605719 6.27635 0.587753 1.82389 2.66608 0.495277 1.12229 0.359637
0.543189 0.998856 0.415038 2.80533 0.426926 0.362196 0.213806 0.3855 0.655596 1.19423
0.441912 0.316295 0.48949 0.245281 0.385729 0.616618 0.266933 0.444495 0.566515 0.421233
0.939072 0.324056 0.63493 0.348951 0.380429 0.885646 1.61768 1.14579 0.757572 1.04125
0.922042 0.0955904 6.35058 1.82765 0.589196 0.468115 2.73563 0.550497 0.314244 0.28866
0.869573 0.589475 0.258658 0.329833 0.553744 0.590008 0.633624 0.83995 2.99267 4.91778
8.32349 0.445256 1.03224 0.330305 0.313307 0.214093 0.337395 0.792294 0.158012 0.63924
0.458683 0.452191 0.484418 0.923005 0.803161 0.891813 0.234496 0.652579 0.613469 1.83836
0.677981 1.56839 0.400171 1.48308 0.900349 1.39402 0.0929484 0.116618 1.13498 2.34779
0.785644 0.350823 0.442098 2.53969 0.440384 0.460213 0.145681 0.513449 2.41399 0.461522
0.74997 0.681413 1.40055 0.387955 1.00373 0.690404 0.68454 1.61411 2.3645 2.27174
1.71546 0.949862 1.69818 1.09592 0.287225 8.39831 1.54232 0.79863 0.48107 0.354513
0.38368 0.533512 0.343922 0.659269 0.952795 1.07509 0.465204 0.423445 0.711804 0.623998
0.342324 0.374891 0.0632594 0.328198 0.272431 0.484388 0.429448 0.836558 0.406835 0.401271
0.767499 0.293754 0.432509 3.32427 0.632536 0.697238 0.518106 1.21202 0.47122 0.461233
1.99686 0.557587 0.131144 0.271148 0.997139 0.87134 0.53738 0.323394 2.26547 0.417918
1.17947 0.199403 0.775854 0.500581 1.43089 0.432262 0.413244 0.607833 6.10205 0.264105
0.866735 0.141772 0.24076 0.501918 0.442413 0.495411 2.20056 0.688176 1.74778 0.670233
0.624253 0.832601 0.341422 0.358479 0.518007 0.353246 0.236675 0.632913 0.805154 0.524937
0.570131 0.131033 0.980414 1.7229 0.105815 0.541265 0.331383 1.40175 0.864762 0.944204
0.836017 0.35591 2.05323 0.585906 0.067242 0.346358 0.923993 1.14456 1.54827 0.35355
0.153323 0.598652 0.130459 0.137945 0.193932 1.32352 0.886879 0.224862 0.223195 3.83938
1.39998 0.744767 0.209735 0.329571 0.679989 0.442 0.144127 0.433786 0.890491 0.354583
0.19361 0.93002 0.413066 0.641691 2.61564 0.590991 0.695424 0.298989 0.412601 1.31811
1.78702 0.116671 4.50184 0.985876 0.21736 1.31317 0.347183 0.413206 0.282633 0.532704
1.17014 0.169305 1.05209 1.05225 0.117687 0.181947 0.177374 0.52771 1.58492 0.317378
1.47103 0.516994 0.441845 0.352283 0.2823 0.86212 0.140056 4.16747 0.229155 0.292772
0.389001 6.27746 1.15069 0.114699 0.39493 0.305131 0.353499 1.33059 0.718585 0.152798
0.581173 0.298593 0.329317 0.0963349 0.553513 0.261056 0.268085 0.221789 0.0707117 0.213534
0.465393 0.938654 0.2789 0.223335 0.622563 0.0661569 0.165992 0.126202 0.126373 0.305959
0.24615 0.826489 0.505957 0.842842 0.179847 0.733457 0.161103 0.369835 0.270563 0.13666
0.508442 0.179151 0.43461 0.184618 0.622978 0.0850913 0.394612 0.161478 0.151685 0.266476
0.576428 1.6315 0.190255 0.254303 0.0872357 0.227892 0.173214 0.313637 0.100932 0.0802376
1.57206 0.0712379 0.118847 0.554937 0.57086 0.291688 0.0795265 0.775071 0.106311 0.43056
0.719187 0.434955 0.475325 0.404661 0.367961 2.34893 0.567324 0.235658 0.299611 0.473122
0.102091 0.059493 0.511145 0.133858 0.270931 1.50156 0.144836 0.212259 0.287907 0.111977
0.0380102 0.205302 0.523174 0.362956 0.247255 0.301429 1.013 0.311354 0.143186 0.254833
0.493188 0.825089 0.322784 0.351304 0.129493 0.0308168 0.953043 6.18578 6.67313 5.91563
0.190791 0.21739 0.219017 0.218198 1.71621 0.175119 0.113873 0.359182 0.218489 0.354532
0.260043 0.31594 5.88689 0.285806 0.552501 0.252097 0.13026 0.428478 0.175033 1.0172
1.2516 0.278274 0.258557 0.0535201 1.14241 1.83776 3.17157 0.217829 0.647621 0.054069
0.0842196 0.204905 0.794184 0.433298 0.604058 0.249519 0.247662 0.150129 0.382144 3.22301
3.83207 0.30361 0.0656918 1.96869 2.46528 0.0872265 0.180458 0.281113 0.169276 1.61312
0.964528 0.464188 0.147501 0.176517 0.240055 0.339412 1.39898 0.584791 0.238603 0.245602
0.259705 0.29118 0.517829 0.109109 1.13339 0.359075 1.69217 0.216712 0.56958 0.10216
0.302392 6.00649 0.0808667 5.42867 0.302827 0.213061 0.0713746 0.0962196 1.19078 0.475253
0.180031 0.171526 0.68518 0.854001 0.143418 0.175266 0.243098 0.144315 0.520163 0.102618
0.0986315 0.558738 0.390374 0.265968 0.448709 0.318735 0.923181 0.232008 0.139557 0.240866
0.926022 1.03703 0.28873 0.34567 0.375825 0.732607 0.135815 2.66887 0.117512 0.147967
0.0634232 0.0850679 0.153834 0.387018 0.125829 0.206857 0.710621 0.188044 0.599608 2.51617
0.0755448 2.53881 0.891174 0.131949 0.862375 0.818222 0.250361 0.505964 0.276287 0.0722448
0.0390551 1.15019 0.281395 0.306088 0.114087 0.195993 0.298906 0.345055 0.730459 3.06244
0.13368 0.18448 1.06909 0.136228 0.320216 0.145084 0.45859 0.156777 0.0387149 1.372
0.41319 0.99982 0.516343 2.19451 1.55338 0.54017 0.16985 0.444929 0.187465 0.544848
1.34412 0.545641 0.770479 0.126574 0.255836 0.421282 0.341593 0.110459 0.085126 0.244729
0.343789 0.438057 0.432025 0.133628 0.150128 0.535624 0.114573 0.951043 0.226964 0.579331
0.309006 0.399474 0.370065 0.788045 0.25161 0.371394 0.362895 1.28237 0.2669 0.127313
1.12186 0.439376 0.161247 0.565164 0.715033 0.503522 0.79259 0.0849088 1.36408 0.784678
0.175278 0.255028 0.411732 0.725807 0.326808 0.326895 0.217505 0.201184 0.132831 0.418759
0.790037 1.01524 0.478298 0.245101 0.38492 0.261074 0.312778 0.811032 0.0859647 0.810818
0.671213 0.326347 0.664421 0.276867 0.607912 0.724945 1.36131 0.238148 0.115707 1.37996
0.153166 0.0740854 0.767399 6.46605 13.5475 0.297696 1.28958 0.552731 2.14162 0.893994
0.462709 0.225777 0.854179 0.240498 0.780634 1.60413 0.505445 0.563331 0.600875 0.406611
4.1972 0.497424 0.167843 0.692633 0.660273 0.365366 1.45662 4.8561 0.855237 0.368509
0.398506 0.430211 1.21758 0.604577 0.114692 0.836418 0.245048 0.125463 
***
1.76645 1.95299 2.59348 1.89561 2.86112 2.27363 2.2871 1.8636 3.5435 1.7321
2.58774 2.30064 2.7095 2.16884 2.4537 1.83856 1.99725 2.21963 1.71495 2.33353
2.37999 2.22197 2.21449 1.37763 2.86965 1.75955 1.89078 2.81309 2.62438 2.0275
3.13743 1.18133 1.70539 1.95734 2.029 2.37395 2.49282 1.85147 2.34517 2.37444
2.90413 1.96195 1.66157 1.88686 1.87857 1.54149 2.20265 1.86227 2.02581 1.7966
2.11038 2.37251 2.27645 2.10686 1.23405 2.46216 1.41852 1.54862 1.69638 2.29989
2.17175 1.87847 1.19103 2.20805 2.14213 1.54167 2.566 2.08064 2.65624 2.19496
3.66017 2.21464 2.327 2.37915 1.41807 1.99566 1.67782 2.07134 3.02745 2.90778
1.90596 2.96574 3.49282 1.94225 1.61421 1.25086 1.89258 1.98008 1.8102 2.14897
2.28437 2.26696 3.26252 1.93472 3.11983 1.55213 2.16993 1.87221 2.45502 2.10694
1.89965 2.1742 2.2274 1.63414 1.5795 1.37348 1.62719 1.89875 2.63675 2.00844
1.85232 1.84883 0.820181 1.5706 3.29974 6.00406 2.88309 2.09296 2.01354 1.57044
1.62356 1.98045 2.40872 2.3418 1.80614 2.6448 1.6748 2.22565 2.22358 2.13586
2.43752 1.76722 1.74368 1.78019 2.1149 1.93904 4.35086 2.06426 2.6744 3.65858
2.01406 1.55379 2.56914 3.1006 1.62604 2.48611 3.83304 1.50451 1.55279 1.73352
1.84261 1.63667 3.03707 1.62175 3.35174 2.27895 1.98906 1.74998 2.42535 1.7749
1.92846 1.95168 1.8459 2.15271 1.99837 2.50701 1.72053 4.09299 1.78924 4.41353
2.77153 2.31386 2.64932 2.41049 2.05005 2.21874 2.28606 2.37874 2.6016 2.80637
2.21067 2.00853 2.02821 2.18409 2.57702 2.01519 2.10092 2.25964 1.5333 1.7769
1.87719 2.55413 1.90908 3.23375 2.4021 1.61135 1.19605 1.71153 1.99343 1.40162
2.12591 5.38744 2.34361 3.2143 1.99291 1.16197 1.21767 3.13989 1.40938 2.23753
2.4899 2.01231 1.87092 1.90269 2.4936 2.34931 1.82082 2.01561 2.11424 2.13525
2.30265 2.24881 1.6478 3.12966 2.03638 1.90637 1.65934 2.45067 2.11811 1.94986
1.68494 2.26203 2.0997 1.95127 1.80082 1.75723 2.12476 2.76831 1.44372 2.17258
1.49375 2.72302 1.97359 4.26897 2.24777 2.79362 1.67008 3.06125 2.0858 2.87168
1.89702 2.29122 2.52611 2.44642 1.92568 2.53438 5.32608 1.73887 1.37 2.42921
1.51887 2.26265 2.25408 1.62549 2.14083 2.37749 1.90359 1.68089 2.28352 2.1121
1.18755 2.31674 2.02973 2.50803 1.99065 2.05249 1.80358 1.9897 1.98965 2.32792
2.02446 1.87273 2.19376 2.89692 1.67246 2.33651 4.65798 2.35455 2.02921 2.06138
2.15558 1.73506 2.31883 1.81804 1.70279 1.62336 2.20554 3.76411 2.05152 2.04197
1.49984 2.04483 3.49317 1.80219 1.77015 2.23633 2.20666 2.13995 1.73711 1.94656
1.81312 3.23718 1.90042 1.66013 1.75809 2.42001 1.88336 2.01559 2.27514 1.98456
3.53377 2.01298 1.86862 3.74246 1.40499 4.13791 1.95216 4.57747 1.80377 2.36699
2.04196 2.01142 1.57581 3.1978 4.14246 2.62818 1.97312 2.63617 1.90563 1.38829
1.79067 1.40416 2.16222 1.8957 2.35811 2.44088 1.21353 1.94341 2.15666 1.94148
2.12926 2.11887 1.9558 2.00514 2.22437 2.07848 2.34004 2.26062 2.09193 1.90764
2.26209 2.87773 2.18517 1.82671 2.50094 1.8503 2.15808 2.20183 5.03285 2.27733
2.09442 2.24568 2.38036 2.66579 3.19325 2.14979 2.29616 1.79714 2.90192 2.10621
2.64124 1.61564 2.14386 2.18019 4.11442 1.99269 1.67277 1.89293 1.40504 2.43964
1.58254 2.32439 1.81851 2.77963 1.91828 1.49628 1.31847 1.13376 1.67691 2.31838
1.60333 2.57914 2.22363 3.22502 1.54699 1.66702 2.12044 1.73868 1.68263 1.8537
1.26237 3.03909 2.16909 2.13681 2.67583 1.6731 2.03077 2.50292 5.15533 2.12405
2.78539 2.44699 3.33026 1.79377 1.77915 2.26816 2.23502 2.60023 1.90826 2.86669
1.46919 2.25761 2.01391 1.31742 2.79936 2.65377 2.20645 2.07104 4.10084 2.02943
1.33129 1.4075 0.848791 0.916076 1.43294 0.453668 0.330739 0.730174 1.24695 1.60184
2.18195 1.63175 1.59262 3.02366 1.99304 2.73955 1.75542 2.27887 3.68487 2.75448
1.84898 2.16004 1.93273 1.75482 1.63731 2.11867 1.75025 1.59193 3.69355 5.58257
2.40982 1.57093 1.69288 2.08437 2.1023 3.08986 1.97924 3.43099 2.37317 2.04181
2.27451 1.83655 5.97941 1.68479 2.28015 1.92569 3.53222 2.45695 1.70123 2.67025
3.78586 1.93767 2.98133 2.11726 1.91714 1.92657 1.80772 2.0268 4.17689 1.32756
1.68524 1.37378 1.53273 0.626453 1.58313 2.29519 2.98732 2.12804 1.89088 1.77177
1.87925 1.90009 1.99123 1.66054 1.93175 2.23121 3.41608 1.81206 1.10557 2.13598
1.67574 1.59348 1.72638 3.27149 2.4497 2.41341 2.20992 2.10698 2.51329 3.29731
1.86564 1.66764 2.10583 1.82678 2.26198 1.76251 2.33232 1.81697 2.26805 2.33248
2.85564 2.18102 2.65302 1.89487 1.97532 2.0996 2.34237 2.48673 1.66693 2.6955
2.43193 1.64232 1.28079 1.54191 1.90671 2.16259 1.9348 4.38419 1.78758 2.46253
1.84958 1.72584 2.24137 2.47422 2.23717 2.68389 2.5501 1.58023 2.6699 1.89356
2.55598 1.88717 3.02957 2.03848 1.95367 2.02475 1.67381 1.52047 2.67038 1.83782
2.06222 2.27528 0.56523 1.73754 1.62377 2.16754 2.48486 2.11749 1.83924 1.87766
1.83365 1.51252 2.41182 4.19771 2.22217 2.43601 2.17832 2.34092 2.11485 2.05848
2.05586 2.1877 1.75747 4.77316 1.79395 1.61605 3.45127 1.93458 2.33593 3.89808
2.064 1.68589 2.5024 4.06961 2.22407 2.63556 2.12351 1.60294 2.04587 2.05152
2.0167 1.94941 1.50992 1.20519 3.68666 1.56421 1.95668 5.52436 1.12159 1.29028
1.28262 2.25035 1.64419 1.9519 3.55856 1.55358 1.59099 2.22694 1.30866 2.57621
2.08915 1.8454 2.96701 2.4055 2.02053 1.99131 2.64544 2.25315 2.19967 2.03953
2.74334 3.07956 1.94187 2.03819 2.19958 1.23869 1.23949 2.02756 2.86926 1.99253
2.61165 2.08189 1.75156 2.00941 1.81238 1.55844 2.03565 2.6851 3.17236 1.80709
2.1248 3.88496 2.01556 5.10934 1.64597 2.11147 1.96065 3.11323 2.54319 2.3694
1.98912 2.80142 1.47418 1.73195 2.38298 2.10263 1.94964 2.65632 1.77275 4.14615
2.99287 3.3996 2.67691 1.96753 2.02363 2.0116 3.35315 1.41142 2.59496 1.93553
2.80663 2.77745 5.75234 2.88184 1.84501 1.06437 1.81472 4.67766 1.36561 1.95542
1.81468 2.10003 1.90934 2.31186 2.03144 2.29093 1.95417 2.12541 2.30701 2.34965
2.33775 1.84497 1.9834 1.30783 3.2731 3.43939 0.300664 1.55712 2.60996 1.64826
2.26613 2.09825 2.17344 2.0503 1.81677 1.96879 1.65706 1.92785 1.92902 1.88151
1.52027 2.22632 2.61694 2.04777 2.40997 2.29775 1.98333 1.57957 2.40024 3.89207
1.72022 2.05123 2.07902 1.83785 2.34248 2.10871 2.0819 3.35736 1.97089 2.31486
2.00903 2.44585 1.95739 2.70409 1.8706 2.34523 3.82187 1.8298 1.13844 1.09116
3.64778 2.13168 0.98737 4.60531 2.0702 3.20316 3.50233 2.98559 1.75733 1.9962
2.14286 2.57924 2.17972 4.61679 1.49975 1.80305 1.768 2.15177 2.06389 2.28551
1.50415 1.51831 1.87892 1.55132 1.98524 2.03896 1.85084 2.12647 1.90019 0.93928
2.34488 1.80326 2.11167 1.89054 2.16388 2.74157 3.36352 2.35015 1.75199 2.1117
1.93712 1.25738 5.09686 2.87967 2.04907 1.85908 2.77772 1.3468 1.44462 1.81904
2.08502 1.61684 1.32896 1.91678 2.23602 1.88937 2.1503 1.86985 4.10825 5.77597
5.64563 2.26259 2.19684 1.55639 2.31785 1.57923 1.98591 2.58244 1.73221 1.9832
1.96771 1.99025 1.978 2.00615 2.2587 1.97976 1.41672 2.17198 1.83003 2.91454
2.13092 2.12223 1.76109 2.65233 2.31452 2.93339 1.78935 2.08014 2.63213 2.30832
2.1335 2.20818 1.89356 3.14499 1.53578 2.08812 2.14283 2.07235 3.21958 1.92454
1.61449 1.92285 1.6932 1.93243 2.31842 1.93945 2.12876 2.26838 3.5174 3.76373
3.66121 2.24843 2.00903 1.32315 1.84505 5.16691 2.37221 1.81915 2.11683 1.80737
2.01187 1.79806 2.01498 1.79944 2.19038 2.45748 2.12278 1.60239 1.99099 1.73088
1.03698 1.7265 1.70287 1.5963 0.335932 2.1144 1.24924 2.06706 1.94453 1.68736
2.11946 2.03844 2.22989 3.3345 1.92952 2.41729 2.05828 2.22678 1.82665 1.68594
3.2146 2.36376 1.35161 1.762 2.20381 2.3966 1.56385 0.817174 2.23082 2.39768
2.23857 1.3782 1.94179 1.80327 2.26916 1.87443 1.80405 1.90517 4.45226 1.41997
2.09489 2.48636 2.03389 2.34092 1.93875 1.06183 3.22416 1.89884 3.41226 2.36109
2.27675 2.15149 1.69124 1.5917 2.03694 1.5491 1.61271 1.91525 1.15127 1.5891
1.94143 0.784899 1.26017 1.54491 0.654979 1.33132 0.861157 1.93507 1.42087 2.14007
1.69564 1.10673 2.59011 1.3546 0.334201 1.23889 1.3373 1.45822 2.46699 0.55238
0.992232 1.41875 0.378038 0.892969 0.646146 1.33687 0.948456 0.724161 0.854006 2.83621
1.47294 0.572408 0.500856 0.84876 0.886231 0.977454 0.525601 1.09423 0.978129 0.684471
0.275739 1.50214 1.00406 1.02639 2.27227 0.851199 0.817436 0.500683 0.616119 1.47874
2.32688 0.251736 3.25021 1.98933 0.659765 0.840005 0.213599 0.71061 0.300146 1.17622
1.00516 0.779686 1.40829 1.63765 1.09918 0.77053 0.531167 1.12806 1.6087 1.15043
1.35525 0.847816 0.656968 0.85703 1.35758 0.733005 0.520989 3.19441 0.757172 0.56855
1.08212 4.5528 1.41599 0.568076 1.17927 1.46049 0.976463 1.31539 0.956952 1.16516
0.799389 0.357871 0.744964 0.433225 0.741151 0.62312 0.514715 0.631556 0.185304 0.175241
0.754833 0.877806 0.390922 0.407964 0.814257 0.842132 1.65211 0.178027 0.152027 0.216351
0.627048 1.05489 1.10946 0.674703 0.953566 0.787678 0.123647 0.430075 1.03809 0.258244
0.907781 0.260101 0.494405 0.324406 0.216858 0.0493044 1.07382 0.53314 0.170717 0.777665
0.101939 1.71128 0.925843 0.719437 0.401716 0.110781 0.109138 0.207773 0.160998 0.270726
1.69999 0.431243 0.528158 1.09684 1.06069 0.198527 0.539101 0.588351 0.157801 0.477667
0.392697 0.420159 1.00291 0.967685 0.480965 3.04084 0.84007 1.82952 1.68438 0.366624
0.352249 0.139132 0.57493 0.26759 1.06526 2.44686 0.970655 0.152575 0.560326 0.163632
0.104382 0.669177 1.54667 0.51098 0.79726 0.687547 0.994626 0.315859 0.398503 0.920398
0.518398 1.1264 0.720376 0.31888 0.127391 0.0944981 0.884479 4.94903 4.14141 3.89151
0.343125 0.103002 0.445983 0.733624 1.91535 0.432796 0.196071 0.68263 0.318376 0.794226
0.909286 0.715614 5.14126 0.258101 1.116 0.43574 0.849545 0.613134 0.148088 1.55257
1.47762 0.949219 0.241121 0.0119077 1.31085 1.69324 2.67192 0.434217 0.983538 0.338918
0.317771 0.702457 0.832966 0.403601 0.68416 0.55485 0.266993 0.386818 0.575584 3.57066
3.53881 0.80675 0.912126 2.18842 2.14089 0.72767 0.724148 0.164895 0.251722 1.43266
1.07269 1.05299 0.141953 0.238333 0.303542 0.376045 0.631469 0.561176 0.268413 0.563266
0.522382 0.742236 1.46581 0.84251 0.937155 0.210879 2.13491 0.353828 1.04735 0.0947735
0.648395 3.42436 0.566592 3.49245 0.36909 0.121768 0.103793 0.0981883 1.80469 0.735718
0.104949 0.44008 0.800066 0.695717 0.351533 0.4433 1.34581 0.74656 0.526985 0.275313
0.308161 0.383054 0.693155 0.705033 1.23521 0.594906 0.976795 0.618346 0.0810419 0.719092
1.32074 0.792745 0.531613 0.606348 0.172222 1.12744 0.291862 2.67391 0.146086 1.23764
0.982769 0.317477 0.505907 0.456039 0.494667 0.141072 0.412437 0.188038 0.570493 2.85535
0.455732 2.51699 0.601146 0.0467531 1.1113 0.732861 0.206093 0.69429 0.380164 0.111173
0.22985 1.00204 0.822467 0.321133 0.266797 0.4187 0.257939 0.547365 1.03113 3.0923
0.480033 1.06094 1.61361 0.500866 0.188116 0.163156 0.814713 0.325828 0.365964 1.47327
0.412917 1.46222 1.64182 3.18521 3.34018 0.704951 1.04051 1.17913 0.48135 1.00571
1.88614 1.11807 1.40828 0.133362 0.499564 0.891852 0.270445 0.459868 0.294739 0.418351
0.584517 0.666566 0.421251 0.862682 0.642543 0.607071 0.365894 0.6904 0.633415 0.492521
0.531596 1.09434 0.399633 0.813863 0.440941 1.2739 0.965884 1.50088 1.08757 0.543121
1.84686 0.774834 0.845068 0.365985 0.891203 0.574953 1.6382 0.412645 0.957541 1.11633
0.579486 0.838601 0.901344 0.829473 1.2786 0.533505 1.18155 0.48298 0.82401 0.414905
1.12785 0.917127 0.217373 0.492791 0.6731 0.64609 0.466581 0.169171 0.255503 1.13663
1.2401 0.170054 0.828316 0.494534 1.06552 0.891275 1.94794 1.10694 0.720204 1.66108
0.361504 0.783189 0.795719 3.7721 4.38083 0.728428 1.39668 1.03609 2.19969 1.36043
0.948312 0.345241 0.902551 0.730761 0.921679 1.7088 0.725391 0.528327 1.20273 0.733748
3.12521 0.338905 0.750745 1.32034 1.20019 0.871194 2.0208 4.39614 1.26088 1.34172
1.22362 1.24297 1.4875 0.899198 1.23405 1.33722 1.08852 0.394083 
>covarianceMatrix:
A
0.00241785	0	0	0	0	0	0	0	0	0	0	0	
0	0.00241785	0	0	0	0	0	0	0	0	0	0	
0	0	0.00241785	0	0	0	0	0	0	0	0	0	
0	0	0	0.00241785	0	0	0	0	0	0	0	0	
0	0	0	0	0.00241785	0	0	0	0	0	0	0	
0	0	0	0	0	0.00241785	0	0	0	0	0	0	
0	0	0	0	0	0	0.00241785	0	0	0	0	0	
0	0	0	0	0	0	0	0.00241785	0	0	0	0	
0	0	0	0	0	0	0	0	0.00241785	0	0	0	
0	0	0	0	0	0	0	0	0	0.00241785	0	0	
0	0	0	0	0	0	0	0	0	0	0.00241785	0	
0	0	0	0	0	0	0	0	0	0	0	0.00241785	
***
>covarianceMatrix:
C
0.134218	0	0	0	
0	0.134218	0	0	
0	0	0.134218	0	
0	0	0	0.134218	
***
>covarianceMatrix:
D
0.134218	0	0	0	
0	0.134218	0	0	
0	0	0.134218	0	
0	0	0	0.134218	
***
>covarianceMatrix:
E
0.134218	0	0	0	
0	0.134218	0	0	
0	0	0.134218	0	
0	0	0	0.134218	
***
>covarianceMatrix:
F
0.134218	0	0	0	
0	0.134218	0	0	
0	0	0.134218	0	
0	0	0	0.134218	
***
>covarianceMatrix:
G
0.00241785	0	0	0	0	0	0	0	0	0	0	0	
0	0.00241785	0	0	0	0	0	0	0	0	0	0	
0	0	0.00241785	0	0	0	0	0	0	0	0	0	
0	0	0	0.00241785	0	0	0	0	0	0	0	0	
0	0	0	0	0.00241785	0	0	0	0	0	0	0	
0	0	0	0	0	0.00241785	0	0	0	0	0	0	
0	0	0	0	0	0	0.00241785	0	0	0	0	0	
0	0	0	0	0	0	0	0.00241785	0	0	0	0	
0	0	0	0	0	0	0	0	0.00241785	0	0	0	
0	0	0	0	0	0	0	0	0	0.00241785	0	0	
0	0	0	0	0	0	0	0	0	0	0.00241785	0	
0	0	0	0	0	0	0	0	0	0	0	0.00241785	
***
>covarianceMatrix:
H
0.134218	0	0	0	
0	0.134218	0	0	
0	0	0.134218	0	
0	0	0	0.134218	
***
>covarianceMatrix:
I
0.0180144	0	0	0	0	0	0	0	
0	0.0180144	0	0	0	0	0	0	
0	0	0.0180144	0	0	0	0	0	
0	0	0	0.0180144	0	0	0	0	
0	0	0	0	0.0180144	0	0	0	
0	0	0	0	0	0.0180144	0	0	
0	0	0	0	0	0	0.0180144	0	
0	0	0	0	0	0	0	0.0180144	
***
>covarianceMatrix:
K
0.134218	0	0	0	
0	0.134218	0	0	
0	0	0.134218	0	
0	0	0	0.134218	
***
>covarianceMatrix:
L
4.35561e-05	0	0	0	0	0	0	0	0	0	0	0	0	0	0	0	0	0	0	0	
0	4.35561e-05	0	0	0	0	0	0	0	0	0	0	0	0	0	0	0	0	0	0	
0	0	4.35561e-05	0	0	0	0	0	0	0	0	0	0	0	0	0	0	0	0	0	
0	0	0	4.35561e-05	0	0	0	0	0	0	0	0	0	0	0	0	0	0	0	0	
0	0	0	0	4.35561e-05	0	0	0	0	0	0	0	0	0	0	0	0	0	0	0	
0	0	0	0	0	4.35561e-05	0	0	0	0	0	0	0	0	0	0	0	0	0	0	
0	0	0	0	0	0	4.35561e-05	0	0	0	0	0	0	0	0	0	0	0	0	0	
0	0	0	0	0	0	0	4.35561e-05	0	0	0	0	0	0	0	0	0	0	0	0	
0	0	0	0	0	0	0	0	4.35561e-05	0	0	0	0	0	0	0	0	0	0	0	
0	0	0	0	0	0	0	0	0	4.35561e-05	0	0	0	0	0	0	0	0	0	0	
0	0	0	0	0	0	0	0	0	0	4.35561e-05	0	0	0	0	0	0	0	0	0	
0	0	0	0	0	0	0	0	0	0	0	4.35561e-05	0	0	0	0	0	0	0	0	
0	0	0	0	0	0	0	0	0	0	0	0	4.35561e-05	0	0	0	0	0	0	0	
0	0	0	0	0	0	0	0	0	0	0	0	0	4.35561e-05	0	0	0	0	0	0	
0	0	0	0	0	0	0	0	0	0	0	0	0	0	4.35561e-05	0	0	0	0	0	
0	0	0	0	0	0	0	0	0	0	0	0	0	0	0	4.35561e-05	0	0	0	0	
0	0	0	0	0	0	0	0	0	0	0	0	0	0	0	0	4.35561e-05	0	0	0	
0	0	0	0	0	0	0	0	0	0	0	0	0	0	0	0	0	4.35561e-05	0	0	
0	0	0	0	0	0	0	0	0	0	0	0	0	0	0	0	0	0	4.35561e-05	0	
0	0	0	0	0	0	0	0	0	0	0	0	0	0	0	0	0	0	0	4.35561e-05	
***
>covarianceMatrix:
M

***
>covarianceMatrix:
N
0.134218	0	0	0	
0	0.134218	0	0	
0	0	0.134218	0	
0	0	0	0.134218	
***
>covarianceMatrix:
P
0.00241785	0	0	0	0	0	0	0	0	0	0	0	
0	0.00241785	0	0	0	0	0	0	0	0	0	0	
0	0	0.00241785	0	0	0	0	0	0	0	0	0	
0	0	0	0.00241785	0	0	0	0	0	0	0	0	
0	0	0	0	0.00241785	0	0	0	0	0	0	0	
0	0	0	0	0	0.00241785	0	0	0	0	0	0	
0	0	0	0	0	0	0.00241785	0	0	0	0	0	
0	0	0	0	0	0	0	0.00241785	0	0	0	0	
0	0	0	0	0	0	0	0	0.00241785	0	0	0	
0	0	0	0	0	0	0	0	0	0.00241785	0	0	
0	0	0	0	0	0	0	0	0	0	0.00241785	0	
0	0	0	0	0	0	0	0	0	0	0	0.00241785	
***
>covarianceMatrix:
Q
0.134218	0	0	0	
0	0.134218	0	0	
0	0	0.134218	0	
0	0	0	0.134218	
***
>covarianceMatrix:
R
0.000132923	0	0	0	0	0	0	0	0	0	0	0	0	0	0	0	0	0	0	0	
0	0.000132923	0	0	0	0	0	0	0	0	0	0	0	0	0	0	0	0	0	0	
0	0	0.000132923	0	0	0	0	0	0	0	0	0	0	0	0	0	0	0	0	0	
0	0	0	0.000132923	0	0	0	0	0	0	0	0	0	0	0	0	0	0	0	0	
0	0	0	0	0.000132923	0	0	0	0	0	0	0	0	0	0	0	0	0	0	0	
0	0	0	0	0	0.000132923	0	0	0	0	0	0	0	0	0	0	0	0	0	0	
0	0	0	0	0	0	0.000132923	0	0	0	0	0	0	0	0	0	0	0	0	0	
0	0	0	0	0	0	0	0.000132923	0	0	0	0	0	0	0	0	0	0	0	0	
0	0	0	0	0	0	0	0	0.000132923	0	0	0	0	0	0	0	0	0	0	0	
0	0	0	0	0	0	0	0	0	0.000132923	0	0	0	0	0	0	0	0	0	0	
0	0	0	0	0	0	0	0	0	0	0.000132923	0	0	0	0	0	0	0	0	0	
0	0	0	0	0	0	0	0	0	0	0	0.000132923	0	0	0	0	0	0	0	0	
0	0	0	0	0	0	0	0	0	0	0	0	0.000132923	0	0	0	0	0	0	0	
0	0	0	0	0	0	0	0	0	0	0	0	0	0.000132923	0	0	0	0	0	0	
0	0	0	0	0	0	0	0	0	0	0	0	0	0	0.000132923	0	0	0	0	0	
0	0	0	0	0	0	0	0	0	0	0	0	0	0	0	0.000132923	0	0	0	0	
0	0	0	0	0	0	0	0	0	0	0	0	0	0	0	0	0.000132923	0	0	0	
0	0	0	0	0	0	0	0	0	0	0	0	0	0	0	0	0	0.000132923	0	0	
0	0	0	0	0	0	0	0	0	0	0	0	0	0	0	0	0	0	0.000132923	0	
0	0	0	0	0	0	0	0	0	0	0	0	0	0	0	0	0	0	0	0.000132923	
***
>covarianceMatrix:
S
0.00241785	0	0	0	0	0	0	0	0	0	0	0	
0	0.00241785	0	0	0	0	0	0	0	0	0	0	
0	0	0.00241785	0	0	0	0	0	0	0	0	0	
0	0	0	0.00241785	0	0	0	0	0	0	0	0	
0	0	0	0	0.00241785	0	0	0	0	0	0	0	
0	0	0	0	0	0.00241785	0	0	0	0	0	0	
0	0	0	0	0	0	0.00241785	0	0	0	0	0	
0	0	0	0	0	0	0	0.00241785	0	0	0	0	
0	0	0	0	0	0	0	0	0.00241785	0	0	0	
0	0	0	0	0	0	0	0	0	0.00241785	0	0	
0	0	0	0	0	0	0	0	0	0	0.00241785	0	
0	0	0	0	0	0	0	0	0	0	0	0.00241785	
***
>covarianceMatrix:
T
0.00241785	0	0	0	0	0	0	0	0	0	0	0	
0	0.00241785	0	0	0	0	0	0	0	0	0	0	
0	0	0.00241785	0	0	0	0	0	0	0	0	0	
0	0	0	0.00241785	0	0	0	0	0	0	0	0	
0	0	0	0	0.00241785	0	0	0	0	0	0	0	
0	0	0	0	0	0.00241785	0	0	0	0	0	0	
0	0	0	0	0	0	0.00241785	0	0	0	0	0	
0	0	0	0	0	0	0	0.00241785	0	0	0	0	
0	0	0	0	0	0	0	0	0.00241785	0	0	0	
0	0	0	0	0	0	0	0	0	0.00241785	0	0	
0	0	0	0	0	0	0	0	0	0	0.00241785	0	
0	0	0	0	0	0	0	0	0	0	0	0.00241785	
***
>covarianceMatrix:
V
0.00241785	0	0	0	0	0	0	0	0	0	0	0	
0	0.00241785	0	0	0	0	0	0	0	0	0	0	
0	0	0.00241785	0	0	0	0	0	0	0	0	0	
0	0	0	0.00241785	0	0	0	0	0	0	0	0	
0	0	0	0	0.00241785	0	0	0	0	0	0	0	
0	0	0	0	0	0.00241785	0	0	0	0	0	0	
0	0	0	0	0	0	0.00241785	0	0	0	0	0	
0	0	0	0	0	0	0	0.00241785	0	0	0	0	
0	0	0	0	0	0	0	0	0.00241785	0	0	0	
0	0	0	0	0	0	0	0	0	0.00241785	0	0	
0	0	0	0	0	0	0	0	0	0	0.00241785	0	
0	0	0	0	0	0	0	0	0	0	0	0.00241785	
***
>covarianceMatrix:
W

***
>covarianceMatrix:
Y
0.134218	0	0	0	
0	0.134218	0	0	
0	0	0.134218	0	
0	0	0	0.134218	
***
>covarianceMatrix:
Z
0.134218	0	0	0	
0	0.134218	0	0	
0	0	0.134218	0	
0	0	0	0.134218	
***
>covarianceMatrix:
X
1	0	0	0	0	0	0	0	
0	1	0	0	0	0	0	0	
0	0	1	0	0	0	0	0	
0	0	0	1	0	0	0	0	
0	0	0	0	1	0	0	0	
0	0	0	0	0	1	0	0	
0	0	0	0	0	0	1	0	
0	0	0	0	0	0	0	1	
***
>std_csp:
0.0134218 0.0134218 0.0134218 0.0134218 0.0134218 0.0134218 0.0134218 0.0134218 0.0134218 0.0134218
0.0134218 0.0134218 0.0134218 0.0134218 0.0134218 0.0134218 0.0134218 0.0134218 0.0134218 0.0134218
0.0134218 0.0134218 0.0134218 0.0134218 0.0167772 0.0167772 0.0167772 0.0167772 0.0167772 0.0134218
0.0134218 0.0134218 0.0134218 0.0134218 0.0134218 0.0134218 0.0134218 0.0134218 0.0134218 0.0134218
>currentMutationParameter:
***
-0.351206 0.37804 0.482376 0.134305 0.58758 -0.287149 0.67819 -0.0882732 0.112046 0.308621
0.412653 -0.17967 0.374825 -0.525579 0.42898 0.818921 0.414089 0.404748 0.0247489 0.355606
-0.110294 0.361232 0.363421 -0.28412 -0.90098 -0.748085 -0.240918 0.430395 0.146795 0.0524237
0.582693 0.51461 -0.320355 0.299105 0.31678 0.00969851 0.568325 0.19753 0.164234 0.18292
***
-0.878969 -1.16534 -1.30966 -1.44518 -1.52702 1.1841 0.135267 0.0490975 -1.70883 -0.786879
-1.37266 0.362823 -1.09341 1.06691 0.607483 -0.562645 -1.74315 0.422283 2.28669 -1.88395
-0.610523 -1.32272 -1.65384 1.53804 -0.889808 -1.44211 0.281308 -1.25183 -1.39814 0.450949
-0.762517 -1.22279 -0.934845 -1.49188 -1.66208 0.830381 -0.551901 -1.39379 -1.65497 -1.68175
>currentSelectionParameter:
***
0.683676 0.0264842 0.991072 0.543128 -0.216898 -0.445497 -0.360526 1.24613 0.544507 1.31197
-0.253749 1.36071 -0.14625 0.431391 0.389973 1.30547 0.703048 0.915189 0.485318 -0.563987
-0.35694 0.458588 0.634948 -0.428276 -0.0325824 0.649685 2.45029 0.652801 1.9415 0.791758
-0.051229 0.79591 0.734002 -0.0875476 0.869535 1.03039 -0.0513891 0.679159 -0.394585 0.0316733
***
0.728302 0.291632 1.27976 0.946417 0.257104 -0.706457 -0.106153 0.792277 0.977489 1.38051
0.087766 0.366362 0.0772738 -0.259157 0.35758 1.20509 1.31358 0.629007 0.083336 0.160379
0.160475 0.979147 1.39923 -0.796638 -0.0729469 0.696827 0.859069 0.803154 1.80123 0.42633
0.216625 1.13908 0.755903 0.30697 1.27585 0.334893 0.0720326 0.859539 0.0306561 0.635151
