>Sphi:
1.63363
>Aphi:
6.95323e-310
>numParam:
40
>numMixtures:
2
>std_sphi:
0.08
>std_phi:
***
0.12 0.12 0.12 0.12 0.12 0.12 0.12 0.12 0.12 0.12
0.12 0.12 0.12 0.12 0.12 0.12 0.12 0.12 0.12 0.12
0.12 0.12 0.12 0.12 0.12 0.12 0.12 0.12 0.12 0.12
0.12 0.12 0.12 0.12 0.12 0.12 0.12 0.12 0.12 0.12
0.12 0.12 0.12 0.12 0.12 0.12 0.12 0.12 0.12 0.12
0.12 0.12 0.12 0.12 0.12 0.12 0.12 0.12 0.12 0.12
0.12 0.12 0.12 0.12 0.12 0.12 0.12 0.12 0.12 0.12
0.12 0.12 0.12 0.12 0.12 0.12 0.12 0.12 0.12 0.12
0.12 0.12 0.12 0.12 0.12 0.12 0.12 0.12 0.12 0.12
0.12 0.12 0.12 0.12 0.12 0.12 0.12 0.12 0.12 0.12
0.12 0.12 0.12 0.12 0.12 0.12 0.12 0.12 0.12 0.12
0.12 0.12 0.12 0.12 0.12 0.12 0.12 0.12 0.12 0.12
0.12 0.12 0.12 0.12 0.12 0.12 0.12 0.12 0.12 0.12
0.12 0.12 0.12 0.12 0.12 0.12 0.12 0.12 0.12 0.12
0.12 0.12 0.12 0.12 0.12 0.12 0.12 0.12 0.12 0.12
0.12 0.12 0.12 0.12 0.12 0.12 0.12 0.12 0.12 0.12
0.12 0.12 0.12 0.12 0.12 0.12 0.12 0.12 0.12 0.12
0.12 0.12 0.12 0.12 0.12 0.12 0.12 0.12 0.12 0.12
0.12 0.12 0.12 0.12 0.12 0.12 0.12 0.12 0.12 0.12
0.12 0.12 0.12 0.12 0.12 0.12 0.12 0.12 0.12 0.12
0.12 0.12 0.12 0.12 0.12 0.12 0.12 0.12 0.12 0.12
0.12 0.12 0.12 0.12 0.12 0.12 0.12 0.12 0.12 0.12
0.12 0.12 0.12 0.12 0.12 0.12 0.12 0.12 0.12 0.12
0.12 0.12 0.12 0.12 0.12 0.12 0.12 0.12 0.12 0.12
0.12 0.12 0.12 0.12 0.12 0.12 0.12 0.12 0.12 0.12
0.12 0.12 0.12 0.12 0.12 0.12 0.12 0.12 0.12 0.12
0.12 0.12 0.12 0.12 0.12 0.12 0.12 0.12 0.12 0.12
0.12 0.12 0.12 0.12 0.12 0.12 0.12 0.12 0.12 0.12
0.12 0.12 0.12 0.12 0.12 0.12 0.12 0.12 0.12 0.12
0.12 0.12 0.12 0.12 0.12 0.12 0.12 0.12 0.12 0.12
0.12 0.12 0.12 0.12 0.12 0.12 0.12 0.12 0.12 0.12
0.12 0.12 0.12 0.12 0.12 0.12 0.12 0.12 0.12 0.12
0.12 0.12 0.12 0.12 0.12 0.12 0.12 0.12 0.12 0.12
0.12 0.12 0.12 0.12 0.12 0.12 0.12 0.12 0.12 0.12
0.12 0.12 0.12 0.12 0.12 0.12 0.12 0.12 0.12 0.12
0.12 0.12 0.12 0.12 0.12 0.12 0.12 0.12 0.12 0.12
0.12 0.12 0.12 0.12 0.12 0.12 0.12 0.12 0.12 0.12
0.12 0.12 0.12 0.12 0.12 0.12 0.12 0.12 0.12 0.12
0.12 0.12 0.12 0.12 0.12 0.12 0.12 0.12 0.12 0.12
0.12 0.12 0.12 0.12 0.12 0.12 0.12 0.12 0.12 0.12
0.12 0.12 0.12 0.12 0.12 0.12 0.12 0.12 0.12 0.12
0.12 0.12 0.12 0.12 0.12 0.12 0.12 0.12 0.12 0.12
0.12 0.12 0.12 0.12 0.12 0.12 0.12 0.12 0.12 0.12
0.12 0.12 0.12 0.12 0.12 0.12 0.12 0.12 0.12 0.12
0.12 0.12 0.12 0.12 0.12 0.12 0.12 0.12 0.12 0.12
0.12 0.12 0.12 0.12 0.12 0.12 0.12 0.12 0.12 0.12
0.12 0.12 0.12 0.12 0.12 0.12 0.12 0.12 0.12 0.12
0.12 0.12 0.12 0.12 0.12 0.12 0.12 0.12 0.12 0.12
0.12 0.12 0.12 0.12 0.12 0.12 0.12 0.12 0.12 0.12
0.12 0.12 0.12 0.12 0.12 0.12 0.12 0.12 0.12 0.12
0.12 0.12 0.12 0.12 0.12 0.12 0.12 0.12 0.12 0.12
0.12 0.12 0.12 0.12 0.12 0.12 0.12 0.12 0.12 0.12
0.12 0.12 0.12 0.12 0.12 0.12 0.12 0.12 0.12 0.12
0.12 0.12 0.12 0.12 0.12 0.12 0.12 0.12 0.12 0.12
0.12 0.12 0.12 0.12 0.12 0.12 0.12 0.12 0.12 0.12
0.12 0.12 0.12 0.12 0.12 0.12 0.12 0.12 0.12 0.12
0.12 0.12 0.12 0.12 0.12 0.12 0.12 0.12 0.12 0.12
0.12 0.12 0.12 0.12 0.12 0.12 0.12 0.12 0.12 0.12
0.12 0.12 0.12 0.12 0.12 0.12 0.12 0.12 0.12 0.12
0.12 0.12 0.12 0.12 0.12 0.12 0.12 0.12 0.12 0.12
0.12 0.12 0.12 0.12 0.12 0.12 0.12 0.12 0.12 0.12
0.12 0.12 0.12 0.12 0.12 0.12 0.12 0.12 0.12 0.12
0.12 0.12 0.12 0.12 0.12 0.12 0.12 0.12 0.12 0.12
0.12 0.12 0.12 0.12 0.12 0.12 0.12 0.12 0.12 0.12
0.12 0.12 0.12 0.12 0.12 0.12 0.12 0.12 0.12 0.12
0.12 0.12 0.12 0.12 0.12 0.12 0.12 0.12 0.12 0.12
0.12 0.12 0.12 0.12 0.12 0.12 0.12 0.12 0.12 0.12
0.12 0.12 0.12 0.12 0.12 0.12 0.12 0.12 0.12 0.12
0.12 0.12 0.12 0.12 0.12 0.12 0.12 0.12 0.12 0.12
0.12 0.12 0.12 0.12 0.12 0.12 0.12 0.12 0.12 0.12
0.12 0.12 0.12 0.12 0.12 0.12 0.12 0.12 0.12 0.12
0.12 0.12 0.12 0.12 0.12 0.12 0.12 0.12 0.12 0.12
0.12 0.12 0.12 0.12 0.12 0.12 0.12 0.12 0.12 0.12
0.12 0.12 0.12 0.12 0.12 0.12 0.12 0.12 0.12 0.12
0.12 0.12 0.12 0.12 0.12 0.12 0.12 0.12 0.12 0.12
0.12 0.12 0.12 0.12 0.12 0.12 0.12 0.12 0.12 0.12
0.12 0.12 0.12 0.12 0.12 0.12 0.12 0.12 0.12 0.12
0.12 0.12 0.12 0.12 0.12 0.12 0.12 0.12 0.12 0.12
0.12 0.12 0.12 0.12 0.12 0.12 0.12 0.12 0.12 0.12
0.12 0.12 0.12 0.12 0.12 0.12 0.12 0.12 0.12 0.12
0.12 0.12 0.12 0.12 0.12 0.12 0.12 0.12 0.12 0.12
0.12 0.12 0.12 0.12 0.12 0.12 0.12 0.12 0.12 0.12
0.12 0.12 0.12 0.12 0.12 0.12 0.12 0.12 0.12 0.12
0.12 0.12 0.12 0.12 0.12 0.12 0.12 0.12 0.12 0.12
0.12 0.12 0.12 0.12 0.12 0.12 0.12 0.12 0.12 0.12
0.12 0.12 0.12 0.12 0.12 0.12 0.12 0.12 0.12 0.12
0.12 0.12 0.12 0.12 0.12 0.12 0.12 0.12 0.12 0.12
0.12 0.12 0.12 0.12 0.12 0.12 0.12 0.12 0.12 0.12
0.12 0.12 0.12 0.12 0.12 0.12 0.12 0.12 0.12 0.12
0.12 0.12 0.12 0.12 0.12 0.12 0.12 0.12 0.12 0.12
0.12 0.12 0.12 0.12 0.12 0.12 0.12 0.12 0.12 0.12
0.12 0.12 0.12 0.12 0.12 0.12 0.12 0.12 0.12 0.12
0.12 0.12 0.12 0.12 0.12 0.12 0.12 0.12 0.12 0.12
0.12 0.12 0.12 0.12 0.12 0.12 0.12 0.12 0.12 0.12
0.12 0.12 0.12 0.12 0.12 0.12 0.12 0.12 0.12 0.12
0.12 0.12 0.12 0.12 0.12 0.12 0.12 0.12 0.12 0.12
0.12 0.12 0.12 0.12 0.12 0.12 0.12 0.12 0.12 0.12
0.12 0.12 0.12 0.12 0.12 0.12 0.12 0.12 0.12 0.12
0.12 0.12 0.12 0.12 0.12 0.12 0.12 0.12 0.12 0.12
0.12 0.12 0.12 0.12 0.12 0.12 0.12 0.12 0.12 0.12
0.12 0.12 0.12 0.12 0.12 0.12 0.12 0.12 0.12 0.12
0.12 0.12 0.12 0.12 0.12 0.12 0.12 0.12 0.12 0.12
0.12 0.12 0.12 0.12 0.12 0.12 0.12 0.12 0.12 0.12
0.12 0.12 0.12 0.12 0.12 0.12 0.12 0.12 0.12 0.12
0.12 0.12 0.12 0.12 0.12 0.12 0.12 0.12 0.12 0.12
0.12 0.12 0.12 0.12 0.12 0.12 0.12 0.12 0.12 0.12
0.12 0.12 0.12 0.12 0.12 0.12 0.12 0.12 0.12 0.12
0.12 0.12 0.12 0.12 0.12 0.12 0.12 0.12 0.12 0.12
0.12 0.12 0.12 0.12 0.12 0.12 0.12 0.12 0.12 0.12
0.12 0.12 0.12 0.12 0.12 0.12 0.12 0.12 0.12 0.12
0.12 0.12 0.12 0.12 0.12 0.12 0.12 0.12 0.12 0.12
0.12 0.12 0.12 0.12 0.12 0.12 0.12 0.12 0.12 0.12
0.12 0.12 0.12 0.12 0.12 0.12 0.12 0.12 0.12 0.12
0.12 0.12 0.12 0.12 0.12 0.12 0.12 0.12 0.12 0.12
0.12 0.12 0.12 0.12 0.12 0.12 0.12 0.12 0.12 0.12
0.12 0.12 0.12 0.12 0.12 0.12 0.12 0.12 0.12 0.12
0.12 0.12 0.12 0.12 0.12 0.12 0.12 0.12 0.12 0.12
0.12 0.12 0.12 0.12 0.12 0.12 0.12 0.12 0.12 0.12
0.12 0.12 0.12 0.12 0.12 0.12 0.12 0.12 0.12 0.12
0.12 0.12 0.12 0.12 0.12 0.12 0.12 0.12 0.12 0.12
0.12 0.12 0.12 0.12 0.12 0.12 0.12 0.12 0.12 0.12
0.12 0.12 0.12 0.12 0.12 0.12 0.12 0.12 0.12 0.12
0.12 0.12 0.12 0.12 0.12 0.12 0.12 0.12 0.12 0.12
0.12 0.12 0.12 0.12 0.12 0.12 0.12 0.12 0.12 0.12
0.12 0.12 0.12 0.12 0.12 0.12 0.12 0.12 0.12 0.12
0.12 0.12 0.12 0.12 0.12 0.12 0.12 0.12 0.12 0.12
0.12 0.12 0.12 0.12 0.12 0.12 0.12 0.12 0.12 0.12
0.12 0.12 0.12 0.12 0.12 0.12 0.12 0.12 0.12 0.12
0.12 0.12 0.12 0.12 0.12 0.12 0.12 0.12 0.12 0.12
0.12 0.12 0.12 0.12 0.12 0.12 0.12 0.12 0.12 0.12
0.12 0.12 0.12 0.12 0.12 0.12 0.12 0.12 0.12 0.12
0.12 0.12 0.12 0.12 0.12 0.12 0.12 0.12 0.12 0.12
0.12 0.12 0.12 0.12 0.12 0.12 0.12 0.12 0.12 0.12
0.12 0.12 0.12 0.12 0.12 0.12 0.12 0.12 0.12 0.12
0.12 0.12 0.12 0.12 0.12 0.12 0.12 0.12 0.12 0.12
0.12 0.12 0.12 0.12 0.12 0.12 0.12 0.12 0.12 0.12
0.12 0.12 0.12 0.12 0.12 0.12 0.12 0.12 0.12 0.12
0.12 0.12 0.12 0.12 0.12 0.12 0.12 0.12 0.12 0.12
0.12 0.12 0.12 0.12 0.12 0.12 0.12 0.12 0.12 0.12
0.12 0.12 0.12 0.12 0.12 0.12 0.12 0.12 0.12 0.12
0.12 0.12 0.12 0.12 0.12 0.12 0.12 0.12 0.12 0.12
0.12 0.12 0.12 0.12 0.12 0.12 0.12 0.12 
***
0.12 0.12 0.12 0.12 0.12 0.12 0.12 0.12 0.12 0.12
0.12 0.12 0.12 0.12 0.12 0.12 0.12 0.12 0.12 0.12
0.12 0.12 0.12 0.12 0.12 0.12 0.12 0.12 0.12 0.12
0.12 0.12 0.12 0.12 0.12 0.12 0.12 0.12 0.12 0.12
0.12 0.12 0.12 0.12 0.12 0.12 0.12 0.12 0.12 0.12
0.12 0.12 0.12 0.12 0.12 0.12 0.12 0.12 0.12 0.12
0.12 0.12 0.12 0.12 0.12 0.12 0.12 0.12 0.12 0.12
0.12 0.12 0.12 0.12 0.12 0.12 0.12 0.12 0.12 0.12
0.12 0.12 0.12 0.12 0.12 0.12 0.12 0.12 0.12 0.12
0.12 0.12 0.12 0.12 0.12 0.12 0.12 0.12 0.12 0.12
0.12 0.12 0.12 0.12 0.12 0.12 0.12 0.12 0.12 0.12
0.12 0.12 0.12 0.12 0.12 0.12 0.12 0.12 0.12 0.12
0.12 0.12 0.12 0.12 0.12 0.12 0.12 0.12 0.12 0.12
0.12 0.12 0.12 0.12 0.12 0.12 0.12 0.12 0.12 0.12
0.12 0.12 0.12 0.12 0.12 0.12 0.12 0.12 0.12 0.12
0.12 0.12 0.12 0.12 0.12 0.12 0.12 0.12 0.12 0.12
0.12 0.12 0.12 0.12 0.12 0.12 0.12 0.12 0.12 0.12
0.12 0.12 0.12 0.12 0.12 0.12 0.12 0.12 0.12 0.12
0.12 0.12 0.12 0.12 0.12 0.12 0.12 0.12 0.12 0.12
0.12 0.12 0.12 0.12 0.12 0.12 0.12 0.12 0.12 0.12
0.12 0.12 0.12 0.12 0.12 0.12 0.12 0.12 0.12 0.12
0.12 0.12 0.12 0.12 0.12 0.12 0.12 0.12 0.12 0.12
0.12 0.12 0.12 0.12 0.12 0.12 0.12 0.12 0.12 0.12
0.12 0.12 0.12 0.12 0.12 0.12 0.12 0.12 0.12 0.12
0.12 0.12 0.12 0.12 0.12 0.12 0.12 0.12 0.12 0.12
0.12 0.12 0.12 0.12 0.12 0.12 0.12 0.12 0.12 0.12
0.12 0.12 0.12 0.12 0.12 0.12 0.12 0.12 0.12 0.12
0.12 0.12 0.12 0.12 0.12 0.12 0.12 0.12 0.12 0.12
0.12 0.12 0.12 0.12 0.12 0.12 0.12 0.12 0.12 0.12
0.12 0.12 0.12 0.12 0.12 0.12 0.12 0.12 0.12 0.12
0.12 0.12 0.12 0.12 0.12 0.12 0.12 0.12 0.12 0.12
0.12 0.12 0.12 0.12 0.12 0.12 0.12 0.12 0.12 0.12
0.12 0.12 0.12 0.12 0.12 0.12 0.12 0.12 0.12 0.12
0.12 0.12 0.12 0.12 0.12 0.12 0.12 0.12 0.12 0.12
0.12 0.12 0.12 0.12 0.12 0.12 0.12 0.12 0.12 0.12
0.12 0.12 0.12 0.12 0.12 0.12 0.12 0.12 0.12 0.12
0.12 0.12 0.12 0.12 0.12 0.12 0.12 0.12 0.12 0.12
0.12 0.12 0.12 0.12 0.12 0.12 0.12 0.12 0.12 0.12
0.12 0.12 0.12 0.12 0.12 0.12 0.12 0.12 0.12 0.12
0.12 0.12 0.12 0.12 0.12 0.12 0.12 0.12 0.12 0.12
0.12 0.12 0.12 0.12 0.12 0.12 0.12 0.12 0.12 0.12
0.12 0.12 0.12 0.12 0.12 0.12 0.12 0.12 0.12 0.12
0.12 0.12 0.12 0.12 0.12 0.12 0.12 0.12 0.12 0.12
0.12 0.12 0.12 0.12 0.12 0.12 0.12 0.12 0.12 0.12
0.12 0.12 0.12 0.12 0.12 0.12 0.12 0.12 0.12 0.12
0.12 0.12 0.12 0.12 0.12 0.12 0.12 0.12 0.12 0.12
0.12 0.12 0.12 0.12 0.12 0.12 0.12 0.12 0.12 0.12
0.12 0.12 0.12 0.12 0.12 0.12 0.12 0.12 0.12 0.12
0.12 0.12 0.12 0.12 0.12 0.12 0.12 0.12 0.12 0.12
0.12 0.12 0.12 0.12 0.12 0.12 0.12 0.12 0.12 0.12
0.12 0.12 0.12 0.12 0.12 0.12 0.12 0.12 0.12 0.12
0.12 0.12 0.12 0.12 0.12 0.12 0.12 0.12 0.12 0.12
0.12 0.12 0.12 0.12 0.12 0.12 0.12 0.12 0.12 0.12
0.12 0.12 0.12 0.12 0.12 0.12 0.12 0.12 0.12 0.12
0.12 0.12 0.12 0.12 0.12 0.12 0.12 0.12 0.12 0.12
0.12 0.12 0.12 0.12 0.12 0.12 0.12 0.12 0.12 0.12
0.12 0.12 0.12 0.12 0.12 0.12 0.12 0.12 0.12 0.12
0.12 0.12 0.12 0.12 0.12 0.12 0.12 0.12 0.12 0.12
0.12 0.12 0.12 0.12 0.12 0.12 0.12 0.12 0.12 0.12
0.12 0.12 0.12 0.12 0.12 0.12 0.12 0.12 0.12 0.12
0.12 0.12 0.12 0.12 0.12 0.12 0.12 0.12 0.12 0.12
0.12 0.12 0.12 0.12 0.12 0.12 0.12 0.12 0.12 0.12
0.12 0.12 0.12 0.12 0.12 0.12 0.12 0.12 0.12 0.12
0.12 0.12 0.12 0.12 0.12 0.12 0.12 0.12 0.12 0.12
0.12 0.12 0.12 0.12 0.12 0.12 0.12 0.12 0.12 0.12
0.12 0.12 0.12 0.12 0.12 0.12 0.12 0.12 0.12 0.12
0.12 0.12 0.12 0.12 0.12 0.12 0.12 0.12 0.12 0.12
0.12 0.12 0.12 0.12 0.12 0.12 0.12 0.12 0.12 0.12
0.12 0.12 0.12 0.12 0.12 0.12 0.12 0.12 0.12 0.12
0.12 0.12 0.12 0.12 0.12 0.12 0.12 0.12 0.12 0.12
0.12 0.12 0.12 0.12 0.12 0.12 0.12 0.12 0.12 0.12
0.12 0.12 0.12 0.12 0.12 0.12 0.12 0.12 0.12 0.12
0.12 0.12 0.12 0.12 0.12 0.12 0.12 0.12 0.12 0.12
0.12 0.12 0.12 0.12 0.12 0.12 0.12 0.12 0.12 0.12
0.12 0.12 0.12 0.12 0.12 0.12 0.12 0.12 0.12 0.12
0.12 0.12 0.12 0.12 0.12 0.12 0.12 0.12 0.12 0.12
0.12 0.12 0.12 0.12 0.12 0.12 0.12 0.12 0.12 0.12
0.12 0.12 0.12 0.12 0.12 0.12 0.12 0.12 0.12 0.12
0.12 0.12 0.12 0.12 0.12 0.12 0.12 0.12 0.12 0.12
0.12 0.12 0.12 0.12 0.12 0.12 0.12 0.12 0.12 0.12
0.12 0.12 0.12 0.12 0.12 0.12 0.12 0.12 0.12 0.12
0.12 0.12 0.12 0.12 0.12 0.12 0.12 0.12 0.12 0.12
0.12 0.12 0.12 0.12 0.12 0.12 0.12 0.12 0.12 0.12
0.12 0.12 0.12 0.12 0.12 0.12 0.12 0.12 0.12 0.12
0.12 0.12 0.12 0.12 0.12 0.12 0.12 0.12 0.12 0.12
0.12 0.12 0.12 0.12 0.12 0.12 0.12 0.12 0.12 0.12
0.12 0.12 0.12 0.12 0.12 0.12 0.12 0.12 0.12 0.12
0.12 0.12 0.12 0.12 0.12 0.12 0.12 0.12 0.12 0.12
0.12 0.12 0.12 0.12 0.12 0.12 0.12 0.12 0.12 0.12
0.12 0.12 0.12 0.12 0.12 0.12 0.12 0.12 0.12 0.12
0.12 0.12 0.12 0.12 0.12 0.12 0.12 0.12 0.12 0.12
0.12 0.12 0.12 0.12 0.12 0.12 0.12 0.12 0.12 0.12
0.12 0.12 0.12 0.12 0.12 0.12 0.12 0.12 0.12 0.12
0.12 0.12 0.12 0.12 0.12 0.12 0.12 0.12 0.12 0.12
0.12 0.12 0.12 0.12 0.12 0.12 0.12 0.12 0.12 0.12
0.12 0.12 0.12 0.12 0.12 0.12 0.12 0.12 0.12 0.12
0.12 0.12 0.12 0.12 0.12 0.12 0.12 0.12 0.12 0.12
0.12 0.12 0.12 0.12 0.12 0.12 0.12 0.12 0.12 0.12
0.12 0.12 0.12 0.12 0.12 0.12 0.12 0.12 0.12 0.12
0.12 0.12 0.12 0.12 0.12 0.12 0.12 0.12 0.12 0.12
0.12 0.12 0.12 0.12 0.12 0.12 0.12 0.12 0.12 0.12
0.12 0.12 0.12 0.12 0.12 0.12 0.12 0.12 0.12 0.12
0.12 0.12 0.12 0.12 0.12 0.12 0.12 0.12 0.12 0.12
0.12 0.12 0.12 0.12 0.12 0.12 0.12 0.12 0.12 0.12
0.12 0.12 0.12 0.12 0.12 0.12 0.12 0.12 0.12 0.12
0.12 0.12 0.12 0.12 0.12 0.12 0.12 0.12 0.12 0.12
0.12 0.12 0.12 0.12 0.12 0.12 0.12 0.12 0.12 0.12
0.12 0.12 0.12 0.12 0.12 0.12 0.12 0.12 0.12 0.12
0.12 0.12 0.12 0.12 0.12 0.12 0.12 0.12 0.12 0.12
0.12 0.12 0.12 0.12 0.12 0.12 0.12 0.12 0.12 0.12
0.12 0.12 0.12 0.12 0.12 0.12 0.12 0.12 0.12 0.12
0.12 0.12 0.12 0.12 0.12 0.12 0.12 0.12 0.12 0.12
0.12 0.12 0.12 0.12 0.12 0.12 0.12 0.12 0.12 0.12
0.12 0.12 0.12 0.12 0.12 0.12 0.12 0.12 0.12 0.12
0.12 0.12 0.12 0.12 0.12 0.12 0.12 0.12 0.12 0.12
0.12 0.12 0.12 0.12 0.12 0.12 0.12 0.12 0.12 0.12
0.12 0.12 0.12 0.12 0.12 0.12 0.12 0.12 0.12 0.12
0.12 0.12 0.12 0.12 0.12 0.12 0.12 0.12 0.12 0.12
0.12 0.12 0.12 0.12 0.12 0.12 0.12 0.12 0.12 0.12
0.12 0.12 0.12 0.12 0.12 0.12 0.12 0.12 0.12 0.12
0.12 0.12 0.12 0.12 0.12 0.12 0.12 0.12 0.12 0.12
0.12 0.12 0.12 0.12 0.12 0.12 0.12 0.12 0.12 0.12
0.12 0.12 0.12 0.12 0.12 0.12 0.12 0.12 0.12 0.12
0.12 0.12 0.12 0.12 0.12 0.12 0.12 0.12 0.12 0.12
0.12 0.12 0.12 0.12 0.12 0.12 0.12 0.12 0.12 0.12
0.12 0.12 0.12 0.12 0.12 0.12 0.12 0.12 0.12 0.12
0.12 0.12 0.12 0.12 0.12 0.12 0.12 0.12 0.12 0.12
0.12 0.12 0.12 0.12 0.12 0.12 0.12 0.12 0.12 0.12
0.12 0.12 0.12 0.12 0.12 0.12 0.12 0.12 0.12 0.12
0.12 0.12 0.12 0.12 0.12 0.12 0.12 0.12 0.12 0.12
0.12 0.12 0.12 0.12 0.12 0.12 0.12 0.12 0.12 0.12
0.12 0.12 0.12 0.12 0.12 0.12 0.12 0.12 0.12 0.12
0.12 0.12 0.12 0.12 0.12 0.12 0.12 0.12 0.12 0.12
0.12 0.12 0.12 0.12 0.12 0.12 0.12 0.12 0.12 0.12
0.12 0.12 0.12 0.12 0.12 0.12 0.12 0.12 0.12 0.12
0.12 0.12 0.12 0.12 0.12 0.12 0.12 0.12 0.12 0.12
0.12 0.12 0.12 0.12 0.12 0.12 0.12 0.12 0.12 0.12
0.12 0.12 0.12 0.12 0.12 0.12 0.12 0.12 0.12 0.12
0.12 0.12 0.12 0.12 0.12 0.12 0.12 0.12 0.12 0.12
0.12 0.12 0.12 0.12 0.12 0.12 0.12 0.12 0.12 0.12
0.12 0.12 0.12 0.12 0.12 0.12 0.12 0.12 0.12 0.12
0.12 0.12 0.12 0.12 0.12 0.12 0.12 0.12 
>categories:
0 0
1 1
>mixtureAssignment:
0 0 0 0 0 0 0 0 1 0 0 0 0 0 0 0 0 0 0 0 0 0 0 0 0 0 0 0 0 0 0 0 0 0 0 0 0 0 0 0 0 0 0 0 0 0 0 0 0 0
0 0 0 0 0 0 0 0 0 0 0 0 0 0 0 0 0 0 0 0 0 0 0 0 0 0 0 0 0 0 0 0 0 0 0 0 0 0 0 0 0 0 1 0 0 0 1 0 0 0
0 0 0 0 0 0 0 0 0 0 0 0 1 0 0 1 0 0 0 0 0 0 0 0 0 0 0 0 0 0 0 0 0 0 0 0 1 0 0 0 0 0 0 0 0 0 1 0 0 0
0 0 0 0 0 0 0 0 0 0 0 0 0 0 0 0 0 1 0 0 0 0 0 0 0 0 0 0 0 0 0 0 0 0 0 0 0 0 0 0 0 0 0 0 0 0 0 0 0 0
0 1 0 0 0 0 0 0 0 0 0 0 0 0 0 0 0 0 0 0 0 0 0 0 0 0 0 0 0 0 0 0 0 0 0 0 0 0 0 0 1 0 1 0 0 0 0 0 0 0
0 0 0 0 0 0 1 0 0 1 0 0 0 0 0 0 0 0 0 0 0 0 0 0 0 0 0 0 0 0 0 0 0 0 0 0 1 1 0 0 0 0 0 0 1 0 0 1 0 0
0 0 1 0 0 0 0 0 0 0 0 1 0 0 0 0 0 0 0 0 1 0 0 1 0 0 0 1 0 0 0 0 0 0 0 0 0 0 0 0 0 0 0 0 0 0 1 0 0 0
0 0 0 0 0 0 0 0 0 0 0 0 0 0 0 0 0 0 1 0 0 0 0 0 0 0 0 0 0 0 0 0 0 0 1 0 0 0 0 0 0 0 0 1 0 0 0 0 0 0
0 0 0 0 0 0 0 0 0 0 0 0 0 0 0 0 0 0 1 0 0 0 0 0 0 0 0 0 0 0 0 0 0 0 0 0 0 0 1 0 1 1 1 0 0 1 1 1 1 0
0 0 0 0 0 0 0 0 0 0 0 0 0 0 0 0 0 0 1 1 0 0 0 0 0 0 0 0 0 0 0 0 0 0 0 0 0 0 0 0 1 0 0 0 0 0 0 1 1 0
0 0 0 0 0 0 0 0 0 0 0 0 0 0 0 0 1 0 0 0 0 0 0 1 0 0 0 0 0 1 0 0 0 0 0 0 0 0 0 0 0 0 0 0 0 0 0 0 0 0
0 0 0 0 0 0 0 0 0 0 0 0 0 0 0 0 0 0 0 0 0 0 0 0 0 0 0 0 0 0 0 0 0 0 0 0 0 1 1 0 0 0 0 0 0 0 0 0 0 0
0 0 0 1 0 0 0 0 0 1 0 0 0 1 0 0 0 0 0 0 0 0 0 0 1 0 0 0 0 1 0 0 0 0 1 0 0 0 0 0 0 0 0 0 0 0 0 0 0 0
0 1 0 0 0 0 0 0 1 0 0 0 0 0 0 0 0 0 0 0 0 1 0 1 0 0 0 0 0 0 0 1 0 0 0 0 0 0 0 1 0 0 0 0 0 0 0 0 0 0
0 0 1 0 0 0 0 1 0 0 0 0 0 0 0 0 0 0 0 0 0 0 0 0 1 0 0 0 0 0 0 0 0 0 0 0 0 0 0 0 0 0 0 0 0 0 0 0 0 0
0 0 0 0 0 0 0 1 0 0 0 0 0 0 0 0 1 0 0 0 1 0 0 1 0 0 1 0 0 0 0 0 0 0 0 0 0 0 0 0 0 0 0 0 0 0 0 0 0 0
0 0 0 0 0 0 0 0 0 0 0 0 1 0 0 0 1 1 0 0 0 0 0 0 0 0 0 0 1 1 1 0 0 0 0 0 0 0 0 0 0 0 0 0 0 0 0 0 0 0
0 1 0 0 0 0 0 0 0 0 0 0 0 1 0 0 0 0 0 0 0 0 0 0 0 0 0 0 0 0 0 0 0 0 0 1 0 0 0 0 0 0 0 0 0 0 0 0 0 0
0 0 0 0 0 0 0 0 0 0 0 0 0 1 0 0 0 0 0 0 0 0 0 0 0 0 0 1 1 0 0 0 0 0 0 0 0 0 1 0 0 0 0 0 0 0 1 0 0 0
0 0 0 0 0 0 0 0 0 0 0 0 1 1 0 0 1 1 1 0 0 0 0 1 1 1 1 1 0 1 1 1 1 1 1 1 1 1 1 1 1 1 1 1 1 0 1 1 1 1
1 1 1 1 1 1 1 1 1 1 0 1 1 0 1 1 1 1 1 1 1 1 1 0 0 0 1 1 1 0 1 1 1 1 1 1 1 1 1 1 1 1 1 1 0 0 1 1 1 0
1 1 1 1 1 1 1 1 1 1 1 1 1 1 1 1 0 1 1 1 1 1 1 1 0 1 1 1 1 1 1 1 1 1 1 1 0 1 1 1 1 1 1 1 1 1 1 1 1 1
1 1 1 1 1 1 1 1 1 1 1 1 1 1 1 1 1 0 0 1 1 1 1 1 1 1 1 1 1 1 1 1 0 1 1 1 1 1 1 1 1 1 1 1 1 1 1 0 1 1
1 1 1 1 1 1 1 1 1 1 1 1 1 1 1 1 1 1 1 1 1 1 1 1 1 1 1 1 1 1 1 1 1 1 0 1 1 1 1 1 1 1 1 1 1 1 1 1 1 1
1 1 1 1 1 1 1 1 1 1 1 1 0 0 1 1 1 1 1 1 1 1 1 1 1 1 1 1 1 1 1 1 1 1 1 1 0 1 1 1 1 1 1 1 1 1 1 1 1 0
1 1 1 1 1 1 1 1 1 0 0 1 1 1 1 1 1 1 1 1 1 1 1 1 1 1 1 1 1 1 1 1 1 1 1 1 1 1 1 1 1 1 0 1 1 1 1 1 1 1
1 1 0 1 1 1 1 1 1 1 1 1 1 1 1 1 1 1 1 1 1 1 1 1 1 1 1 1 1 1 1 1 1 1 1 0 1 1 1 1 0 1 1 1 1 1 1 1 1 1
1 1 1 1 1 1 0 1 1 1 1 1 1 1 1 1 1 1 1 1 1 1 1 1 1 1 1 1 1 1 1 1 1 1 1 1 1 1 1 1 1 1 1 1 1 1 1 1 1 1
1 1 1 1 1 0 1 1 1 1 0 1 1 1 0 1 0 1 
>numMutationCategories:
2
>numSelectionCategories:
2
>categoryProbabilities:
0.641945 0.358055 
>selectionIsInMixture:
***
0 
***
1 
>mutationIsInMixture:
***
0 
***
1 
>currentSynthesisRateLevel:
***
0.054077 0.0386284 0.595412 0.00410016 1.08015 0.600115 0.793944 0.0343056 2.02426 0.0273345
0.119293 0.632539 1.17306 0.553338 0.696227 0.0490009 0.825994 0.0324727 0.0373242 0.637855
0.891324 1.04703 0.0898636 0.0568367 1.27709 0.363461 0.638371 1.525 0.928912 0.656723
1.47198 0.000232805 0.0683598 0.0775696 0.327455 0.49491 0.000619364 0.518434 0.776515 1.03712
1.22579 0.32526 0.0439899 0.148738 0.711685 0.0233404 0.455926 0.821204 0.111452 0.404782
0.494775 0.968818 0.694462 0.971321 0.165404 1.00606 0.290382 0.279251 0.025432 0.996937
0.279514 0.580348 0.057843 0.879122 0.452726 0.00708491 0.198639 0.786645 1.09897 0.230853
1.95394 0.368424 0.00846442 1.57008 0.0261616 0.407428 0.753282 0.690269 1.14337 1.61949
0.349017 1.30931 1.20084 0.18571 0.147789 0.00705078 0.0880254 0.660853 0.33852 0.929644
0.0183472 0.162939 1.95284 0.0702717 2.40807 0.245058 1.97825 0.381664 0.875174 0.154419
0.15256 0.177543 1.09841 0.00426106 0.00686712 0.0154671 0.0627889 0.525504 0.0282249 0.0305703
0.841819 0.032541 0.361972 0.0775819 2.24546 3.17211 1.71493 0.594493 0.0170697 0.0158384
0.0955797 0.486103 1.06576 0.958464 0.162815 1.22999 0.597874 0.374598 1.04725 0.00702779
0.946105 0.19334 0.271526 0.111713 0.755959 0.0523829 3.39603 0.243523 0.0144434 1.73028
0.0317811 0.587076 1.07114 0.0198099 0.0236422 1.25323 1.99758 0.246531 0.0564379 0.790931
0.34978 0.199521 1.34092 0.292209 1.12706 0.00456349 0.279233 0.984151 1.88133 0.49123
0.0709962 0.572684 0.264503 0.819385 0.320522 1.3187 0.0889706 3.72094 0.271833 2.07179
1.05945 0.588256 0.848608 0.773623 0.124377 0.481783 0.574534 0.827688 0.585201 1.00592
0.00762864 0.343624 0.00388552 0.196703 0.722282 0.388859 0.00895359 0.779697 0.544889 0.230795
0.738518 1.06441 0.712852 0.555884 0.210561 0.0786092 0.130786 0.437408 0.0526441 0.0841071
0.0047491 3.27981 1.37989 1.24888 0.451049 0.0175428 0.141435 1.30037 0.25252 0.729669
0.262934 0.083444 0.625409 0.0401847 0.605559 0.591463 0.244751 1.35138 0.343501 0.12718
0.581244 0.101617 0.789043 0.00372487 0.0477002 0.0652574 0.612551 0.00400069 0.676407 0.303491
0.00862879 0.636337 0.220245 0.256991 0.486233 0.0860031 0.507635 0.606535 0.0143662 0.311568
1.50505 0.906344 1.14474 0.00304533 0.906175 1.13677 0.211341 1.25982 0.118776 1.00513
0.227642 0.0136345 0.0227796 0.0122404 0.356859 1.23771 2.21532 0.553284 0.40173 0.528425
0.218518 0.804788 1.49989 0.133676 0.50971 0.567001 0.0121302 0.0747154 0.275338 0.865165
0.149017 0.664952 0.339682 0.142739 0.115848 0.0742548 0.292682 0.257269 0.464358 1.27097
0.181471 0.0184969 0.0532937 1.25593 0.0140895 1.07374 0.0347317 1.36147 0.471286 0.340775
0.454234 0.188584 0.861848 0.741193 0.876472 0.0450181 0.943286 2.30569 0.0185386 0.521005
0.0035301 0.867839 1.95549 0.16878 0.0587757 0.827061 0.732696 0.00662576 0.466571 0.00122394
0.632846 1.66024 0.00976304 0.327445 0.0470394 1.6986 0.626776 0.277343 0.0025817 0.00913283
0.630983 0.684957 0.553784 1.95225 0.0805419 0.0206228 0.401653 2.56433 0.928837 0.728648
0.0123994 0.483943 0.116115 1.5065 0.0315296 0.876397 0.0163832 0.0387405 0.839026 0.747831
0.318092 0.191845 0.480306 0.0223156 0.901598 0.819639 0.33474 0.00192593 0.0189354 0.762039
0.0245314 0.472496 0.959297 0.264987 0.0228283 0.492024 1.03198 0.881475 1.05897 0.433808
0.906234 0.00479385 0.0311289 0.128205 0.192561 0.00613874 0.602113 0.0500826 3.15055 0.199758
0.709418 0.0525803 0.0134886 0.0408393 1.29179 0.519699 0.855786 0.0922249 0.916629 0.00147286
1.36926 0.289654 0.62178 0.460572 0.763785 0.586647 0.35399 0.34074 0.226133 0.000724358
0.240186 0.602264 0.652404 0.0906216 0.709408 0.000929614 0.0257203 0.0334338 0.454444 0.504011
0.0332254 0.41607 0.440207 0.0418454 0.0336667 0.302193 0.667631 0.339468 0.00415938 0.805172
0.245888 2.03089 0.245988 0.00324893 1.31229 0.421617 0.00182066 0.662001 3.31534 1.21186
1.28836 0.775509 0.0187144 0.372039 0.124916 0.458054 0.0335128 0.00099844 0.569485 1.59734
0.0374459 0.736415 0.915145 0.115719 1.22485 0.970264 0.292848 0.00531058 2.62259 0.0905112
0.701132 0.667403 0.00314071 0.0177343 0.239573 0.196081 0.0358846 0.415524 0.167656 0.0418201
0.544501 0.925416 0.0395589 0.224852 0.117933 0.0617453 0.0826679 0.759126 1.45964 0.941543
0.176671 0.696963 0.11941 0.387726 0.187974 0.200679 0.779301 0.394588 2.17157 3.5737
1.59084 0.202673 0.149754 0.0157118 0.527145 1.20124 0.858815 1.46945 0.871591 0.218894
0.810485 0.391686 2.19914 0.768635 0.140996 0.066943 1.67864 0.00119725 0.151317 0.107744
2.43737 0.334747 1.50639 0.475148 0.238825 0.0464466 0.0159949 1.19376 3.10836 0.38028
0.517056 0.206165 0.124556 0.356009 0.355812 0.00165079 1.38227 0.968797 0.00880828 0.0019941
0.0899251 0.272048 0.350473 0.32618 0.744169 0.0271512 1.72615 0.0351265 0.0327083 0.0156679
0.02223 0.0460639 0.306104 2.24182 0.0370251 1.21512 0.045039 0.991136 0.716524 2.50867
0.601742 0.00639752 0.177114 0.090318 0.76287 0.0212536 0.298421 0.250202 0.372784 0.682342
0.00369872 0.34422 1.01658 0.744357 0.422942 0.308373 0.654232 0.607059 0.119275 1.28187
0.0240111 0.466901 0.0122747 0.259452 0.51554 0.622023 0.322372 1.82367 0.363613 0.637119
0.769859 0.344611 0.303531 0.928668 0.775671 1.0537 0.867116 0.0277493 0.945011 0.351694
0.915547 0.388009 1.22531 0.307022 0.270688 0.0814586 0.0155733 0.0304745 1.80854 0.236294
0.132625 0.888576 0.0589133 0.062935 0.0381696 1.0916 1.02655 1.31944 1.10177 0.0102602
0.07261 0.101006 0.179283 1.42721 0.195253 0.743104 0.00467639 0.0476119 0.463143 0.51729
0.252846 0.428959 0.334044 2.80515 0.0434305 0.67785 1.63079 0.188682 0.289466 3.6934
0.851595 0.409753 1.2214 1.9749 0.186823 0.0164378 1.24934 0.00395535 0.745288 0.0471273
0.718411 0.741746 0.039073 0.0154536 2.70955 0.0173965 0.0770541 0.00890614 0.020836 0.337894
0.0731337 1.36037 0.00593597 0.528142 2.79727 0.118657 0.00656277 0.00114856 0.0123473 0.581748
0.00724795 0.0845341 1.22497 0.0636091 0.529462 0.339461 0.558238 0.0164493 0.00345162 0.138517
0.109031 0.0149463 0.0460533 0.998781 0.855469 0.325317 0.0556699 0.0217723 1.44674 0.403086
0.947143 0.0177018 0.502203 0.697437 0.0267749 0.116906 0.354952 0.675657 0.0110669 0.615398
0.00699842 0.138875 0.0171656 0.0674435 0.14861 0.650211 0.000947919 0.00395511 1.16076 1.05933
0.0931013 1.26082 0.00917866 0.105928 0.0929854 0.645821 0.0567122 0.946528 0.790171 2.39481
0.740242 1.81362 0.0201186 0.173092 0.0449247 0.33438 1.48391 0.0286343 1.44346 0.317861
0.943154 0.0171889 3.3756 0.46997 0.0356841 0.341044 0.364759 2.44019 0.0116571 0.447669
0.698695 1.81977 0.332857 0.399698 0.677526 0.412159 0.271581 0.328515 0.291778 0.348779
0.487815 0.47623 0.119056 0.00255794 1.83693 0.0476168 0.00552729 0.0588175 1.03825 0.0171562
0.473433 0.269786 0.0866089 0.266978 0.169177 0.61994 0.448564 0.67329 0.106495 0.693604
0.305688 0.0845432 0.00742546 0.0479977 1.38924 0.000814987 0.0437627 0.254496 1.26054 2.54879
0.00890514 0.0327293 0.0364909 0.289528 0.175099 0.610036 0.376895 1.84207 0.548639 0.112842
0.0930528 0.002685 0.877469 1.41535 0.0602603 0.105091 2.14097 0.407273 0.435007 0.0976155
1.55207 0.0409051 0.0882737 2.81191 0.251879 1.44231 2.21432 0.159485 0.0120403 0.292806
0.0377793 0.697181 0.166506 2.06698 0.186878 0.239908 0.28611 0.0114334 0.620459 0.707711
0.0351309 0.308284 0.625979 0.492287 0.277772 0.425964 0.495235 0.429039 0.659761 0.504595
0.00775249 0.00759686 0.0659366 0.133544 0.637942 0.50433 1.2085 1.56468 1.79068 1.179
1.28133 0.120155 2.95409 1.2372 0.29392 0.314625 1.63945 0.547028 0.0852335 0.56447
0.541332 0.00252067 0.441198 0.276169 0.383553 0.522259 0.745256 0.600453 2.4486 2.36585
2.95544 0.614601 1.06408 0.0597478 0.243882 0.29891 0.33992 1.08565 0.105164 0.647122
0.712317 0.552798 0.404055 0.0516484 0.629803 0.755225 0.440932 0.0581654 0.00239094 1.29898
0.774924 0.832694 0.457901 0.996685 0.915615 1.54855 0.0706502 0.405739 0.938928 1.51185
0.543371 0.38389 0.400356 0.518554 0.032374 0.505715 0.321072 0.0636845 1.59324 0.364724
0.773812 0.877254 0.0195781 0.214223 0.00912038 0.716237 0.145659 1.91346 1.80176 2.08003
0.0132855 0.432356 1.63591 0.179217 0.359287 3.35853 1.05516 1.01486 0.00226501 0.19484
0.813036 0.201382 0.455491 0.785965 1.01004 0.99082 0.256731 0.126887 0.92203 0.21388
0.0897957 0.0389358 0.158699 0.513558 0.144905 0.0209703 1.09665 0.555397 0.281305 0.469335
0.704492 0.184448 0.516306 2.35185 0.00858032 0.338477 0.539948 0.765405 0.445951 0.256442
1.5359 0.788619 0.0904382 0.132767 0.849126 0.736036 0.239454 0.0159227 1.6795 0.00292486
0.241438 0.0200024 0.602948 0.420553 1.16192 0.288723 0.379327 0.232874 2.8878 0.38444
0.663022 0.247258 0.0177017 0.475458 0.33528 0.0250857 2.15068 0.621748 1.00387 0.807908
0.695317 0.0571257 0.304295 0.0528851 0.276716 0.221885 0.42171 0.308712 0.155194 0.0116738
0.121115 0.189856 0.0161413 1.63819 0.0675448 0.386579 0.146773 0.886001 1.09553 0.886685
1.10365 0.0952249 0.00626458 0.96453 0.0140513 0.272642 0.698559 1.23807 0.0268802 0.501066
0.189309 0.641295 0.0676428 0.112617 0.310261 1.1919 0.810831 0.350588 0.240481 3.35184
0.0708663 0.1845 0.0699821 0.00527599 0.212943 0.0623644 0.0988166 0.606872 0.610829 0.163337
0.169466 0.315239 0.710957 0.208595 1.76381 0.453992 0.437403 0.0866302 0.192325 0.941488
1.57592 0.0547269 2.90212 0.105567 0.542405 0.573982 0.370753 0.178088 0.00833091 0.13456
0.829123 0.0200561 0.814035 0.00487485 0.00826145 0.0300137 0.195077 0.209181 1.01835 0.0439837
1.84616 0.66904 0.362854 0.409379 0.110866 0.689631 0.0991049 2.26691 0.024064 0.171813
0.402855 2.71755 0.635659 0.177953 0.172439 0.0533297 0.0937992 1.40746 0.613006 0.12135
0.359019 0.122616 0.461563 0.299925 0.278415 0.610904 0.382142 0.172861 0.0399595 0.0295274
0.962717 0.830804 0.118409 0.0404887 0.322326 0.0226849 0.326124 0.12652 0.355576 0.107747
0.27211 0.447899 0.00473073 0.507473 0.31227 0.429056 0.146463 0.019412 0.181676 0.137327
0.210509 0.162972 0.0735513 0.0331934 0.327883 0.0249585 0.311335 0.00346628 0.0911074 0.137669
0.304258 0.856455 0.193615 0.431237 0.0388936 0.0138831 0.181757 0.0281768 0.0515158 0.0694726
1.65558 0.343761 0.178377 0.557477 0.584999 0.0300534 0.130783 0.707361 0.0860344 0.123731
0.804426 0.36912 0.355101 0.413188 0.443291 1.0397 0.346052 0.705012 0.581687 0.377736
0.16124 0.0189321 0.45922 0.0455927 0.138908 1.52125 0.105659 0.0587758 0.0888759 0.0326275
0.0415166 0.221859 0.534526 0.0427324 0.170052 0.325761 1.11474 0.184424 0.0508826 0.154697
0.237138 0.334866 0.179084 0.0504182 0.0683001 0.014704 0.00701186 0.615482 2.98075 3.74109
0.074548 0.265703 0.0490831 0.0700604 0.0511062 0.279121 0.118256 0.130554 0.186463 0.145621
0.0757782 0.192735 3.93231 0.1737 0.460109 0.182946 0.208222 0.190702 0.362971 1.16135
0.156985 0.088573 0.116843 0.0481123 1.22318 1.76821 2.34992 0.244479 1.22147 0.0929442
0.0514261 0.170898 0.366418 0.266895 0.0190008 0.141125 0.211519 0.0854286 0.205257 2.28989
2.4787 0.0242186 0.282711 1.23984 1.5987 0.0840836 0.0826765 0.195192 0.00923749 1.18533
0.748644 0.469271 0.0353185 0.0268279 0.0545845 0.0261852 1.10289 0.171563 0.112212 0.357306
0.351306 0.00264636 0.294826 0.120011 0.449031 0.0409642 0.550718 0.206713 0.156745 0.0132395
0.342438 3.18602 0.0124 3.41184 0.418953 0.167454 0.0110608 0.135474 1.26094 0.00696023
0.0395831 0.0261905 0.048103 0.799801 0.0373617 0.0942659 0.00297996 0.0904231 0.440804 0.0316958
0.184869 0.600813 0.276508 0.194362 0.293306 0.348829 1.26798 0.762943 0.102909 0.057065
1.14595 0.879922 0.148211 0.350307 0.119872 0.592593 0.116827 1.97642 0.0472031 0.0784007
0.167698 0.0126375 0.0346184 0.0758139 0.100136 0.0997532 0.233839 0.100583 0.188963 2.23295
0.103642 1.93579 0.893473 0.134595 0.723198 0.604684 0.0507338 0.559188 0.144934 0.0352059
0.166918 1.32823 0.381597 0.294632 0.146139 0.205622 0.0896624 0.75301 0.596649 1.76488
0.178213 0.322996 0.0263544 0.206406 0.327322 0.0387626 0.414899 0.0284163 0.120696 0.950914
0.303554 0.055985 0.0519562 1.45373 0.778435 0.280786 0.087111 0.11033 0.131161 0.44147
1.37016 0.514691 0.268651 0.139219 0.130928 0.349509 0.0963044 0.160977 0.318503 0.0103313
0.223542 0.38215 0.337538 0.43927 0.0602985 0.62301 0.0376405 0.732294 0.0712519 0.0916343
0.383649 0.412657 0.178 0.765206 0.0424875 0.170136 0.0354636 0.973443 0.104136 0.226051
1.14064 0.275294 0.0743566 0.137824 0.00457615 0.547651 0.770201 0.0814794 0.484222 0.689039
0.0101951 0.157652 0.659551 0.41319 0.230458 0.278387 0.0262847 0.10966 0.244979 0.165436
1.30546 0.566051 0.0182408 0.330687 0.0875949 0.0457806 0.136233 0.319797 0.140849 0.989129
0.637751 0.157954 0.841431 0.161781 0.362518 0.499125 1.46623 0.0827738 0.0665321 1.00838
0.100953 0.0375387 0.69481 2.23776 2.84724 0.131599 0.889426 0.709833 1.55859 0.801503
0.187691 0.149612 1.04055 0.24914 0.0399825 1.66696 0.449545 0.180169 0.648709 0.161681
3.6158 0.0496927 0.0574708 0.122491 0.157444 0.134788 1.14282 1.75626 0.673034 0.0178301
0.525369 0.237433 1.13644 0.622827 0.0500745 0.777919 0.212503 0.136625 
***
1.69263 0.00186122 2.62218 1.86625 2.90277 1.84874 2.02558 0.037683 3.84026 0.163508
0.737105 2.12182 2.19872 2.11899 2.00598 1.7445 1.88365 0.0065303 1.62648 2.29063
2.32291 2.18774 0.621417 1.31243 2.42103 1.72969 1.71192 2.92096 2.50777 1.58516
3.05646 1.42506 1.59378 0.00670718 1.83256 0.366535 0.00332624 1.88863 2.02584 0.598807
2.38668 1.97758 0.131042 1.72402 1.84732 1.0795 1.8692 2.03568 1.52642 1.79529
2.05252 2.33252 2.3536 1.84266 0.0465807 2.23995 1.31277 1.38577 0.294687 2.05541
2.09259 1.80637 1.64091 1.91243 2.00152 1.53105 2.15728 1.59259 2.51748 1.84435
3.62597 1.78503 0.0621603 2.37333 0.181631 1.78241 1.67688 2.39079 1.69227 3.09333
1.79997 2.37237 1.14667 1.87294 1.56742 0.004887 1.67146 1.65662 1.97291 2.24467
0.0980344 0.0392911 3.18293 1.52935 3.07064 1.14995 2.6629 1.75369 2.13625 1.87439
1.39889 1.93482 2.38231 0.930624 0.00860989 1.64217 1.6698 1.65039 2.53342 1.814
1.64727 0.0015833 0.83545 0.234029 3.0204 4.60422 2.54158 2.13448 1.61661 1.62278
1.11138 1.86276 2.30774 2.20189 1.5474 2.05236 2.00701 2.07025 2.2009 0.00373352
2.32356 1.62238 1.89601 1.63844 1.78597 2.13777 4.26872 1.82258 2.29569 3.48212
2.26605 1.81574 2.20657 0.0379743 0.327223 2.04274 3.50394 1.21038 1.61597 0.0109583
1.87366 1.79942 2.56732 1.83883 2.36918 0.00699487 1.68745 2.05459 3.87155 1.54398
1.89918 1.8262 0.0182598 2.01744 1.89783 2.74392 0.143682 5.36066 1.72506 4.34386
2.65192 2.03823 2.70615 2.05833 1.77216 2.03238 1.98407 2.60749 2.55747 2.45402
0.124728 1.85093 1.02165 0.216731 2.54626 2.24759 0.00504703 1.97201 1.11481 1.52784
1.81082 2.05716 1.86307 0.0336648 2.12779 1.60198 1.03848 1.31786 0.0064947 0.0179151
1.84887 6.15727 2.41851 3.04953 1.78787 1.42252 0.111005 3.0684 1.6441 2.13364
2.06961 1.9112 2.03685 0.00938687 1.99543 2.18169 1.73188 1.82088 2.0993 1.8802
1.92381 2.32466 1.41582 0.0818411 0.727059 1.78262 2.01092 0.0014646 1.95269 1.61165
0.0541832 2.12537 0.166313 1.83935 1.84269 1.75631 1.88472 0.129602 1.54768 2.07941
1.44642 2.12774 1.48603 0.0413152 2.48 2.57333 1.60721 0.694672 0.0414667 2.54601
1.76589 2.14601 0.0144209 0.700609 1.84845 2.09709 6.02627 1.85635 1.19464 2.42158
1.51091 2.29406 2.29862 0.808111 1.74216 1.87482 1.15587 0.401406 2.09078 2.13216
0.331925 1.91441 1.74018 1.85574 1.8861 1.8303 1.7844 1.92316 1.62546 0.116744
1.76883 2.44426 1.76981 2.57504 0.193013 2.54822 5.02814 2.3316 1.7586 1.98009
1.94847 1.6473 2.28323 1.95053 1.64226 1.73898 2.13113 3.55826 2.01355 1.97624
0.0152426 1.95446 3.38955 1.40277 1.334 2.0689 2.25624 0.00273485 1.66666 0.00344785
2.10797 3.18377 0.00497433 1.5692 1.85523 2.81541 1.61297 1.80113 0.0159441 1.91035
3.41082 1.75824 1.69235 3.4587 0.0476664 0.0111863 1.88092 5.10667 1.75667 1.99594
1.94754 0.378299 1.65832 3.09555 0.47968 2.60588 1.99528 2.77692 1.78502 1.64483
1.1034 1.55875 1.91394 2.00459 2.1453 2.11458 1.18492 0.327625 0.0317301 1.92595
2.11761 1.82721 2.3135 2.05346 1.9112 2.25816 2.2366 0.0689229 2.2564 1.78389
0.322118 0.87941 1.76106 1.85688 2.12468 0.000258328 2.17793 0.925734 5.28708 2.15327
2.2247 1.62467 0.000658562 0.0156079 2.53296 1.94331 1.97842 1.75642 2.51126 0.00528066
2.32626 1.79128 2.04038 2.10402 2.99988 2.1617 1.66879 1.66625 1.34817 0.00119415
1.75375 2.07078 1.68979 2.58751 1.93577 0.0204945 1.07498 1.58957 1.33363 0.030609
0.236582 0.0139708 2.10894 0.844312 0.05142 1.66014 1.97625 1.42545 1.64696 1.77152
1.32074 2.71473 2.29575 1.84408 2.65158 1.74956 0.00927598 2.20556 6.76639 2.11422
2.91276 2.29781 0.0244837 1.67931 1.71329 1.75936 0.744526 0.00375754 1.76406 2.519
1.79983 2.03207 2.15151 1.34167 2.57459 2.05077 2.04834 0.444372 4.71328 1.61193
1.30206 1.099 0.762894 0.0747243 0.0793837 0.00818288 0.0129162 0.284048 1.12456 0.0336867
1.98701 1.60547 1.13495 2.64007 0.661241 2.64598 0.181635 2.33255 3.53365 3.05882
1.6919 2.21959 0.0523018 1.70497 1.57304 1.69334 1.84745 1.51391 4.33268 5.41051
2.84017 1.78436 1.91152 0.014672 1.78228 2.8347 1.82383 2.83793 2.39462 1.86687
2.12364 1.89671 2.22926 1.62569 0.0237052 1.74684 3.85873 0.141675 1.67844 2.22168
3.76046 1.90799 2.85065 1.93541 1.55696 0.195365 1.80279 2.01941 4.5408 1.33207
1.62362 1.62209 1.32347 0.842601 1.47164 0.000134188 2.56319 0.056686 0.00317709 1.98583
0.341526 1.91879 1.84721 1.67889 1.87976 0.00902712 3.32393 1.6865 1.02512 0.00572165
0.00384839 1.56945 1.48407 3.51434 0.478677 2.28362 0.101264 1.73862 2.24818 4.07147
1.89106 0.0162469 0.0880777 2.0048 2.29818 0.865926 2.26558 1.76528 2.05879 2.22136
0.00413274 1.9684 2.48352 1.8504 1.92864 1.90899 2.28098 2.79708 1.54253 2.33052
2.16803 1.77227 0.0160833 1.41797 1.68585 2.15234 1.623 3.74456 1.8109 2.1507
1.79284 1.51142 1.88368 0.00924664 1.945 2.36886 2.33677 1.53034 1.8824 1.9
0.358553 1.73766 2.2826 1.88936 1.88911 0.308582 1.33826 0.00529979 2.81934 1.7769
1.97227 2.17928 0.70431 1.88561 1.3742 2.26534 2.39291 2.13297 1.65969 0.0120553
1.76388 0.0191159 1.94897 0.0464685 1.95173 2.1394 1.99093 1.56321 2.04531 1.81109
2.18164 1.67287 1.64711 5.73888 1.73529 1.66396 3.40825 2.20396 1.63081 4.67916
1.8946 1.51215 2.27284 4.10814 2.09802 0.328726 2.00649 1.4452 1.75524 1.62009
2.01779 1.83564 0.224183 1.11142 3.7744 1.29841 1.73163 0.351965 0.00635572 1.61095
0.964858 2.07165 0.0675273 1.80316 3.92654 1.613 0.000317337 0.133633 0.0295992 2.35069
1.9112 0.666233 2.78828 1.86709 1.87787 1.66962 2.30182 1.41967 0.0143076 1.75897
2.66029 3.13723 1.89386 2.0664 2.41033 1.3176 1.09455 0.958892 2.61539 1.89027
2.20669 2.08736 1.84806 2.09235 0.0647775 0.0196861 2.17067 1.46911 0.181251 1.51657
1.84675 3.93568 0.100823 6.24769 1.72722 2.04957 0.340882 0.00148485 2.73792 2.16495
0.183651 2.84811 0.000855244 1.76778 2.2078 1.75798 1.71448 2.30143 1.50378 3.88187
3.0291 3.27059 2.41858 2.0379 0.0900579 1.7646 3.71306 1.42052 2.39961 1.67689
2.94499 0.0585458 4.98589 2.84356 1.83563 0.252451 1.74831 5.83082 0.0157775 1.92297
1.66151 2.2301 1.63487 2.17264 1.81348 1.00841 1.57323 2.08861 2.15574 2.09026
1.87755 1.74604 0.00628884 0.0836592 2.89185 1.22636 0.832693 2.08102 1.9673 1.45587
2.01984 0.20974 1.97919 1.80069 2.04043 2.32921 2.08171 1.84559 1.82731 2.07594
1.45551 0.102707 0.0486299 2.11411 2.6123 0.0313717 1.63302 1.64726 2.1048 0.0851789
0.0324601 1.92813 1.53005 1.84593 0.0708322 1.67242 1.85234 3.2893 2.22545 2.02927
0.0639846 2.2961 1.88432 2.6074 1.44038 2.35019 4.08776 1.7238 1.36169 0.0403138
3.76738 2.11621 0.000969228 5.41546 1.63713 2.37186 3.45791 3.08301 0.00113327 1.6564
2.03596 2.48171 1.96471 3.91487 1.30954 1.64242 1.52097 1.20376 2.35476 2.22849
1.32296 1.48124 1.8018 1.44517 1.84857 1.9291 1.65139 2.00801 1.92906 1.16699
0.00988877 1.5443 1.90384 1.75031 1.67705 2.40485 2.56471 2.65603 1.65754 2.17035
1.79055 1.31291 6.23412 2.62505 1.80557 1.66855 2.62882 1.16455 1.1747 1.58481
2.07522 1.61465 1.20042 1.745 2.01341 1.95281 1.83987 1.68776 4.05498 5.05503
6.64201 2.0657 2.17373 1.47467 1.39478 1.33547 1.67907 2.07365 1.42655 1.82152
1.47403 1.56567 2.1522 0.0393306 1.98176 1.74835 1.55401 2.13719 0.00281884 2.90109
1.70424 1.85866 1.70117 2.46591 2.26392 1.61011 1.75282 1.87523 2.41613 2.69006
2.03405 2.12856 1.85764 3.10253 1.7005 1.71031 1.58173 2.07849 3.13395 1.95889
1.68825 1.87802 2.0649 1.62613 0.0112103 1.63012 1.8476 3.01234 3.52494 3.37195
0.00893682 1.89098 1.88988 1.90642 1.5353 6.64278 2.18771 1.99094 0.0016798 1.53419
1.77752 1.96066 1.90681 1.88988 2.01353 2.42776 1.70617 1.48845 1.83461 1.6879
1.25965 1.5486 1.61256 1.60102 0.95255 0.261908 1.58106 1.96352 1.81152 1.37645
0.0553131 1.84444 2.17197 2.85694 0.00759399 2.13827 1.94165 2.21727 1.97574 1.65392
3.09853 2.20496 1.71592 1.81408 2.05323 2.31934 1.55015 0.642721 2.07513 0.00207086
2.12343 1.27381 1.75881 1.85413 2.35621 1.89423 1.75751 1.64442 6.16357 1.39468
2.15067 0.153881 1.71383 2.04079 1.50023 0.557061 3.02162 2.20599 3.51264 2.21204
2.07163 1.66735 1.54259 1.90821 1.68581 1.68874 1.49038 1.79925 1.4327 0.0037904
1.66402 0.728297 0.00908208 1.69173 0.9131 1.45299 0.773271 1.41629 1.37509 1.98546
1.64129 0.795633 0.23352 1.26157 0.209106 1.25014 1.20039 1.57714 0.0041813 0.578367
1.15474 1.33287 0.245245 0.973336 0.64084 1.26812 0.744256 0.631875 0.739289 2.94024
0.314861 0.381321 0.445329 0.0446136 0.599544 0.88783 0.505502 1.20624 1.00179 0.622236
0.393614 1.49026 0.816326 0.875395 1.96432 1.04474 0.819715 0.388527 0.730418 1.28739
1.86717 0.0223562 3.85866 0.0678087 0.059295 1.35987 0.332696 0.469574 0.00309529 0.819786
1.00669 0.609501 1.38538 0.0175057 1.03753 0.590908 0.648288 1.03252 1.44565 0.638684
1.37057 0.904347 0.470934 0.969143 1.12408 1.02059 0.518005 2.92135 0.81355 0.489455
0.832247 5.55137 1.26009 0.399046 1.14023 0.00430376 0.712817 1.58826 0.941054 1.10261
0.864265 0.389084 0.880188 0.400759 0.672459 0.556812 0.759045 0.197463 0.125045 0.0526028
0.444552 1.191 0.377085 0.521605 0.966259 0.894045 1.24433 0.242904 0.0366397 0.288238
0.619237 1.01006 0.0115792 0.876363 0.980117 0.560644 0.116797 0.0491406 0.717503 0.131244
0.652679 0.0782785 0.490061 0.364954 0.274625 0.0149302 1.42035 0.012146 0.239591 0.768452
0.0974733 1.7862 0.749779 0.890514 0.3891 0.0837104 0.027099 0.0700258 0.0751668 0.00960915
1.81866 0.339803 0.363349 0.764591 0.746434 0.00261862 0.414474 0.546715 0.187578 0.513495
0.300773 0.259111 0.737139 0.834416 0.437354 2.14385 0.620413 1.6766 1.42586 0.364719
0.0337805 0.058995 0.819907 0.199324 0.652475 2.54834 0.770481 0.314281 0.583669 0.403216
0.0119816 0.663303 1.744 0.682891 0.378715 0.686126 1.03425 0.188794 0.358816 0.732851
0.610839 0.790909 0.856799 0.455533 0.00337506 0.0204107 0.0463833 0.0327404 6.63488 4.99315
0.121277 0.0617275 0.155451 0.322745 0.992873 0.499786 0.101139 0.559827 0.453557 0.0343468
1.02771 0.886438 5.5274 0.101512 1.03512 0.377374 0.258147 0.70871 0.261549 1.60536
0.0199181 0.666878 0.258849 0.08411 1.28596 1.44898 3.54662 0.566108 0.852312 0.159721
0.612877 0.457096 0.927683 0.2709 0.0117597 0.699765 0.193582 0.519994 0.205729 4.44065
3.881 0.683204 0.977249 2.00023 2.1605 0.615644 0.271872 0.461687 0.128153 1.33841
1.22782 1.06024 0.310553 0.197644 0.302884 0.00616642 0.902703 0.342475 0.259172 0.368294
0.206623 0.0118147 1.32949 0.977657 0.0475524 0.506599 1.81177 0.300437 0.587603 0.00361649
0.0804483 3.7407 0.0034303 4.04365 0.344571 0.277174 0.0915146 0.0799058 1.51388 0.136284
0.0551405 0.204337 0.000353958 0.735054 0.0193191 0.549368 0.00147433 0.0529655 0.473809 0.132021
0.326216 0.201024 0.615519 0.599166 0.530131 0.621547 1.41668 0.779809 0.0544925 0.764728
1.19597 1.02225 0.456892 0.433412 0.231439 0.752431 0.421968 2.82159 0.07129 0.125589
1.11893 0.21967 0.51392 0.743268 0.534961 0.146499 0.317926 0.292187 0.617283 2.50457
0.520225 2.36023 0.586943 0.119763 1.05864 0.534532 0.313289 0.801633 0.635296 0.0538527
0.159213 1.05977 0.723083 0.377586 0.233133 0.138413 0.134661 0.526828 0.834118 3.38047
0.488996 0.589001 0.0124733 0.031969 0.530754 0.0559182 0.978511 0.018144 0.16412 1.27621
0.399533 1.09417 1.89716 3.63095 3.62425 0.809186 0.975459 1.10461 0.0831492 0.882565
1.63392 1.17424 1.07017 0.124889 0.438099 0.863173 0.223818 0.494121 0.268725 0.0686689
0.479044 0.705497 0.391014 0.608593 0.51019 0.239827 0.3204 0.696808 0.546104 0.01949
0.587191 1.07324 0.341251 0.484869 0.0804754 1.38218 0.601951 1.33613 1.04656 0.506695
1.99787 0.819942 0.925232 0.663865 0.0203005 0.578913 1.64438 0.451559 1.11705 0.921801
0.511 0.627967 0.74232 0.773862 1.04871 0.487644 0.0773166 0.132876 0.657088 0.43013
0.875938 0.956268 0.0444969 0.471722 0.696938 0.740745 0.314606 0.464829 0.0908161 1.11599
1.21651 0.154534 0.806624 0.563003 1.21595 1.32007 1.83248 1.10952 0.380554 1.98047
0.15536 0.641783 1.02797 5.13824 5.58275 0.665917 1.27362 0.855203 1.74159 1.32736
0.850958 0.391086 0.855987 0.568812 0.0573278 1.93156 0.638331 0.306944 0.858608 1.00151
3.39619 0.0144377 0.712309 1.20864 1.32835 0.438346 1.857 6.20722 1.3036 1.39079
1.34572 0.990195 1.35135 1.40279 0.978117 1.60664 0.79853 0.69231 
>covarianceMatrix:
A
0.512	0	0	0	0	0	0	0	0	0	0	0	
0	0.512	0	0	0	0	0	0	0	0	0	0	
0	0	0.512	0	0	0	0	0	0	0	0	0	
0	0	0	0.512	0	0	0	0	0	0	0	0	
0	0	0	0	0.512	0	0	0	0	0	0	0	
0	0	0	0	0	0.512	0	0	0	0	0	0	
0	0	0	0	0	0	0.512	0	0	0	0	0	
0	0	0	0	0	0	0	0.512	0	0	0	0	
0	0	0	0	0	0	0	0	0.512	0	0	0	
0	0	0	0	0	0	0	0	0	0.512	0	0	
0	0	0	0	0	0	0	0	0	0	0.512	0	
0	0	0	0	0	0	0	0	0	0	0	0.512	
***
>covarianceMatrix:
C
0.8	0	0	0	
0	0.8	0	0	
0	0	0.8	0	
0	0	0	0.8	
***
>covarianceMatrix:
D
0.8	0	0	0	
0	0.8	0	0	
0	0	0.8	0	
0	0	0	0.8	
***
>covarianceMatrix:
E
0.8	0	0	0	
0	0.8	0	0	
0	0	0.8	0	
0	0	0	0.8	
***
>covarianceMatrix:
F
0.8	0	0	0	
0	0.8	0	0	
0	0	0.8	0	
0	0	0	0.8	
***
>covarianceMatrix:
G
0.512	0	0	0	0	0	0	0	0	0	0	0	
0	0.512	0	0	0	0	0	0	0	0	0	0	
0	0	0.512	0	0	0	0	0	0	0	0	0	
0	0	0	0.512	0	0	0	0	0	0	0	0	
0	0	0	0	0.512	0	0	0	0	0	0	0	
0	0	0	0	0	0.512	0	0	0	0	0	0	
0	0	0	0	0	0	0.512	0	0	0	0	0	
0	0	0	0	0	0	0	0.512	0	0	0	0	
0	0	0	0	0	0	0	0	0.512	0	0	0	
0	0	0	0	0	0	0	0	0	0.512	0	0	
0	0	0	0	0	0	0	0	0	0	0.512	0	
0	0	0	0	0	0	0	0	0	0	0	0.512	
***
>covarianceMatrix:
H
0.8	0	0	0	
0	0.8	0	0	
0	0	0.8	0	
0	0	0	0.8	
***
>covarianceMatrix:
I
0.64	0	0	0	0	0	0	0	
0	0.64	0	0	0	0	0	0	
0	0	0.64	0	0	0	0	0	
0	0	0	0.64	0	0	0	0	
0	0	0	0	0.64	0	0	0	
0	0	0	0	0	0.64	0	0	
0	0	0	0	0	0	0.64	0	
0	0	0	0	0	0	0	0.64	
***
>covarianceMatrix:
K
0.8	0	0	0	
0	0.8	0	0	
0	0	0.8	0	
0	0	0	0.8	
***
>covarianceMatrix:
L
0.32768	0	0	0	0	0	0	0	0	0	0	0	0	0	0	0	0	0	0	0	
0	0.32768	0	0	0	0	0	0	0	0	0	0	0	0	0	0	0	0	0	0	
0	0	0.32768	0	0	0	0	0	0	0	0	0	0	0	0	0	0	0	0	0	
0	0	0	0.32768	0	0	0	0	0	0	0	0	0	0	0	0	0	0	0	0	
0	0	0	0	0.32768	0	0	0	0	0	0	0	0	0	0	0	0	0	0	0	
0	0	0	0	0	0.32768	0	0	0	0	0	0	0	0	0	0	0	0	0	0	
0	0	0	0	0	0	0.32768	0	0	0	0	0	0	0	0	0	0	0	0	0	
0	0	0	0	0	0	0	0.32768	0	0	0	0	0	0	0	0	0	0	0	0	
0	0	0	0	0	0	0	0	0.32768	0	0	0	0	0	0	0	0	0	0	0	
0	0	0	0	0	0	0	0	0	0.32768	0	0	0	0	0	0	0	0	0	0	
0	0	0	0	0	0	0	0	0	0	0.32768	0	0	0	0	0	0	0	0	0	
0	0	0	0	0	0	0	0	0	0	0	0.32768	0	0	0	0	0	0	0	0	
0	0	0	0	0	0	0	0	0	0	0	0	0.32768	0	0	0	0	0	0	0	
0	0	0	0	0	0	0	0	0	0	0	0	0	0.32768	0	0	0	0	0	0	
0	0	0	0	0	0	0	0	0	0	0	0	0	0	0.32768	0	0	0	0	0	
0	0	0	0	0	0	0	0	0	0	0	0	0	0	0	0.32768	0	0	0	0	
0	0	0	0	0	0	0	0	0	0	0	0	0	0	0	0	0.32768	0	0	0	
0	0	0	0	0	0	0	0	0	0	0	0	0	0	0	0	0	0.32768	0	0	
0	0	0	0	0	0	0	0	0	0	0	0	0	0	0	0	0	0	0.32768	0	
0	0	0	0	0	0	0	0	0	0	0	0	0	0	0	0	0	0	0	0.32768	
***
>covarianceMatrix:
M

***
>covarianceMatrix:
N
0.8	0	0	0	
0	0.8	0	0	
0	0	0.8	0	
0	0	0	0.8	
***
>covarianceMatrix:
P
0.512	0	0	0	0	0	0	0	0	0	0	0	
0	0.512	0	0	0	0	0	0	0	0	0	0	
0	0	0.512	0	0	0	0	0	0	0	0	0	
0	0	0	0.512	0	0	0	0	0	0	0	0	
0	0	0	0	0.512	0	0	0	0	0	0	0	
0	0	0	0	0	0.512	0	0	0	0	0	0	
0	0	0	0	0	0	0.512	0	0	0	0	0	
0	0	0	0	0	0	0	0.512	0	0	0	0	
0	0	0	0	0	0	0	0	0.512	0	0	0	
0	0	0	0	0	0	0	0	0	0.512	0	0	
0	0	0	0	0	0	0	0	0	0	0.512	0	
0	0	0	0	0	0	0	0	0	0	0	0.512	
***
>covarianceMatrix:
Q
0.8	0	0	0	
0	0.8	0	0	
0	0	0.8	0	
0	0	0	0.8	
***
>covarianceMatrix:
R
0.32768	0	0	0	0	0	0	0	0	0	0	0	0	0	0	0	0	0	0	0	
0	0.32768	0	0	0	0	0	0	0	0	0	0	0	0	0	0	0	0	0	0	
0	0	0.32768	0	0	0	0	0	0	0	0	0	0	0	0	0	0	0	0	0	
0	0	0	0.32768	0	0	0	0	0	0	0	0	0	0	0	0	0	0	0	0	
0	0	0	0	0.32768	0	0	0	0	0	0	0	0	0	0	0	0	0	0	0	
0	0	0	0	0	0.32768	0	0	0	0	0	0	0	0	0	0	0	0	0	0	
0	0	0	0	0	0	0.32768	0	0	0	0	0	0	0	0	0	0	0	0	0	
0	0	0	0	0	0	0	0.32768	0	0	0	0	0	0	0	0	0	0	0	0	
0	0	0	0	0	0	0	0	0.32768	0	0	0	0	0	0	0	0	0	0	0	
0	0	0	0	0	0	0	0	0	0.32768	0	0	0	0	0	0	0	0	0	0	
0	0	0	0	0	0	0	0	0	0	0.32768	0	0	0	0	0	0	0	0	0	
0	0	0	0	0	0	0	0	0	0	0	0.32768	0	0	0	0	0	0	0	0	
0	0	0	0	0	0	0	0	0	0	0	0	0.32768	0	0	0	0	0	0	0	
0	0	0	0	0	0	0	0	0	0	0	0	0	0.32768	0	0	0	0	0	0	
0	0	0	0	0	0	0	0	0	0	0	0	0	0	0.32768	0	0	0	0	0	
0	0	0	0	0	0	0	0	0	0	0	0	0	0	0	0.32768	0	0	0	0	
0	0	0	0	0	0	0	0	0	0	0	0	0	0	0	0	0.32768	0	0	0	
0	0	0	0	0	0	0	0	0	0	0	0	0	0	0	0	0	0.32768	0	0	
0	0	0	0	0	0	0	0	0	0	0	0	0	0	0	0	0	0	0.32768	0	
0	0	0	0	0	0	0	0	0	0	0	0	0	0	0	0	0	0	0	0.32768	
***
>covarianceMatrix:
S
0.512	0	0	0	0	0	0	0	0	0	0	0	
0	0.512	0	0	0	0	0	0	0	0	0	0	
0	0	0.512	0	0	0	0	0	0	0	0	0	
0	0	0	0.512	0	0	0	0	0	0	0	0	
0	0	0	0	0.512	0	0	0	0	0	0	0	
0	0	0	0	0	0.512	0	0	0	0	0	0	
0	0	0	0	0	0	0.512	0	0	0	0	0	
0	0	0	0	0	0	0	0.512	0	0	0	0	
0	0	0	0	0	0	0	0	0.512	0	0	0	
0	0	0	0	0	0	0	0	0	0.512	0	0	
0	0	0	0	0	0	0	0	0	0	0.512	0	
0	0	0	0	0	0	0	0	0	0	0	0.512	
***
>covarianceMatrix:
T
0.512	0	0	0	0	0	0	0	0	0	0	0	
0	0.512	0	0	0	0	0	0	0	0	0	0	
0	0	0.512	0	0	0	0	0	0	0	0	0	
0	0	0	0.512	0	0	0	0	0	0	0	0	
0	0	0	0	0.512	0	0	0	0	0	0	0	
0	0	0	0	0	0.512	0	0	0	0	0	0	
0	0	0	0	0	0	0.512	0	0	0	0	0	
0	0	0	0	0	0	0	0.512	0	0	0	0	
0	0	0	0	0	0	0	0	0.512	0	0	0	
0	0	0	0	0	0	0	0	0	0.512	0	0	
0	0	0	0	0	0	0	0	0	0	0.512	0	
0	0	0	0	0	0	0	0	0	0	0	0.512	
***
>covarianceMatrix:
V
0.512	0	0	0	0	0	0	0	0	0	0	0	
0	0.512	0	0	0	0	0	0	0	0	0	0	
0	0	0.512	0	0	0	0	0	0	0	0	0	
0	0	0	0.512	0	0	0	0	0	0	0	0	
0	0	0	0	0.512	0	0	0	0	0	0	0	
0	0	0	0	0	0.512	0	0	0	0	0	0	
0	0	0	0	0	0	0.512	0	0	0	0	0	
0	0	0	0	0	0	0	0.512	0	0	0	0	
0	0	0	0	0	0	0	0	0.512	0	0	0	
0	0	0	0	0	0	0	0	0	0.512	0	0	
0	0	0	0	0	0	0	0	0	0	0.512	0	
0	0	0	0	0	0	0	0	0	0	0	0.512	
***
>covarianceMatrix:
W

***
>covarianceMatrix:
Y
0.8	0	0	0	
0	0.8	0	0	
0	0	0.8	0	
0	0	0	0.8	
***
>covarianceMatrix:
Z
0.8	0	0	0	
0	0.8	0	0	
0	0	0.8	0	
0	0	0	0.8	
***
>covarianceMatrix:
X
1	0	0	0	0	0	0	0	
0	1	0	0	0	0	0	0	
0	0	1	0	0	0	0	0	
0	0	0	1	0	0	0	0	
0	0	0	0	1	0	0	0	
0	0	0	0	0	1	0	0	
0	0	0	0	0	0	1	0	
0	0	0	0	0	0	0	1	
***
>std_csp:
0.08 0.08 0.08 0.08 0.08 0.08 0.08 0.08 0.08 0.08
0.08 0.08 0.08 0.08 0.08 0.08 0.08 0.08 0.08 0.08
0.08 0.08 0.08 0.08 0.08 0.08 0.08 0.08 0.08 0.08
0.08 0.08 0.08 0.08 0.08 0.08 0.08 0.08 0.08 0.08
>currentMutationParameter:
***
-0.351206 0.37804 0.482376 0.359572 0.58758 -0.610557 0.67819 1.17068 0.616397 2.60255
0.412653 0.426002 0.23238 -0.594874 0.38867 0.85346 0.340444 0.463886 0.0192667 -0.148847
-0.0444183 0.291683 0.359361 -0.338474 -0.882229 -0.699295 -0.196709 0.396872 0.197197 0.0236748
0.518833 0.360352 -0.333441 0.286959 0.318584 0.00969851 0.568325 0.19753 0.164234 0.0683416
***
-0.878969 -1.16534 -1.30966 -1.22509 -1.52702 1.1554 0.135267 0.692113 -2.23682 -1.28499
-1.37266 1.51371 -0.661861 0.987818 0.533375 -0.518988 -1.8007 0.46798 2.13151 -1.85607
-0.559724 -1.34065 -1.6078 1.53235 -0.804486 -1.42901 0.25319 -1.23271 -1.4008 0.403151
-0.768476 -1.19973 -0.914442 -1.39422 -1.60159 0.830381 -0.551901 -1.39379 -1.65497 -1.88231
>currentSelectionParameter:
***
0.683676 0.0264842 0.991072 0.58679 -0.216898 -0.0565986 -0.360526 -0.308806 -0.650367 -1.21287
-0.253749 0.890272 0.397788 0.496053 0.416273 1.25077 0.697492 0.872137 0.547614 -0.112707
-0.442261 0.561071 0.564528 -0.724715 -0.00905987 0.627371 2.54963 0.619098 1.82958 0.80367
-0.00135671 0.90203 0.74785 -0.0695889 0.873069 1.03039 -0.0513891 0.679159 -0.394585 0.368351
***
0.728302 0.291632 1.27976 0.612197 0.257104 -0.76889 -0.106153 0.163697 0.788035 1.63902
0.087766 -0.077566 -0.276512 -0.0356145 0.38398 1.17288 1.45748 0.577081 0.0878102 -0.00103193
0.0197491 1.02207 1.37508 -1.1487 -0.216048 0.70295 0.765411 0.812788 1.78176 0.390388
0.261017 1.18374 0.710871 0.287796 1.32583 0.334893 0.0720326 0.859539 0.0306561 0.606025
