>Sphi:
1.57764
>Aphi:
6.95322e-310
>numParam:
40
>numMixtures:
2
>std_sphi:
0.08
>std_phi:
***
0.12 0.12 0.12 0.12 0.12 0.12 0.12 0.12 0.12 0.12
0.12 0.12 0.12 0.12 0.12 0.12 0.12 0.12 0.12 0.12
0.12 0.12 0.12 0.12 0.12 0.12 0.12 0.12 0.12 0.12
0.12 0.12 0.12 0.12 0.12 0.12 0.12 0.12 0.12 0.12
0.12 0.12 0.12 0.12 0.12 0.12 0.12 0.12 0.12 0.12
0.12 0.12 0.12 0.12 0.12 0.12 0.12 0.12 0.12 0.12
0.12 0.12 0.12 0.12 0.12 0.12 0.12 0.12 0.12 0.12
0.12 0.12 0.12 0.12 0.12 0.12 0.12 0.12 0.12 0.12
0.12 0.12 0.12 0.12 0.12 0.12 0.12 0.12 0.12 0.12
0.12 0.12 0.12 0.12 0.12 0.12 0.12 0.12 0.12 0.12
0.12 0.12 0.12 0.12 0.12 0.12 0.12 0.12 0.12 0.12
0.12 0.12 0.12 0.12 0.12 0.12 0.12 0.12 0.12 0.12
0.12 0.12 0.12 0.12 0.12 0.12 0.12 0.12 0.12 0.12
0.12 0.12 0.12 0.12 0.12 0.12 0.12 0.12 0.12 0.12
0.12 0.12 0.12 0.12 0.12 0.12 0.12 0.12 0.12 0.12
0.12 0.12 0.12 0.12 0.12 0.12 0.12 0.12 0.12 0.12
0.12 0.12 0.12 0.12 0.12 0.12 0.12 0.12 0.12 0.12
0.12 0.12 0.12 0.12 0.12 0.12 0.12 0.12 0.12 0.12
0.12 0.12 0.12 0.12 0.12 0.12 0.12 0.12 0.12 0.12
0.12 0.12 0.12 0.12 0.12 0.12 0.12 0.12 0.12 0.12
0.12 0.12 0.12 0.12 0.12 0.12 0.12 0.12 0.12 0.12
0.12 0.12 0.12 0.12 0.12 0.12 0.12 0.12 0.12 0.12
0.12 0.12 0.12 0.12 0.12 0.12 0.12 0.12 0.12 0.12
0.12 0.12 0.12 0.12 0.12 0.12 0.12 0.12 0.12 0.12
0.12 0.12 0.12 0.12 0.12 0.12 0.12 0.12 0.12 0.12
0.12 0.12 0.12 0.12 0.12 0.12 0.12 0.12 0.12 0.12
0.12 0.12 0.12 0.12 0.12 0.12 0.12 0.12 0.12 0.12
0.12 0.12 0.12 0.12 0.12 0.12 0.12 0.12 0.12 0.12
0.12 0.12 0.12 0.12 0.12 0.12 0.12 0.12 0.12 0.12
0.12 0.12 0.12 0.12 0.12 0.12 0.12 0.12 0.12 0.12
0.12 0.12 0.12 0.12 0.12 0.12 0.12 0.12 0.12 0.12
0.12 0.12 0.12 0.12 0.12 0.12 0.12 0.12 0.12 0.12
0.12 0.12 0.12 0.12 0.12 0.12 0.12 0.12 0.12 0.12
0.12 0.12 0.12 0.12 0.12 0.12 0.12 0.12 0.12 0.12
0.12 0.12 0.12 0.12 0.12 0.12 0.12 0.12 0.12 0.12
0.12 0.12 0.12 0.12 0.12 0.12 0.12 0.12 0.12 0.12
0.12 0.12 0.12 0.12 0.12 0.12 0.12 0.12 0.12 0.12
0.12 0.12 0.12 0.12 0.12 0.12 0.12 0.12 0.12 0.12
0.12 0.12 0.12 0.12 0.12 0.12 0.12 0.12 0.12 0.12
0.12 0.12 0.12 0.12 0.12 0.12 0.12 0.12 0.12 0.12
0.12 0.12 0.12 0.12 0.12 0.12 0.12 0.12 0.12 0.12
0.12 0.12 0.12 0.12 0.12 0.12 0.12 0.12 0.12 0.12
0.12 0.12 0.12 0.12 0.12 0.12 0.12 0.12 0.12 0.12
0.12 0.12 0.12 0.12 0.12 0.12 0.12 0.12 0.12 0.12
0.12 0.12 0.12 0.12 0.12 0.12 0.12 0.12 0.12 0.12
0.12 0.12 0.12 0.12 0.12 0.12 0.12 0.12 0.12 0.12
0.12 0.12 0.12 0.12 0.12 0.12 0.12 0.12 0.12 0.12
0.12 0.12 0.12 0.12 0.12 0.12 0.12 0.12 0.12 0.12
0.12 0.12 0.12 0.12 0.12 0.12 0.12 0.12 0.12 0.12
0.12 0.12 0.12 0.12 0.12 0.12 0.12 0.12 0.12 0.12
0.12 0.12 0.12 0.12 0.12 0.12 0.12 0.12 0.12 0.12
0.12 0.12 0.12 0.12 0.12 0.12 0.12 0.12 0.12 0.12
0.12 0.12 0.12 0.12 0.12 0.12 0.12 0.12 0.12 0.12
0.12 0.12 0.12 0.12 0.12 0.12 0.12 0.12 0.12 0.12
0.12 0.12 0.12 0.12 0.12 0.12 0.12 0.12 0.12 0.12
0.12 0.12 0.12 0.12 0.12 0.12 0.12 0.12 0.12 0.12
0.12 0.12 0.12 0.12 0.12 0.12 0.12 0.12 0.12 0.12
0.12 0.12 0.12 0.12 0.12 0.12 0.12 0.12 0.12 0.12
0.12 0.12 0.12 0.12 0.12 0.12 0.12 0.12 0.12 0.12
0.12 0.12 0.12 0.12 0.12 0.12 0.12 0.12 0.12 0.12
0.12 0.12 0.12 0.12 0.12 0.12 0.12 0.12 0.12 0.12
0.12 0.12 0.12 0.12 0.12 0.12 0.12 0.12 0.12 0.12
0.12 0.12 0.12 0.12 0.12 0.12 0.12 0.12 0.12 0.12
0.12 0.12 0.12 0.12 0.12 0.12 0.12 0.12 0.12 0.12
0.12 0.12 0.12 0.12 0.12 0.12 0.12 0.12 0.12 0.12
0.12 0.12 0.12 0.12 0.12 0.12 0.12 0.12 0.12 0.12
0.12 0.12 0.12 0.12 0.12 0.12 0.12 0.12 0.12 0.12
0.12 0.12 0.12 0.12 0.12 0.12 0.12 0.12 0.12 0.12
0.12 0.12 0.12 0.12 0.12 0.12 0.12 0.12 0.12 0.12
0.12 0.12 0.12 0.12 0.12 0.12 0.12 0.12 0.12 0.12
0.12 0.12 0.12 0.12 0.12 0.12 0.12 0.12 0.12 0.12
0.12 0.12 0.12 0.12 0.12 0.12 0.12 0.12 0.12 0.12
0.12 0.12 0.12 0.12 0.12 0.12 0.12 0.12 0.12 0.12
0.12 0.12 0.12 0.12 0.12 0.12 0.12 0.12 0.12 0.12
0.12 0.12 0.12 0.12 0.12 0.12 0.12 0.12 0.12 0.12
0.12 0.12 0.12 0.12 0.12 0.12 0.12 0.12 0.12 0.12
0.12 0.12 0.12 0.12 0.12 0.12 0.12 0.12 0.12 0.12
0.12 0.12 0.12 0.12 0.12 0.12 0.12 0.12 0.12 0.12
0.12 0.12 0.12 0.12 0.12 0.12 0.12 0.12 0.12 0.12
0.12 0.12 0.12 0.12 0.12 0.12 0.12 0.12 0.12 0.12
0.12 0.12 0.12 0.12 0.12 0.12 0.12 0.12 0.12 0.12
0.12 0.12 0.12 0.12 0.12 0.12 0.12 0.12 0.12 0.12
0.12 0.12 0.12 0.12 0.12 0.12 0.12 0.12 0.12 0.12
0.12 0.12 0.12 0.12 0.12 0.12 0.12 0.12 0.12 0.12
0.12 0.12 0.12 0.12 0.12 0.12 0.12 0.12 0.12 0.12
0.12 0.12 0.12 0.12 0.12 0.12 0.12 0.12 0.12 0.12
0.12 0.12 0.12 0.12 0.12 0.12 0.12 0.12 0.12 0.12
0.12 0.12 0.12 0.12 0.12 0.12 0.12 0.12 0.12 0.12
0.12 0.12 0.12 0.12 0.12 0.12 0.12 0.12 0.12 0.12
0.12 0.12 0.12 0.12 0.12 0.12 0.12 0.12 0.12 0.12
0.12 0.12 0.12 0.12 0.12 0.12 0.12 0.12 0.12 0.12
0.12 0.12 0.12 0.12 0.12 0.12 0.12 0.12 0.12 0.12
0.12 0.12 0.12 0.12 0.12 0.12 0.12 0.12 0.12 0.12
0.12 0.12 0.12 0.12 0.12 0.12 0.12 0.12 0.12 0.12
0.12 0.12 0.12 0.12 0.12 0.12 0.12 0.12 0.12 0.12
0.12 0.12 0.12 0.12 0.12 0.12 0.12 0.12 0.12 0.12
0.12 0.12 0.12 0.12 0.12 0.12 0.12 0.12 0.12 0.12
0.12 0.12 0.12 0.12 0.12 0.12 0.12 0.12 0.12 0.12
0.12 0.12 0.12 0.12 0.12 0.12 0.12 0.12 0.12 0.12
0.12 0.12 0.12 0.12 0.12 0.12 0.12 0.12 0.12 0.12
0.12 0.12 0.12 0.12 0.12 0.12 0.12 0.12 0.12 0.12
0.12 0.12 0.12 0.12 0.12 0.12 0.12 0.12 0.12 0.12
0.12 0.12 0.12 0.12 0.12 0.12 0.12 0.12 0.12 0.12
0.12 0.12 0.12 0.12 0.12 0.12 0.12 0.12 0.12 0.12
0.12 0.12 0.12 0.12 0.12 0.12 0.12 0.12 0.12 0.12
0.12 0.12 0.12 0.12 0.12 0.12 0.12 0.12 0.12 0.12
0.12 0.12 0.12 0.12 0.12 0.12 0.12 0.12 0.12 0.12
0.12 0.12 0.12 0.12 0.12 0.12 0.12 0.12 0.12 0.12
0.12 0.12 0.12 0.12 0.12 0.12 0.12 0.12 0.12 0.12
0.12 0.12 0.12 0.12 0.12 0.12 0.12 0.12 0.12 0.12
0.12 0.12 0.12 0.12 0.12 0.12 0.12 0.12 0.12 0.12
0.12 0.12 0.12 0.12 0.12 0.12 0.12 0.12 0.12 0.12
0.12 0.12 0.12 0.12 0.12 0.12 0.12 0.12 0.12 0.12
0.12 0.12 0.12 0.12 0.12 0.12 0.12 0.12 0.12 0.12
0.12 0.12 0.12 0.12 0.12 0.12 0.12 0.12 0.12 0.12
0.12 0.12 0.12 0.12 0.12 0.12 0.12 0.12 0.12 0.12
0.12 0.12 0.12 0.12 0.12 0.12 0.12 0.12 0.12 0.12
0.12 0.12 0.12 0.12 0.12 0.12 0.12 0.12 0.12 0.12
0.12 0.12 0.12 0.12 0.12 0.12 0.12 0.12 0.12 0.12
0.12 0.12 0.12 0.12 0.12 0.12 0.12 0.12 0.12 0.12
0.12 0.12 0.12 0.12 0.12 0.12 0.12 0.12 0.12 0.12
0.12 0.12 0.12 0.12 0.12 0.12 0.12 0.12 0.12 0.12
0.12 0.12 0.12 0.12 0.12 0.12 0.12 0.12 0.12 0.12
0.12 0.12 0.12 0.12 0.12 0.12 0.12 0.12 0.12 0.12
0.12 0.12 0.12 0.12 0.12 0.12 0.12 0.12 0.12 0.12
0.12 0.12 0.12 0.12 0.12 0.12 0.12 0.12 0.12 0.12
0.12 0.12 0.12 0.12 0.12 0.12 0.12 0.12 0.12 0.12
0.12 0.12 0.12 0.12 0.12 0.12 0.12 0.12 0.12 0.12
0.12 0.12 0.12 0.12 0.12 0.12 0.12 0.12 0.12 0.12
0.12 0.12 0.12 0.12 0.12 0.12 0.12 0.12 0.12 0.12
0.12 0.12 0.12 0.12 0.12 0.12 0.12 0.12 0.12 0.12
0.12 0.12 0.12 0.12 0.12 0.12 0.12 0.12 0.12 0.12
0.12 0.12 0.12 0.12 0.12 0.12 0.12 0.12 0.12 0.12
0.12 0.12 0.12 0.12 0.12 0.12 0.12 0.12 0.12 0.12
0.12 0.12 0.12 0.12 0.12 0.12 0.12 0.12 0.12 0.12
0.12 0.12 0.12 0.12 0.12 0.12 0.12 0.12 0.12 0.12
0.12 0.12 0.12 0.12 0.12 0.12 0.12 0.12 0.12 0.12
0.12 0.12 0.12 0.12 0.12 0.12 0.12 0.12 0.12 0.12
0.12 0.12 0.12 0.12 0.12 0.12 0.12 0.12 0.12 0.12
0.12 0.12 0.12 0.12 0.12 0.12 0.12 0.12 0.12 0.12
0.12 0.12 0.12 0.12 0.12 0.12 0.12 0.12 0.12 0.12
0.12 0.12 0.12 0.12 0.12 0.12 0.12 0.12 
***
0.12 0.12 0.12 0.12 0.12 0.12 0.12 0.12 0.12 0.12
0.12 0.12 0.12 0.12 0.12 0.12 0.12 0.12 0.12 0.12
0.12 0.12 0.12 0.12 0.12 0.12 0.12 0.12 0.12 0.12
0.12 0.12 0.12 0.12 0.12 0.12 0.12 0.12 0.12 0.12
0.12 0.12 0.12 0.12 0.12 0.12 0.12 0.12 0.12 0.12
0.12 0.12 0.12 0.12 0.12 0.12 0.12 0.12 0.12 0.12
0.12 0.12 0.12 0.12 0.12 0.12 0.12 0.12 0.12 0.12
0.12 0.12 0.12 0.12 0.12 0.12 0.12 0.12 0.12 0.12
0.12 0.12 0.12 0.12 0.12 0.12 0.12 0.12 0.12 0.12
0.12 0.12 0.12 0.12 0.12 0.12 0.12 0.12 0.12 0.12
0.12 0.12 0.12 0.12 0.12 0.12 0.12 0.12 0.12 0.12
0.12 0.12 0.12 0.12 0.12 0.12 0.12 0.12 0.12 0.12
0.12 0.12 0.12 0.12 0.12 0.12 0.12 0.12 0.12 0.12
0.12 0.12 0.12 0.12 0.12 0.12 0.12 0.12 0.12 0.12
0.12 0.12 0.12 0.12 0.12 0.12 0.12 0.12 0.12 0.12
0.12 0.12 0.12 0.12 0.12 0.12 0.12 0.12 0.12 0.12
0.12 0.12 0.12 0.12 0.12 0.12 0.12 0.12 0.12 0.12
0.12 0.12 0.12 0.12 0.12 0.12 0.12 0.12 0.12 0.12
0.12 0.12 0.12 0.12 0.12 0.12 0.12 0.12 0.12 0.12
0.12 0.12 0.12 0.12 0.12 0.12 0.12 0.12 0.12 0.12
0.12 0.12 0.12 0.12 0.12 0.12 0.12 0.12 0.12 0.12
0.12 0.12 0.12 0.12 0.12 0.12 0.12 0.12 0.12 0.12
0.12 0.12 0.12 0.12 0.12 0.12 0.12 0.12 0.12 0.12
0.12 0.12 0.12 0.12 0.12 0.12 0.12 0.12 0.12 0.12
0.12 0.12 0.12 0.12 0.12 0.12 0.12 0.12 0.12 0.12
0.12 0.12 0.12 0.12 0.12 0.12 0.12 0.12 0.12 0.12
0.12 0.12 0.12 0.12 0.12 0.12 0.12 0.12 0.12 0.12
0.12 0.12 0.12 0.12 0.12 0.12 0.12 0.12 0.12 0.12
0.12 0.12 0.12 0.12 0.12 0.12 0.12 0.12 0.12 0.12
0.12 0.12 0.12 0.12 0.12 0.12 0.12 0.12 0.12 0.12
0.12 0.12 0.12 0.12 0.12 0.12 0.12 0.12 0.12 0.12
0.12 0.12 0.12 0.12 0.12 0.12 0.12 0.12 0.12 0.12
0.12 0.12 0.12 0.12 0.12 0.12 0.12 0.12 0.12 0.12
0.12 0.12 0.12 0.12 0.12 0.12 0.12 0.12 0.12 0.12
0.12 0.12 0.12 0.12 0.12 0.12 0.12 0.12 0.12 0.12
0.12 0.12 0.12 0.12 0.12 0.12 0.12 0.12 0.12 0.12
0.12 0.12 0.12 0.12 0.12 0.12 0.12 0.12 0.12 0.12
0.12 0.12 0.12 0.12 0.12 0.12 0.12 0.12 0.12 0.12
0.12 0.12 0.12 0.12 0.12 0.12 0.12 0.12 0.12 0.12
0.12 0.12 0.12 0.12 0.12 0.12 0.12 0.12 0.12 0.12
0.12 0.12 0.12 0.12 0.12 0.12 0.12 0.12 0.12 0.12
0.12 0.12 0.12 0.12 0.12 0.12 0.12 0.12 0.12 0.12
0.12 0.12 0.12 0.12 0.12 0.12 0.12 0.12 0.12 0.12
0.12 0.12 0.12 0.12 0.12 0.12 0.12 0.12 0.12 0.12
0.12 0.12 0.12 0.12 0.12 0.12 0.12 0.12 0.12 0.12
0.12 0.12 0.12 0.12 0.12 0.12 0.12 0.12 0.12 0.12
0.12 0.12 0.12 0.12 0.12 0.12 0.12 0.12 0.12 0.12
0.12 0.12 0.12 0.12 0.12 0.12 0.12 0.12 0.12 0.12
0.12 0.12 0.12 0.12 0.12 0.12 0.12 0.12 0.12 0.12
0.12 0.12 0.12 0.12 0.12 0.12 0.12 0.12 0.12 0.12
0.12 0.12 0.12 0.12 0.12 0.12 0.12 0.12 0.12 0.12
0.12 0.12 0.12 0.12 0.12 0.12 0.12 0.12 0.12 0.12
0.12 0.12 0.12 0.12 0.12 0.12 0.12 0.12 0.12 0.12
0.12 0.12 0.12 0.12 0.12 0.12 0.12 0.12 0.12 0.12
0.12 0.12 0.12 0.12 0.12 0.12 0.12 0.12 0.12 0.12
0.12 0.12 0.12 0.12 0.12 0.12 0.12 0.12 0.12 0.12
0.12 0.12 0.12 0.12 0.12 0.12 0.12 0.12 0.12 0.12
0.12 0.12 0.12 0.12 0.12 0.12 0.12 0.12 0.12 0.12
0.12 0.12 0.12 0.12 0.12 0.12 0.12 0.12 0.12 0.12
0.12 0.12 0.12 0.12 0.12 0.12 0.12 0.12 0.12 0.12
0.12 0.12 0.12 0.12 0.12 0.12 0.12 0.12 0.12 0.12
0.12 0.12 0.12 0.12 0.12 0.12 0.12 0.12 0.12 0.12
0.12 0.12 0.12 0.12 0.12 0.12 0.12 0.12 0.12 0.12
0.12 0.12 0.12 0.12 0.12 0.12 0.12 0.12 0.12 0.12
0.12 0.12 0.12 0.12 0.12 0.12 0.12 0.12 0.12 0.12
0.12 0.12 0.12 0.12 0.12 0.12 0.12 0.12 0.12 0.12
0.12 0.12 0.12 0.12 0.12 0.12 0.12 0.12 0.12 0.12
0.12 0.12 0.12 0.12 0.12 0.12 0.12 0.12 0.12 0.12
0.12 0.12 0.12 0.12 0.12 0.12 0.12 0.12 0.12 0.12
0.12 0.12 0.12 0.12 0.12 0.12 0.12 0.12 0.12 0.12
0.12 0.12 0.12 0.12 0.12 0.12 0.12 0.12 0.12 0.12
0.12 0.12 0.12 0.12 0.12 0.12 0.12 0.12 0.12 0.12
0.12 0.12 0.12 0.12 0.12 0.12 0.12 0.12 0.12 0.12
0.12 0.12 0.12 0.12 0.12 0.12 0.12 0.12 0.12 0.12
0.12 0.12 0.12 0.12 0.12 0.12 0.12 0.12 0.12 0.12
0.12 0.12 0.12 0.12 0.12 0.12 0.12 0.12 0.12 0.12
0.12 0.12 0.12 0.12 0.12 0.12 0.12 0.12 0.12 0.12
0.12 0.12 0.12 0.12 0.12 0.12 0.12 0.12 0.12 0.12
0.12 0.12 0.12 0.12 0.12 0.12 0.12 0.12 0.12 0.12
0.12 0.12 0.12 0.12 0.12 0.12 0.12 0.12 0.12 0.12
0.12 0.12 0.12 0.12 0.12 0.12 0.12 0.12 0.12 0.12
0.12 0.12 0.12 0.12 0.12 0.12 0.12 0.12 0.12 0.12
0.12 0.12 0.12 0.12 0.12 0.12 0.12 0.12 0.12 0.12
0.12 0.12 0.12 0.12 0.12 0.12 0.12 0.12 0.12 0.12
0.12 0.12 0.12 0.12 0.12 0.12 0.12 0.12 0.12 0.12
0.12 0.12 0.12 0.12 0.12 0.12 0.12 0.12 0.12 0.12
0.12 0.12 0.12 0.12 0.12 0.12 0.12 0.12 0.12 0.12
0.12 0.12 0.12 0.12 0.12 0.12 0.12 0.12 0.12 0.12
0.12 0.12 0.12 0.12 0.12 0.12 0.12 0.12 0.12 0.12
0.12 0.12 0.12 0.12 0.12 0.12 0.12 0.12 0.12 0.12
0.12 0.12 0.12 0.12 0.12 0.12 0.12 0.12 0.12 0.12
0.12 0.12 0.12 0.12 0.12 0.12 0.12 0.12 0.12 0.12
0.12 0.12 0.12 0.12 0.12 0.12 0.12 0.12 0.12 0.12
0.12 0.12 0.12 0.12 0.12 0.12 0.12 0.12 0.12 0.12
0.12 0.12 0.12 0.12 0.12 0.12 0.12 0.12 0.12 0.12
0.12 0.12 0.12 0.12 0.12 0.12 0.12 0.12 0.12 0.12
0.12 0.12 0.12 0.12 0.12 0.12 0.12 0.12 0.12 0.12
0.12 0.12 0.12 0.12 0.12 0.12 0.12 0.12 0.12 0.12
0.12 0.12 0.12 0.12 0.12 0.12 0.12 0.12 0.12 0.12
0.12 0.12 0.12 0.12 0.12 0.12 0.12 0.12 0.12 0.12
0.12 0.12 0.12 0.12 0.12 0.12 0.12 0.12 0.12 0.12
0.12 0.12 0.12 0.12 0.12 0.12 0.12 0.12 0.12 0.12
0.12 0.12 0.12 0.12 0.12 0.12 0.12 0.12 0.12 0.12
0.12 0.12 0.12 0.12 0.12 0.12 0.12 0.12 0.12 0.12
0.12 0.12 0.12 0.12 0.12 0.12 0.12 0.12 0.12 0.12
0.12 0.12 0.12 0.12 0.12 0.12 0.12 0.12 0.12 0.12
0.12 0.12 0.12 0.12 0.12 0.12 0.12 0.12 0.12 0.12
0.12 0.12 0.12 0.12 0.12 0.12 0.12 0.12 0.12 0.12
0.12 0.12 0.12 0.12 0.12 0.12 0.12 0.12 0.12 0.12
0.12 0.12 0.12 0.12 0.12 0.12 0.12 0.12 0.12 0.12
0.12 0.12 0.12 0.12 0.12 0.12 0.12 0.12 0.12 0.12
0.12 0.12 0.12 0.12 0.12 0.12 0.12 0.12 0.12 0.12
0.12 0.12 0.12 0.12 0.12 0.12 0.12 0.12 0.12 0.12
0.12 0.12 0.12 0.12 0.12 0.12 0.12 0.12 0.12 0.12
0.12 0.12 0.12 0.12 0.12 0.12 0.12 0.12 0.12 0.12
0.12 0.12 0.12 0.12 0.12 0.12 0.12 0.12 0.12 0.12
0.12 0.12 0.12 0.12 0.12 0.12 0.12 0.12 0.12 0.12
0.12 0.12 0.12 0.12 0.12 0.12 0.12 0.12 0.12 0.12
0.12 0.12 0.12 0.12 0.12 0.12 0.12 0.12 0.12 0.12
0.12 0.12 0.12 0.12 0.12 0.12 0.12 0.12 0.12 0.12
0.12 0.12 0.12 0.12 0.12 0.12 0.12 0.12 0.12 0.12
0.12 0.12 0.12 0.12 0.12 0.12 0.12 0.12 0.12 0.12
0.12 0.12 0.12 0.12 0.12 0.12 0.12 0.12 0.12 0.12
0.12 0.12 0.12 0.12 0.12 0.12 0.12 0.12 0.12 0.12
0.12 0.12 0.12 0.12 0.12 0.12 0.12 0.12 0.12 0.12
0.12 0.12 0.12 0.12 0.12 0.12 0.12 0.12 0.12 0.12
0.12 0.12 0.12 0.12 0.12 0.12 0.12 0.12 0.12 0.12
0.12 0.12 0.12 0.12 0.12 0.12 0.12 0.12 0.12 0.12
0.12 0.12 0.12 0.12 0.12 0.12 0.12 0.12 0.12 0.12
0.12 0.12 0.12 0.12 0.12 0.12 0.12 0.12 0.12 0.12
0.12 0.12 0.12 0.12 0.12 0.12 0.12 0.12 0.12 0.12
0.12 0.12 0.12 0.12 0.12 0.12 0.12 0.12 0.12 0.12
0.12 0.12 0.12 0.12 0.12 0.12 0.12 0.12 0.12 0.12
0.12 0.12 0.12 0.12 0.12 0.12 0.12 0.12 0.12 0.12
0.12 0.12 0.12 0.12 0.12 0.12 0.12 0.12 0.12 0.12
0.12 0.12 0.12 0.12 0.12 0.12 0.12 0.12 0.12 0.12
0.12 0.12 0.12 0.12 0.12 0.12 0.12 0.12 0.12 0.12
0.12 0.12 0.12 0.12 0.12 0.12 0.12 0.12 0.12 0.12
0.12 0.12 0.12 0.12 0.12 0.12 0.12 0.12 0.12 0.12
0.12 0.12 0.12 0.12 0.12 0.12 0.12 0.12 0.12 0.12
0.12 0.12 0.12 0.12 0.12 0.12 0.12 0.12 0.12 0.12
0.12 0.12 0.12 0.12 0.12 0.12 0.12 0.12 
>categories:
0 0
1 1
>mixtureAssignment:
0 0 0 0 0 0 0 0 0 0 0 0 0 0 0 0 0 0 0 0 0 0 0 0 0 0 0 0 0 0 0 0 0 0 0 0 0 0 0 0 0 0 0 0 0 0 0 0 0 0
0 0 0 0 0 0 0 0 0 0 0 0 0 0 0 0 0 0 0 0 0 0 0 0 0 0 0 0 0 0 0 0 1 0 0 0 0 0 0 0 0 0 0 0 0 0 0 0 0 0
0 0 0 0 0 0 0 0 0 0 0 0 1 0 0 0 0 0 0 0 0 0 0 0 0 0 0 0 0 0 0 0 0 0 0 0 0 0 0 0 0 0 0 0 0 0 0 0 0 0
0 0 0 0 0 0 0 0 0 0 0 0 0 0 0 0 0 0 0 0 0 0 0 0 0 0 0 0 0 0 0 0 0 0 0 0 0 0 0 0 0 0 0 0 0 0 0 0 0 0
0 0 0 0 0 0 0 0 0 0 0 0 0 0 0 0 0 0 0 0 0 0 0 0 0 0 0 0 0 0 0 0 0 0 0 0 0 0 0 0 1 0 1 1 0 0 0 0 0 0
0 0 0 0 0 0 0 0 0 1 0 0 0 0 0 0 0 0 0 0 0 0 0 0 0 0 0 0 0 0 0 0 0 0 0 0 0 1 0 0 0 0 0 0 1 0 0 0 0 0
0 0 0 0 0 0 0 0 0 0 0 0 0 0 0 0 0 0 0 0 1 0 0 0 0 0 0 0 0 0 0 0 0 0 0 0 0 0 0 0 0 0 0 0 0 0 1 1 0 0
0 0 0 0 0 0 0 0 0 0 0 0 0 0 0 0 0 0 0 0 0 0 0 0 0 0 0 0 0 0 0 0 0 0 1 0 0 0 0 0 0 0 0 0 0 0 0 0 0 0
0 0 0 0 1 0 0 0 0 0 0 0 0 0 0 0 0 0 1 0 0 0 0 0 0 0 0 0 0 0 0 0 0 0 0 0 0 0 0 0 1 1 1 0 0 1 1 1 1 0
0 0 0 0 0 0 0 0 0 0 0 0 0 0 0 0 0 0 0 0 0 0 0 0 0 0 0 0 0 0 0 0 0 0 1 0 0 0 0 0 0 0 0 0 0 0 0 1 0 0
0 0 0 0 0 0 0 0 0 0 0 0 0 0 0 0 0 0 0 0 0 0 0 0 0 0 0 0 0 1 0 0 0 0 0 0 0 0 0 0 0 0 0 0 0 0 0 0 0 0
0 0 0 0 0 0 0 0 0 0 0 0 0 0 0 0 0 0 0 0 0 0 0 0 0 0 0 0 0 0 0 0 0 0 0 0 0 1 1 0 0 0 0 0 0 0 0 0 0 0
0 0 0 0 0 0 0 0 0 0 0 0 0 1 0 0 0 0 0 0 0 0 0 0 0 0 0 0 0 1 0 0 0 0 0 0 0 0 0 0 0 0 0 0 0 0 0 0 0 0
0 1 0 0 0 0 0 0 0 0 0 0 0 0 0 0 0 0 0 0 0 0 0 1 0 0 0 0 0 0 0 0 0 0 0 0 0 0 0 0 0 0 0 0 0 0 0 0 0 0
0 0 0 0 0 0 0 0 0 0 0 0 0 0 0 0 0 0 0 0 0 0 0 0 0 0 0 0 0 0 0 0 0 0 0 0 0 0 0 0 0 0 0 0 0 0 0 0 1 0
0 0 0 0 0 0 0 0 0 0 0 0 0 0 0 0 0 0 0 0 0 0 0 0 0 0 0 0 0 0 0 0 0 0 0 0 0 0 0 0 0 0 0 0 0 0 0 0 0 0
0 0 0 0 0 0 0 0 0 0 0 0 0 0 0 0 0 1 0 0 0 0 0 0 0 0 0 0 0 0 0 0 0 0 0 0 0 0 0 0 0 0 0 0 0 0 0 0 0 0
0 1 0 0 0 0 0 0 0 0 0 0 0 1 0 0 0 0 0 0 0 0 0 0 0 0 0 0 0 0 0 0 0 0 0 0 0 0 0 0 0 0 0 0 0 0 0 0 0 0
0 0 0 0 0 0 0 0 0 0 0 0 0 0 0 0 0 0 0 0 0 0 0 0 0 0 0 1 1 0 0 0 0 0 0 0 0 0 0 0 0 0 0 0 0 1 0 0 0 0
0 0 0 0 0 0 0 0 0 0 0 0 1 1 0 0 1 1 1 0 1 0 1 1 1 1 1 1 0 1 1 1 1 1 1 1 1 1 1 0 1 1 1 1 1 0 1 1 1 1
1 1 1 1 1 1 1 1 1 1 0 1 0 0 1 1 1 1 1 1 1 1 1 0 0 0 1 1 1 0 1 1 1 1 1 1 1 1 1 1 1 0 1 1 0 0 1 1 1 0
1 1 1 1 1 1 1 1 1 1 1 1 1 1 1 1 0 1 1 1 1 1 1 1 0 1 1 1 1 1 1 1 1 1 1 1 0 1 1 1 1 1 1 1 1 1 1 1 1 1
1 1 1 1 1 1 1 1 1 1 1 1 1 1 1 1 1 0 0 1 1 1 1 1 1 0 1 1 1 1 1 1 0 1 1 1 1 1 1 1 1 1 1 1 1 1 1 0 0 1
1 1 1 1 1 1 1 1 1 1 1 1 0 1 1 1 1 1 1 1 1 1 1 1 1 1 1 1 1 1 1 1 1 1 0 1 1 1 1 0 0 1 1 1 1 1 1 1 1 1
1 1 1 1 1 1 1 1 1 1 1 1 0 0 1 1 1 1 1 1 1 0 1 0 1 1 1 1 1 1 1 1 1 1 1 1 0 1 1 1 1 1 1 1 1 1 1 1 1 1
1 1 1 1 1 1 1 1 1 0 1 1 1 1 1 1 1 1 1 1 1 1 1 1 1 1 1 1 1 1 1 1 1 1 1 1 1 1 1 1 1 1 1 1 1 1 1 1 1 1
1 1 0 1 0 1 1 1 1 1 1 1 1 1 1 1 1 1 1 1 1 1 1 1 1 1 1 1 1 1 1 1 1 1 1 0 1 1 1 1 1 1 1 1 1 1 1 1 1 1
1 1 1 1 1 1 0 1 1 1 1 1 1 1 1 1 1 1 1 1 1 1 1 1 1 1 1 1 1 1 1 1 1 0 0 1 1 1 1 1 1 1 1 1 1 1 1 1 1 1
1 1 1 1 1 0 1 0 1 1 0 1 1 1 0 1 0 1 
>numMutationCategories:
2
>numSelectionCategories:
2
>categoryProbabilities:
0.680454 0.319546 
>selectionIsInMixture:
***
0 
***
1 
>mutationIsInMixture:
***
0 
***
1 
>currentSynthesisRateLevel:
***
0.0482359 0.0240358 0.816752 0.023657 1.38839 0.449351 0.808063 0.100512 2.28656 0.348853
0.41089 0.848274 1.62482 0.425757 0.936219 0.0164018 0.530892 0.0494915 0.0489011 0.201714
0.922476 1.01488 0.0122891 0.0812291 1.39077 0.0173504 0.503646 1.46074 1.09415 0.447606
1.22153 0.0182282 0.514954 0.0185539 0.436552 0.00281014 0.00121052 0.33232 1.32711 0.0177782
1.25428 0.408399 0.123893 0.238061 0.502435 0.020026 0.532167 0.578223 0.169774 0.0943071
0.501684 0.580743 0.681062 1.09339 0.269139 1.48881 0.490301 0.294946 0.0292732 0.737754
0.568519 0.365963 0.0969079 0.761829 0.523504 0.0716275 0.113947 0.641487 1.08653 0.175022
2.56901 0.66295 0.0312922 1.54698 0.0087487 0.359404 0.836729 1.03964 1.56677 2.00947
0.446104 1.51143 0.0474324 0.725503 0.335187 0.00970474 0.86812 0.613554 0.447759 0.891168
0.0474031 0.0626168 2.8836 0.0361915 2.62403 0.0923716 2.57028 0.439087 0.682389 0.544542
0.141048 0.414241 1.04168 0.0120395 0.0187873 0.391366 0.464161 0.324303 0.652926 0.0356234
0.874587 0.00924944 0.0634417 0.447785 2.12892 8.5787 1.66876 0.64183 0.0103338 0.0663389
0.00947203 0.394038 1.26362 1.18645 0.0446268 1.48075 0.714356 0.643656 1.16561 0.00268378
1.17358 0.318041 0.441492 0.365384 0.734082 0.0137173 4.34417 0.439789 0.0758242 1.88618
0.00260688 0.174952 0.968598 0.049064 0.017242 1.57042 2.84046 0.294785 0.0212141 0.875766
0.627141 0.133648 1.74191 0.465328 1.21153 0.0116735 0.3775 0.702457 1.45741 0.0617526
0.447087 0.499655 0.0060518 1.22687 0.403562 1.0845 0.0655756 6.3722 0.466268 2.57005
1.19085 0.771705 1.20563 0.903094 0.259611 0.508461 0.595401 1.48087 1.25702 1.03688
0.00215334 0.304973 0.423151 0.362731 0.91924 0.483036 0.633125 0.693839 0.355023 0.551263
0.785277 1.29095 0.674233 2.31048 0.853982 0.358343 0.228843 0.521732 0.00232002 0.0275546
0.445173 7.91506 1.22629 1.82993 0.41636 0.0683564 0.0299487 2.08866 0.176674 0.801285
0.64934 0.426967 0.0217424 0.00291137 0.488415 0.828637 0.375853 1.10396 0.371138 0.0550139
0.521763 1.14406 0.545232 0.00784895 0.0362102 0.0271459 0.112763 0.0257792 0.53082 0.271441
0.0377789 0.890704 0.470466 0.310465 0.301671 0.0152188 0.489949 0.80216 0.468428 0.596159
1.48563 1.3142 1.58138 0.0090618 1.0472 1.37596 0.14099 1.25682 0.348558 1.46269
0.0148904 0.00658708 1.28763 0.045533 0.461877 1.02312 6.76661 0.393127 0.347492 0.00852482
0.164155 0.785925 1.60794 0.341857 0.582528 0.566056 0.00830604 0.0452415 0.522284 1.18614
0.0699897 0.437611 0.255043 0.0535719 0.513503 0.0714784 0.548927 0.994858 0.0798373 0.400858
0.337556 0.129409 0.580759 1.55727 0.0505877 1.35865 0.0363528 1.75556 0.588722 0.377708
0.426435 0.127411 1.00373 0.630669 1.04822 0.150072 1.22483 3.46196 0.562013 0.450755
0.102404 0.741083 2.96897 0.0274585 0.0119073 0.836669 0.230285 0.0908816 0.541415 0.00050012
0.866772 2.42156 0.21491 0.420983 0.683781 1.3346 0.29157 0.202912 0.00913981 0.0070243
2.73044 0.489102 0.747148 3.2713 0.0694413 0.394542 0.2766 4.65284 0.855925 0.657683
0.159148 0.616661 0.0738261 1.78704 0.00628267 0.587056 0.0708661 0.279644 1.03236 0.718744
0.660415 0.0877599 0.579483 0.629992 0.98389 0.330742 0.92456 0.0481055 0.00868932 0.68123
0.233481 0.393272 0.890598 0.921356 0.0252665 0.219694 1.16866 0.39033 1.07715 0.591143
1.0183 0.812461 0.910572 0.2768 0.277513 0.0113475 0.564867 0.38751 4.76744 0.574972
0.720237 0.408577 0.00119386 1.25202 1.27635 0.68211 1.12279 0.360127 0.698583 0.00302062
1.72457 0.23501 0.696508 0.574663 0.40781 0.905677 0.549025 0.42559 0.447635 0.00180801
0.564922 0.936278 0.928213 2.27386 0.816052 0.0656947 0.095862 0.0768869 0.695973 0.0446739
0.0591053 0.0233767 0.423519 2.63539 1.21928 0.515949 0.548519 0.706229 0.413391 0.753984
0.313644 2.34605 1.05616 0.0170265 2.1765 0.60613 0.0109608 0.893002 4.54255 0.986056
1.61182 1.25573 0.0241667 0.530871 0.243459 0.383109 0.117787 0.0010938 0.313452 1.57772
0.259211 0.602863 1.05157 0.019881 1.57166 1.42683 0.588284 0.0335035 4.87913 0.193616
0.590463 0.772361 0.0106705 0.0465104 0.121923 0.0218473 0.0147208 0.393149 0.0195574 0.00367161
0.623644 0.604505 0.0731056 1.3857 0.164641 0.852507 0.0159642 0.629299 1.77427 1.07505
0.178327 0.832089 0.0537303 0.466431 0.318038 0.610043 0.872956 0.588896 4.15266 8.64833
1.43288 0.0481526 0.194208 0.0509556 0.706045 1.37825 0.714166 1.94636 0.535802 0.332944
0.770909 0.316503 4.599 1.00863 0.0182997 0.0377671 2.56666 0.000578914 0.0400617 0.598492
6.69025 0.30606 2.10235 0.466444 0.397466 1.02548 0.419319 1.76163 4.99895 0.510755
0.411008 0.385539 0.302638 0.0885762 0.480234 0.000923352 1.70775 0.0127948 0.00615258 0.085796
0.0201832 0.192123 0.535903 0.34821 0.489912 0.0498192 2.47163 0.0301927 0.215193 0.00533789
0.00489162 0.0708405 0.146999 2.33725 0.0316747 0.00701457 0.00329331 0.813063 0.980563 3.76168
1.057 0.178659 0.0506229 0.00958983 1.02906 0.186735 1.08349 0.111113 0.86421 0.710131
0.0160668 0.264185 1.07464 0.443522 0.514544 0.112093 0.771682 1.25105 0.0269175 1.34437
0.789437 0.45356 0.0285825 0.284639 0.421863 0.663964 0.247796 2.67642 0.301534 0.657919
0.674049 0.146997 0.43739 1.2875 0.725226 0.859283 0.86171 0.130825 1.05865 0.340966
0.511536 0.562628 1.45022 0.628938 0.0284807 0.0178034 0.0495076 0.0198671 2.06094 0.320887
0.50858 1.0862 0.0712794 0.579711 0.179306 0.983941 1.0023 1.76555 1.52606 0.0048013
0.139863 0.268589 0.640593 4.19817 0.557294 0.598774 0.676872 0.00159467 0.463227 0.503177
0.362334 0.222955 0.335748 4.98533 0.0440184 0.451094 2.05859 0.337974 0.744354 5.92543
0.627693 0.595219 1.47318 0.561833 0.0860995 0.0636219 1.0518 0.0129596 0.641254 0.0656412
0.852066 0.228804 0.0229983 0.0369459 4.48235 0.241512 0.541905 0.0103049 0.0803378 0.523997
0.153198 1.38019 0.344586 0.67345 3.66624 0.0874962 0.00456712 0.0164034 0.093725 1.05442
0.438505 0.00278079 1.76765 0.202446 0.601359 0.103183 1.0299 0.0896708 0.0069453 0.511194
1.59027 0.171393 0.0926002 0.639076 1.05509 0.404964 0.0492601 0.01913 2.23634 0.425697
0.848652 0.143121 0.619296 0.423253 0.00756139 0.231501 0.776053 1.10217 0.132076 0.623516
0.104832 3.05667 0.0128071 2.14214 0.531563 0.953303 0.0536516 0.0042892 1.59981 1.33121
0.113683 1.81889 0.0514285 0.0866854 0.796731 0.536939 0.207378 1.3147 0.543999 3.96231
2.06796 2.12459 0.0693253 0.761057 0.0598069 0.433976 1.69383 0.0257954 1.44373 0.819453
1.46068 0.0344235 9.16228 0.00582951 0.76649 0.0796726 0.477126 6.36953 0.102514 1.11933
0.632525 1.92468 0.298597 0.63495 0.683777 0.790654 0.418168 0.776302 1.36655 0.676024
0.656734 0.299607 0.0212646 0.0614388 2.1168 0.170227 0.1353 1.0057 1.04837 0.406619
1.03363 0.0364347 0.309195 0.545903 0.502046 0.687082 0.0743456 0.458636 0.26792 0.737148
0.038983 0.0426972 0.0102884 0.0470311 0.74858 0.0266839 0.0122088 0.210407 0.511655 3.35416
0.0279666 0.146663 0.17586 0.326806 0.030947 0.480171 0.263011 2.68427 0.356449 0.983807
0.159626 0.966789 0.93182 1.46169 0.322624 1.15253 3.34975 0.735946 0.504112 0.0481225
3.06076 0.0779183 0.00249676 6.06913 0.247431 2.42023 2.66688 0.692363 0.227204 0.368915
0.244628 1.06472 0.243179 2.396 0.410111 0.245504 0.0933979 0.399523 0.396391 1.30792
0.203738 0.417831 0.298251 0.402416 0.196759 0.564148 0.399543 0.329897 0.626727 0.328555
0.021174 0.153472 0.217627 0.289775 0.644727 0.917304 2.05485 0.766339 1.57679 0.948827
0.00149989 0.0212298 6.50286 1.36799 0.384539 0.569853 2.15512 0.0330103 0.304234 0.430274
0.800497 0.35801 0.107986 0.0877448 0.494097 0.895077 0.0646006 0.643155 3.17989 6.24672
7.59715 0.0889631 1.02375 0.0122484 0.191244 0.269193 0.515977 1.15714 0.101455 0.472585
0.657339 0.44248 0.289273 0.290802 0.7072 0.758364 0.152643 0.961537 0.153249 1.81174
0.707638 1.86719 0.407941 1.40547 0.903817 1.5123 0.216687 0.267981 1.26868 1.97091
0.479623 0.362449 0.485242 0.0111253 0.201378 0.408832 0.191011 0.149364 2.50329 0.277989
0.489158 0.794193 0.0786945 0.31177 0.0105555 0.725124 0.656714 1.27689 2.43507 2.33109
0.020438 0.515647 1.09879 1.20536 0.348364 7.76109 1.46852 0.575304 0.00725229 0.0242073
0.514681 0.25734 0.529678 0.578252 1.13787 1.05378 0.248643 0.197886 0.871312 0.528252
0.440468 0.132501 0.0549365 0.306591 0.303388 0.128595 0.456191 0.717513 0.433389 0.89722
0.438177 0.239774 0.547127 4.13978 0.0278507 0.481883 0.535166 1.04157 0.451828 0.53895
1.80925 0.466491 0.25594 0.107486 0.870109 0.93269 0.27256 0.166059 2.19381 0.000606503
1.03105 0.127643 0.292748 0.758966 1.55233 0.55577 0.0850342 0.393142 5.13879 0.0280153
1.02325 0.0314696 0.185057 0.361883 0.513105 0.266507 2.50363 0.0464361 1.63915 0.605233
0.777507 0.743042 0.418707 0.0800723 0.543481 0.190812 0.213771 0.416242 0.0313748 0.353555
0.362044 0.0994927 0.399154 1.92792 0.116983 0.532823 0.277903 1.40386 0.888521 0.875468
1.1767 0.4501 0.0570101 0.683645 0.0535163 0.572945 1.27444 1.68962 0.00632692 0.556957
0.195789 0.768195 0.0771668 0.167232 0.0789897 1.29778 0.998538 0.190557 0.460989 3.69524
0.991294 0.455501 0.173783 0.00939786 0.690892 0.0553176 0.295711 0.79287 0.880922 0.517337
0.157779 0.00998848 0.544404 0.292331 2.6134 0.653802 0.80616 0.418575 0.488362 1.23485
1.55521 0.119932 4.50264 0.00395976 0.431969 0.481974 0.223021 0.306593 0.0161184 0.349171
0.989106 0.0853352 0.902071 0.00313932 0.145056 0.035598 0.162418 0.0830977 1.57149 0.147355
1.96977 0.709809 0.415506 0.446629 0.349283 0.886106 0.0334792 4.77242 0.0135464 0.130734
0.551486 6.99665 0.998556 0.278976 0.136975 0.00926278 0.168539 1.45169 0.55743 0.36901
0.348773 0.233671 0.217541 0.08143 0.694217 0.357067 0.481359 0.215188 0.0549045 0.201655
0.227271 1.04426 0.240611 0.338186 0.376616 0.0207663 0.102726 0.0722936 0.144959 0.0466921
0.368278 0.0347179 0.360032 0.928005 0.171018 0.668926 0.158802 0.583696 0.360032 0.331709
0.492241 0.203057 0.416522 0.0531622 0.515022 0.112079 0.505505 0.077055 0.248495 0.252161
0.148511 1.91934 0.301342 0.152751 0.0745051 0.18544 0.136391 0.1489 0.196223 0.0205569
1.5355 0.0300987 0.131478 0.851703 0.800356 0.0010162 0.183558 0.783175 0.0896753 0.373773
0.745284 0.625781 0.327447 0.440704 0.100198 2.58927 0.497326 0.238539 0.259594 0.197235
0.0674767 0.110681 0.560178 0.194668 0.144675 1.87001 0.107122 0.222493 0.32795 0.0584773
0.137076 0.318281 0.546541 0.265427 0.331818 0.385717 1.35862 0.213508 0.124139 0.292586
0.354864 0.722599 0.226187 0.189948 0.0113809 0.00892418 0.0127114 0.171257 10.7042 4.71415
0.0539651 0.500965 0.137215 0.0943294 0.424186 0.0939899 0.0537227 0.406249 0.209756 0.424805
0.527069 0.17664 5.84754 0.489321 0.611594 0.20827 0.136337 0.362419 0.0771576 1.19632
0.564858 0.0389193 0.0449434 0.0168652 1.39042 2.41994 3.95073 0.111432 0.765445 0.148825
0.193075 0.128442 0.720463 0.20794 0.0020909 0.0769229 0.349525 0.227312 0.123092 3.31557
3.79738 0.15836 0.324649 1.9498 2.15831 0.0866461 0.161228 0.774527 0.0306179 1.57494
0.802896 0.156341 0.102335 0.248573 0.0176905 0.0397503 0.929964 0.69196 0.0396544 0.13605
0.547135 0.0132396 0.184416 0.324389 1.30192 0.0858686 1.57304 0.152883 0.0273906 0.0397701
0.492246 8.0079 0.00692568 5.03909 0.347406 0.0775186 0.0300775 0.0865805 1.07646 0.563236
0.0633314 0.0938535 0.425726 1.13818 0.00553858 0.305802 0.00910255 0.0141763 0.341673 0.166984
0.306989 0.392535 0.541552 0.251124 0.573709 0.523431 0.966926 0.356535 0.158537 0.507973
1.26206 1.40692 0.120984 0.183558 0.0139016 0.823813 0.0273485 2.5731 0.0820407 0.000578021
0.0312409 0.0680283 0.199501 0.611457 0.13242 0.0587695 0.706208 0.0662471 0.36545 2.97787
0.121819 3.1092 0.683854 0.183524 0.817732 0.786309 0.0496829 0.450128 0.342472 0.126263
0.149079 1.33221 0.100883 0.250407 0.121089 0.128848 0.154798 0.547339 0.741386 2.63395
0.275141 0.146746 0.00854779 0.00627379 0.424282 0.212991 0.936122 0.0102668 0.100773 0.514788
0.109505 0.455924 0.218888 2.05306 1.18326 0.180138 0.263079 0.379041 0.0052061 0.619389
1.34973 0.606827 0.239892 0.0608256 0.186261 0.36171 0.173335 0.126059 0.195338 0.0426163
0.0660413 0.835142 0.3669 0.179295 0.00854807 0.874318 0.375119 0.982931 0.100275 0.323752
0.611351 0.329393 0.322948 0.897453 0.29801 0.283064 0.113018 1.18631 0.234197 0.328634
1.08222 0.399459 0.10568 0.624342 0.406084 0.289081 0.726629 0.0434438 1.24743 0.883657
0.131289 0.118512 0.645306 0.73282 0.11455 0.501196 0.0184067 0.0687449 0.177037 0.302738
1.05639 1.0918 0.0613768 0.532217 0.327847 0.00712996 0.197933 0.423844 0.10151 0.961171
0.62881 0.296463 0.624995 0.290425 0.471813 0.67703 1.12707 0.0247873 0.356433 1.67493
0.385403 0.19453 1.33095 6.83955 10.8486 0.162195 0.853347 0.851297 2.3925 0.759537
0.0626793 0.401807 0.469358 0.411045 0.516516 1.8447 0.298532 0.897463 0.374096 0.2064
4.56092 0.0122527 0.207385 0.539266 0.125601 0.103403 1.32487 5.04575 0.962631 0.460788
0.236513 0.451421 1.3612 0.756281 0.11274 0.556533 0.385834 0.0199578 
***
1.60204 0.0759064 2.12326 0.00475538 2.89788 0.201269 2.19244 0.757365 3.7051 0.0520558
0.78851 1.90112 2.55693 2.22992 2.2167 1.64117 1.87583 2.00355 1.29234 2.4111
2.18117 2.23102 2.01896 1.23082 2.86853 1.6112 1.84104 3.11085 2.17913 2.16393
2.63606 1.39979 1.59773 0.371632 2.00815 2.51351 0.0088037 1.71396 2.06917 0.0400558
0.199496 1.83419 0.0130538 1.69735 1.71759 0.0127336 1.92849 1.69717 1.54262 0.3016
2.24473 2.44417 2.12167 2.26057 1.3331 2.09878 1.3841 1.6253 1.89075 2.18211
2.24625 1.97737 0.0451303 2.10881 2.02006 2.04898 2.69488 1.66691 2.38363 1.96086
3.73846 1.85023 0.0354228 2.23107 0.0697522 1.77169 1.74017 2.15357 2.18669 2.74399
0.0386228 2.62508 2.71111 1.7231 1.47548 0.156532 1.86613 1.81958 1.99541 2.19674
0.472918 0.0574354 3.57234 1.84379 3.50422 0.664462 2.67085 1.40002 2.20125 2.2435
1.69176 2.09818 2.22515 0.00659274 0.462184 1.31745 1.85825 1.60776 2.81132 1.72471
1.73041 0.0362553 1.12608 1.60651 3.12767 2.19462 2.94721 2.39944 1.61084 0.14748
1.5641 1.81675 2.75218 2.17014 1.43944 2.0195 1.88776 2.1851 2.13933 0.00982
2.30727 1.53249 1.81456 1.79983 2.02574 0.23102 5.32722 1.85896 2.30295 3.6446
0.0476419 1.81642 2.41085 0.09269 0.00395649 2.80863 3.99882 1.21105 1.82072 1.66992
1.83882 1.59873 2.78136 1.99904 3.14984 0.017843 1.83336 2.54167 2.49458 1.59299
1.89895 2.04126 0.169291 2.19767 2.07085 2.46496 1.52772 6.92552 1.74188 3.72776
2.68846 2.05167 2.73817 2.39896 1.82856 2.18403 2.05268 2.80206 2.91404 2.39442
0.00193281 1.69357 0.0299249 1.86153 2.31252 1.93409 1.96616 2.22398 1.50369 1.57752
2.16397 2.77766 1.68623 3.68307 1.90373 1.66434 1.40924 1.51525 0.00890555 0.0150085
0.102217 8.21141 2.45071 3.56963 1.78483 0.965339 1.38725 3.3212 1.61674 2.07557
2.47721 2.12671 2.08268 1.12762 2.08945 2.49031 2.11471 2.04968 0.289762 1.82276
2.003 1.59973 1.72691 0.0212275 2.53381 1.7713 2.0219 0.00344973 2.21061 1.81909
0.151562 2.34101 2.05432 1.59369 1.69187 1.65064 2.01224 2.54158 1.43145 2.00575
1.4814 2.55731 2.01439 4.52768 2.41223 2.88076 1.55983 2.45998 2.12288 2.75705
0.129922 2.15453 3.33565 0.0602301 1.82746 2.06145 6.75879 1.80228 1.41955 2.79654
1.55997 2.48292 2.19888 1.25696 2.1503 2.35479 1.8784 0.0175875 2.22278 2.07538
1.27731 2.21552 1.85059 1.71483 2.15869 1.80183 1.76356 1.43562 1.84692 1.03672
0.0366929 2.19641 1.9241 2.7458 1.76829 2.2756 0.126658 2.84921 0.00339938 1.99018
2.04774 1.75949 2.70755 1.73867 1.55296 1.79661 2.07696 5.33755 1.93461 1.99632
0.00243048 2.3648 3.65605 1.58302 1.61234 2.20205 1.90979 0.083522 1.97962 0.000464082
1.8226 3.43889 0.0788655 1.43193 1.84899 2.47381 1.61234 2.01684 0.00646122 0.672839
3.43575 1.98815 1.85601 3.63189 1.48743 0.771278 1.39716 6.84207 2.0619 1.91499
1.90401 0.581023 1.65336 3.10563 0.0831973 2.52904 1.87872 0.289122 1.7577 1.20805
1.48825 1.45528 2.10636 2.08867 2.37935 2.71112 1.25198 1.31924 0.0234038 1.94381
1.98019 1.76707 2.12132 0.272797 1.73981 0.0852466 2.1759 0.00600114 2.09346 1.75904
2.25243 3.00615 2.20084 1.68727 2.36526 0.0180019 2.11231 2.1322 4.81139 2.20368
2.07838 0.115778 0.0579264 3.27688 2.88116 2.35551 2.54069 1.24493 2.656 0.000379608
2.65734 1.62077 2.06373 2.00689 2.31721 2.06516 1.46592 1.84159 1.63558 0.00054875
1.64132 2.0302 1.67182 2.69317 2.32905 1.28776 1.65237 1.29312 1.99614 0.118014
0.262006 0.0275894 1.87837 3.41831 1.43501 1.60247 1.90785 1.47903 1.46127 1.77255
1.19992 2.49482 1.85478 2.16654 2.73436 1.76079 0.0687143 2.35591 6.16413 2.14116
2.94963 2.33125 0.016971 1.93902 2.63294 2.13226 0.640085 0.0108683 1.85981 3.00405
1.64294 2.0951 2.24182 0.0145343 3.07085 2.42969 2.08533 0.0410483 5.24586 2.06304
1.15117 1.38513 0.277988 0.00512996 1.48239 0.0143101 0.222138 0.370926 1.19563 0.0113413
2.06447 1.80983 1.36602 2.99259 0.00264463 2.57824 0.0116068 2.31082 0.0287032 3.48747
1.68929 2.12923 0.0226938 1.95657 1.86819 1.65893 1.92668 1.55739 3.40008 4.52845
2.94887 1.58779 2.1688 0.106691 1.99257 2.61887 1.9657 3.25172 2.54014 1.88975
2.2371 1.76795 5.81384 1.7365 3.06672 1.94335 3.73373 0.00162428 1.65005 1.88751
4.85188 1.82858 3.58067 1.9663 1.28602 2.17416 1.46624 1.98564 4.18172 0.743094
1.60159 1.26861 1.25636 0.0659291 1.47135 0.0535496 3.1316 0.0206971 0.0464242 1.81664
1.54141 1.98625 1.81272 1.87113 1.90362 0.315013 3.38107 1.64356 0.38046 0.114492
1.68702 1.31797 1.7372 3.20314 0.0906903 2.18144 0.327219 1.3526 2.45789 4.91727
1.65652 0.829116 0.0122172 2.10708 2.16947 0.00716601 2.12068 2.02073 2.20052 2.28918
0.0106436 1.97125 2.27652 1.86017 2.02628 0.185649 2.21994 3.02118 1.53829 2.6227
0.343835 1.79749 0.00669156 1.54264 1.69619 1.98954 1.82181 4.2951 1.97585 2.39173
1.83079 1.96833 2.17765 2.54333 2.25459 2.40768 2.82279 1.70562 2.33641 2.43596
2.50583 1.97256 2.54084 2.17183 2.10333 0.0857837 0.0346313 0.934125 2.90796 1.64024
1.84462 2.11094 0.773682 1.73347 1.40973 2.2634 2.43066 2.15086 1.84122 0.0211395
1.56643 1.12097 1.98499 4.28279 2.11191 2.19264 2.20265 0.00175909 1.84576 1.94936
2.05833 1.92704 1.52638 6.32481 1.5036 1.43319 3.4808 2.12677 1.88911 4.37613
1.75124 1.61257 2.56513 4.82828 2.11211 0.648158 0.136241 1.64444 2.10593 1.70589
1.97184 1.96394 1.19459 0.539835 3.75213 1.22698 0.00227154 0.0130299 0.0243644 1.16548
0.953145 2.50675 1.66373 1.93071 4.43585 1.37714 0.00201735 0.0353358 1.12645 2.30993
1.98752 0.891548 3.0177 1.82086 1.97448 2.06259 2.39283 1.28033 0.0864084 1.80723
2.67769 2.72878 2.15446 1.96715 2.40039 1.3599 1.28216 0.0418633 2.8846 1.87658
2.45249 1.92377 1.86182 2.02665 0.331557 0.0405965 2.05325 2.18037 0.00278063 1.72067
1.78667 4.52437 0.0107278 2.72298 1.26879 2.08219 2.10711 0.00389895 2.70997 2.13362
1.73814 2.88704 0.0238189 1.57734 2.50747 1.93993 0.0480796 2.25846 1.55712 4.4015
0.00336943 3.73915 0.00383793 2.14481 0.00732553 1.93526 4.02222 1.4863 2.4514 1.83703
2.8305 0.0586685 6.36081 0.318245 0.00639848 0.560312 1.91267 6.14087 1.27504 1.83721
1.92935 2.16636 1.67492 1.90277 1.98012 0.186166 1.64849 1.75159 2.1624 2.29164
1.95103 1.8209 0.045974 1.24298 3.54362 0.95629 0.801566 2.26034 2.50889 0.826876
2.05974 2.06195 1.96716 1.69398 1.83491 2.2047 1.93194 1.90175 1.96291 1.80429
1.74248 0.274263 0.0516003 1.92995 2.3657 0.51141 1.68792 1.49514 2.21113 4.33921
0.235827 0.164382 2.18591 1.75873 0.167769 2.13266 1.9794 3.38055 1.96777 2.13892
0.198249 2.36669 2.15376 2.67732 1.6138 2.13724 4.04428 1.82459 1.3025 1.19164
3.57618 1.75255 0.00540505 7.0424 2.00163 2.94739 3.962 2.9385 0.0160275 1.83669
1.82808 2.67528 1.79078 5.78112 1.19232 1.67549 1.86336 1.48847 2.07048 2.35283
1.35341 1.72593 1.69122 1.59554 1.9681 1.94418 1.72117 1.9629 1.78545 1.33066
0.0182614 1.62569 1.84813 1.66959 1.95085 2.98569 3.81919 1.85433 1.91311 2.46919
1.76242 1.25515 6.61354 2.56132 1.75017 1.67819 0.980029 1.14295 1.53962 1.5125
2.09306 1.56348 1.68324 1.78345 2.25676 2.14927 1.54389 1.80673 3.80403 6.36061
5.56966 1.89672 2.11956 1.51456 1.76325 1.50871 1.68386 2.36663 1.44727 1.90287
1.66652 2.09418 1.96775 1.88057 2.3216 1.8941 1.3049 2.15198 0.00501307 2.7405
2.13688 2.0065 1.82386 2.57119 2.36922 2.80773 1.67604 1.82508 2.79491 3.3373
2.25977 1.73729 1.92085 3.25573 1.75591 1.83722 1.89646 2.22008 3.48132 1.87855
1.45726 1.84625 0.094027 1.95521 0.000256807 1.62842 1.66843 2.45027 4.0653 3.61394
0.00516096 2.06367 2.5428 1.22471 1.80297 6.03889 2.39791 1.745 0.0126622 1.54217
1.92613 1.8188 1.74521 1.91229 2.3461 2.46342 1.68263 1.43697 1.8641 2.06015
1.29585 1.8351 1.56965 1.35195 0.222302 0.032612 1.37223 2.05701 2.00393 1.70516
2.20744 0.391674 1.89203 3.69879 0.0153113 2.25661 2.31814 2.25483 2.08283 1.74171
3.12768 2.26663 1.51741 1.8298 2.37949 2.33142 1.63805 0.644559 2.09495 0.00729809
2.19085 0.230566 1.90593 1.99505 2.41329 1.93798 1.84604 1.70057 5.57444 1.42873
2.05578 0.0639463 1.56569 2.13831 1.68675 0.569858 2.72631 1.91792 3.61014 2.43759
2.51096 0.22367 1.84135 1.90121 1.77672 1.60163 1.75686 1.7032 1.63772 0.0485259
1.69231 0.335584 1.04895 1.52022 0.920488 1.16264 0.637307 1.76527 1.32266 2.06273
1.61825 1.09093 1.60974 1.47134 0.0949889 1.20913 0.86093 1.42753 0.0112759 0.730522
0.772798 1.48372 0.467863 0.790558 0.43467 1.30114 0.927321 0.80899 0.578093 2.85229
1.4513 0.644381 0.305136 0.0664297 0.812849 0.549563 0.376194 1.1705 0.939072 0.560549
0.0818921 1.47549 0.861883 0.0720121 2.11698 0.0750433 1.04442 0.345669 0.498011 1.39154
2.04324 0.0214467 3.5119 0.00842617 0.167287 0.980171 0.403266 1.09217 0.00470528 1.07276
1.00613 0.543301 1.57698 0.0184002 1.12779 0.716255 0.546965 0.954421 1.66208 1.08068
2.0496 0.83895 0.599568 0.846772 1.22015 0.694468 0.476501 3.98763 0.758044 0.394938
1.00852 6.46231 1.48683 0.386609 1.09462 0.0129644 0.799113 1.37458 0.827174 0.935484
0.731007 0.367122 0.842318 0.189473 0.83364 0.61443 0.715981 0.266454 0.0610462 0.115295
0.781418 1.12371 0.214369 0.395379 0.746162 0.786576 1.48043 0.216022 0.0586258 0.0569224
0.581122 0.0599346 0.473204 0.650964 1.22243 0.538154 0.142599 0.0463093 0.582716 0.142261
0.786453 0.0955464 0.630057 0.163745 0.23905 0.013943 1.28869 0.0432474 0.123079 0.605843
0.124388 1.70736 0.680874 0.467079 0.0992351 0.17572 0.0642397 0.118432 0.105778 0.104648
2.26313 0.739067 0.506432 0.889846 1.15752 0.0114273 0.162586 0.654135 0.38291 0.253545
0.409343 0.223133 0.999625 0.996206 0.625714 2.46912 0.567735 1.95794 1.39002 0.102579
0.354106 0.0484623 0.733095 0.252651 0.737492 2.17997 0.888515 0.219759 0.54355 0.207132
0.0437483 0.636548 1.31738 0.439663 0.729026 0.611264 0.902011 0.319302 0.40038 0.457438
0.576198 0.727887 0.820202 0.285382 0.0223246 0.0284976 0.000516927 0.174832 4.1224 4.38152
0.238796 0.1999 0.169553 0.300969 0.0252674 0.0260838 0.14525 0.233038 0.208323 0.491076
0.585704 0.599092 6.17431 0.219177 0.913961 0.25438 0.673965 0.752971 0.35359 1.51026
1.24783 0.743993 0.285232 0.0367285 1.35761 1.57496 3.37512 0.397821 1.15844 0.103164
0.360375 0.227139 0.633505 0.38609 0.00347883 0.479939 0.280071 0.536702 0.336325 4.13145
4.36704 0.686778 0.660661 2.18333 2.06219 0.74756 0.101775 0.161198 0.0310004 1.54132
1.32405 0.925219 0.185566 0.0347167 0.165109 0.00690424 0.877949 0.377305 0.106888 0.249504
0.454646 0.542094 1.45481 0.72503 0.251084 0.0390271 1.91583 0.494812 0.351086 0.0682731
0.400119 4.00325 0.0123548 3.92294 0.476254 0.379046 0.100671 0.0354263 2.06012 0.900518
0.0127351 0.155974 0.025139 0.644913 0.070588 0.453611 0.0015086 0.0203744 0.501446 0.385092
0.211934 0.20626 0.702565 0.816178 0.332907 0.694758 0.862141 0.630856 0.0882732 0.931565
1.49089 0.84679 0.521071 0.91608 0.23055 1.0886 0.18143 2.49959 0.0117322 0.010055
1.18227 0.0779061 0.499476 0.0832552 0.582779 0.0179514 0.446443 0.296811 0.718497 2.64506
0.392473 2.57947 0.735392 0.0582554 1.06897 0.647947 0.397011 0.774291 0.45721 0.0826258
0.108937 0.951417 0.572269 0.340053 0.233083 0.202351 0.0162103 0.496913 0.914036 2.91816
0.657793 0.546481 0.0130626 0.0137482 0.476264 0.0790733 0.92196 0.0151318 0.328184 1.38633
0.041947 0.813618 1.60556 3.15614 3.51742 0.802695 1.08797 1.08219 0.424796 0.803084
1.86699 1.2956 1.45931 0.0316421 0.493573 1.10297 0.160992 0.215641 0.190764 0.0312289
0.378445 0.758182 0.453263 0.744063 0.374617 0.635369 0.597953 0.830661 0.315214 0.53095
0.469572 1.08364 0.326537 0.630574 0.222797 0.893212 0.424457 1.17002 1.11545 0.396586
1.84994 0.646237 0.69547 0.452787 0.0218364 0.401798 1.79811 0.43443 1.09773 1.13595
0.666876 0.658869 0.747175 0.625593 1.24534 0.443588 0.0138567 0.116798 0.82845 0.263676
1.04859 0.938251 0.0754173 0.621288 0.62727 0.593215 0.310695 0.493623 0.42209 1.19364
1.19164 0.189619 0.995732 0.435371 0.863948 0.794083 1.85202 0.260313 0.458634 1.80445
0.251126 0.28494 0.933829 4.66154 5.46382 1.00808 1.45757 0.962333 2.00172 1.30846
0.628216 0.346036 0.879508 0.776595 0.630149 1.78274 0.908252 0.285821 0.819157 0.470492
3.34627 0.00076098 0.82896 0.250127 0.969091 0.222589 1.90257 5.14911 0.417655 1.35739
1.04319 0.945937 1.10124 1.24131 1.06731 1.31789 0.894185 0.111661 
>covarianceMatrix:
A
0.512	0	0	0	0	0	0	0	0	0	0	0	
0	0.512	0	0	0	0	0	0	0	0	0	0	
0	0	0.512	0	0	0	0	0	0	0	0	0	
0	0	0	0.512	0	0	0	0	0	0	0	0	
0	0	0	0	0.512	0	0	0	0	0	0	0	
0	0	0	0	0	0.512	0	0	0	0	0	0	
0	0	0	0	0	0	0.512	0	0	0	0	0	
0	0	0	0	0	0	0	0.512	0	0	0	0	
0	0	0	0	0	0	0	0	0.512	0	0	0	
0	0	0	0	0	0	0	0	0	0.512	0	0	
0	0	0	0	0	0	0	0	0	0	0.512	0	
0	0	0	0	0	0	0	0	0	0	0	0.512	
***
>covarianceMatrix:
C
0.8	0	0	0	
0	0.8	0	0	
0	0	0.8	0	
0	0	0	0.8	
***
>covarianceMatrix:
D
0.8	0	0	0	
0	0.8	0	0	
0	0	0.8	0	
0	0	0	0.8	
***
>covarianceMatrix:
E
0.8	0	0	0	
0	0.8	0	0	
0	0	0.8	0	
0	0	0	0.8	
***
>covarianceMatrix:
F
0.8	0	0	0	
0	0.8	0	0	
0	0	0.8	0	
0	0	0	0.8	
***
>covarianceMatrix:
G
0.512	0	0	0	0	0	0	0	0	0	0	0	
0	0.512	0	0	0	0	0	0	0	0	0	0	
0	0	0.512	0	0	0	0	0	0	0	0	0	
0	0	0	0.512	0	0	0	0	0	0	0	0	
0	0	0	0	0.512	0	0	0	0	0	0	0	
0	0	0	0	0	0.512	0	0	0	0	0	0	
0	0	0	0	0	0	0.512	0	0	0	0	0	
0	0	0	0	0	0	0	0.512	0	0	0	0	
0	0	0	0	0	0	0	0	0.512	0	0	0	
0	0	0	0	0	0	0	0	0	0.512	0	0	
0	0	0	0	0	0	0	0	0	0	0.512	0	
0	0	0	0	0	0	0	0	0	0	0	0.512	
***
>covarianceMatrix:
H
0.8	0	0	0	
0	0.8	0	0	
0	0	0.8	0	
0	0	0	0.8	
***
>covarianceMatrix:
I
0.64	0	0	0	0	0	0	0	
0	0.64	0	0	0	0	0	0	
0	0	0.64	0	0	0	0	0	
0	0	0	0.64	0	0	0	0	
0	0	0	0	0.64	0	0	0	
0	0	0	0	0	0.64	0	0	
0	0	0	0	0	0	0.64	0	
0	0	0	0	0	0	0	0.64	
***
>covarianceMatrix:
K
0.8	0	0	0	
0	0.8	0	0	
0	0	0.8	0	
0	0	0	0.8	
***
>covarianceMatrix:
L
0.32768	0	0	0	0	0	0	0	0	0	0	0	0	0	0	0	0	0	0	0	
0	0.32768	0	0	0	0	0	0	0	0	0	0	0	0	0	0	0	0	0	0	
0	0	0.32768	0	0	0	0	0	0	0	0	0	0	0	0	0	0	0	0	0	
0	0	0	0.32768	0	0	0	0	0	0	0	0	0	0	0	0	0	0	0	0	
0	0	0	0	0.32768	0	0	0	0	0	0	0	0	0	0	0	0	0	0	0	
0	0	0	0	0	0.32768	0	0	0	0	0	0	0	0	0	0	0	0	0	0	
0	0	0	0	0	0	0.32768	0	0	0	0	0	0	0	0	0	0	0	0	0	
0	0	0	0	0	0	0	0.32768	0	0	0	0	0	0	0	0	0	0	0	0	
0	0	0	0	0	0	0	0	0.32768	0	0	0	0	0	0	0	0	0	0	0	
0	0	0	0	0	0	0	0	0	0.32768	0	0	0	0	0	0	0	0	0	0	
0	0	0	0	0	0	0	0	0	0	0.32768	0	0	0	0	0	0	0	0	0	
0	0	0	0	0	0	0	0	0	0	0	0.32768	0	0	0	0	0	0	0	0	
0	0	0	0	0	0	0	0	0	0	0	0	0.32768	0	0	0	0	0	0	0	
0	0	0	0	0	0	0	0	0	0	0	0	0	0.32768	0	0	0	0	0	0	
0	0	0	0	0	0	0	0	0	0	0	0	0	0	0.32768	0	0	0	0	0	
0	0	0	0	0	0	0	0	0	0	0	0	0	0	0	0.32768	0	0	0	0	
0	0	0	0	0	0	0	0	0	0	0	0	0	0	0	0	0.32768	0	0	0	
0	0	0	0	0	0	0	0	0	0	0	0	0	0	0	0	0	0.32768	0	0	
0	0	0	0	0	0	0	0	0	0	0	0	0	0	0	0	0	0	0.32768	0	
0	0	0	0	0	0	0	0	0	0	0	0	0	0	0	0	0	0	0	0.32768	
***
>covarianceMatrix:
M

***
>covarianceMatrix:
N
0.8	0	0	0	
0	0.8	0	0	
0	0	0.8	0	
0	0	0	0.8	
***
>covarianceMatrix:
P
0.512	0	0	0	0	0	0	0	0	0	0	0	
0	0.512	0	0	0	0	0	0	0	0	0	0	
0	0	0.512	0	0	0	0	0	0	0	0	0	
0	0	0	0.512	0	0	0	0	0	0	0	0	
0	0	0	0	0.512	0	0	0	0	0	0	0	
0	0	0	0	0	0.512	0	0	0	0	0	0	
0	0	0	0	0	0	0.512	0	0	0	0	0	
0	0	0	0	0	0	0	0.512	0	0	0	0	
0	0	0	0	0	0	0	0	0.512	0	0	0	
0	0	0	0	0	0	0	0	0	0.512	0	0	
0	0	0	0	0	0	0	0	0	0	0.512	0	
0	0	0	0	0	0	0	0	0	0	0	0.512	
***
>covarianceMatrix:
Q
0.8	0	0	0	
0	0.8	0	0	
0	0	0.8	0	
0	0	0	0.8	
***
>covarianceMatrix:
R
0.32768	0	0	0	0	0	0	0	0	0	0	0	0	0	0	0	0	0	0	0	
0	0.32768	0	0	0	0	0	0	0	0	0	0	0	0	0	0	0	0	0	0	
0	0	0.32768	0	0	0	0	0	0	0	0	0	0	0	0	0	0	0	0	0	
0	0	0	0.32768	0	0	0	0	0	0	0	0	0	0	0	0	0	0	0	0	
0	0	0	0	0.32768	0	0	0	0	0	0	0	0	0	0	0	0	0	0	0	
0	0	0	0	0	0.32768	0	0	0	0	0	0	0	0	0	0	0	0	0	0	
0	0	0	0	0	0	0.32768	0	0	0	0	0	0	0	0	0	0	0	0	0	
0	0	0	0	0	0	0	0.32768	0	0	0	0	0	0	0	0	0	0	0	0	
0	0	0	0	0	0	0	0	0.32768	0	0	0	0	0	0	0	0	0	0	0	
0	0	0	0	0	0	0	0	0	0.32768	0	0	0	0	0	0	0	0	0	0	
0	0	0	0	0	0	0	0	0	0	0.32768	0	0	0	0	0	0	0	0	0	
0	0	0	0	0	0	0	0	0	0	0	0.32768	0	0	0	0	0	0	0	0	
0	0	0	0	0	0	0	0	0	0	0	0	0.32768	0	0	0	0	0	0	0	
0	0	0	0	0	0	0	0	0	0	0	0	0	0.32768	0	0	0	0	0	0	
0	0	0	0	0	0	0	0	0	0	0	0	0	0	0.32768	0	0	0	0	0	
0	0	0	0	0	0	0	0	0	0	0	0	0	0	0	0.32768	0	0	0	0	
0	0	0	0	0	0	0	0	0	0	0	0	0	0	0	0	0.32768	0	0	0	
0	0	0	0	0	0	0	0	0	0	0	0	0	0	0	0	0	0.32768	0	0	
0	0	0	0	0	0	0	0	0	0	0	0	0	0	0	0	0	0	0.32768	0	
0	0	0	0	0	0	0	0	0	0	0	0	0	0	0	0	0	0	0	0.32768	
***
>covarianceMatrix:
S
0.512	0	0	0	0	0	0	0	0	0	0	0	
0	0.512	0	0	0	0	0	0	0	0	0	0	
0	0	0.512	0	0	0	0	0	0	0	0	0	
0	0	0	0.512	0	0	0	0	0	0	0	0	
0	0	0	0	0.512	0	0	0	0	0	0	0	
0	0	0	0	0	0.512	0	0	0	0	0	0	
0	0	0	0	0	0	0.512	0	0	0	0	0	
0	0	0	0	0	0	0	0.512	0	0	0	0	
0	0	0	0	0	0	0	0	0.512	0	0	0	
0	0	0	0	0	0	0	0	0	0.512	0	0	
0	0	0	0	0	0	0	0	0	0	0.512	0	
0	0	0	0	0	0	0	0	0	0	0	0.512	
***
>covarianceMatrix:
T
0.512	0	0	0	0	0	0	0	0	0	0	0	
0	0.512	0	0	0	0	0	0	0	0	0	0	
0	0	0.512	0	0	0	0	0	0	0	0	0	
0	0	0	0.512	0	0	0	0	0	0	0	0	
0	0	0	0	0.512	0	0	0	0	0	0	0	
0	0	0	0	0	0.512	0	0	0	0	0	0	
0	0	0	0	0	0	0.512	0	0	0	0	0	
0	0	0	0	0	0	0	0.512	0	0	0	0	
0	0	0	0	0	0	0	0	0.512	0	0	0	
0	0	0	0	0	0	0	0	0	0.512	0	0	
0	0	0	0	0	0	0	0	0	0	0.512	0	
0	0	0	0	0	0	0	0	0	0	0	0.512	
***
>covarianceMatrix:
V
0.512	0	0	0	0	0	0	0	0	0	0	0	
0	0.512	0	0	0	0	0	0	0	0	0	0	
0	0	0.512	0	0	0	0	0	0	0	0	0	
0	0	0	0.512	0	0	0	0	0	0	0	0	
0	0	0	0	0.512	0	0	0	0	0	0	0	
0	0	0	0	0	0.512	0	0	0	0	0	0	
0	0	0	0	0	0	0.512	0	0	0	0	0	
0	0	0	0	0	0	0	0.512	0	0	0	0	
0	0	0	0	0	0	0	0	0.512	0	0	0	
0	0	0	0	0	0	0	0	0	0.512	0	0	
0	0	0	0	0	0	0	0	0	0	0.512	0	
0	0	0	0	0	0	0	0	0	0	0	0.512	
***
>covarianceMatrix:
W

***
>covarianceMatrix:
Y
0.8	0	0	0	
0	0.8	0	0	
0	0	0.8	0	
0	0	0	0.8	
***
>covarianceMatrix:
Z
0.8	0	0	0	
0	0.8	0	0	
0	0	0.8	0	
0	0	0	0.8	
***
>covarianceMatrix:
X
1	0	0	0	0	0	0	0	
0	1	0	0	0	0	0	0	
0	0	1	0	0	0	0	0	
0	0	0	1	0	0	0	0	
0	0	0	0	1	0	0	0	
0	0	0	0	0	1	0	0	
0	0	0	0	0	0	1	0	
0	0	0	0	0	0	0	1	
***
>std_csp:
0.08 0.08 0.08 0.08 0.08 0.08 0.08 0.08 0.08 0.08
0.08 0.08 0.08 0.08 0.08 0.08 0.08 0.08 0.08 0.08
0.08 0.08 0.08 0.08 0.08 0.08 0.08 0.08 0.08 0.08
0.08 0.08 0.08 0.08 0.08 0.08 0.08 0.08 0.08 0.08
>currentMutationParameter:
***
-0.351206 0.37804 0.482376 0.416119 0.58758 -0.427164 0.67819 -0.0882732 0.112046 0.308621
0.412653 -0.17967 0.374825 -0.594874 0.38867 0.85346 0.340444 0.463886 0.0192667 0.355606
-0.0444183 0.291683 0.359361 -0.482692 -0.882229 -0.699295 -0.196709 0.396872 0.197197 0.0236748
0.518833 0.360352 -0.333441 0.286959 0.318584 0.00969851 0.568325 0.19753 0.164234 0.18292
***
-0.878969 -1.16534 -1.30966 -1.23193 -1.52702 0.705129 0.135267 0.0490975 -1.70883 -0.786879
-1.37266 0.362823 -1.09341 0.987818 0.533375 -0.518988 -1.8007 0.46798 2.13151 -1.88395
-0.559724 -1.34065 -1.6078 1.3088 -0.804486 -1.42901 0.25319 -1.23271 -1.4008 0.403151
-0.768476 -1.19973 -0.914442 -1.39422 -1.60159 0.830381 -0.551901 -1.39379 -1.65497 -1.68175
>currentSelectionParameter:
***
0.683676 0.0264842 0.991072 0.463141 -0.216898 -0.0475221 -0.360526 1.24613 0.544507 1.31197
-0.253749 1.36071 -0.14625 0.496053 0.416273 1.25077 0.697492 0.872137 0.547614 -0.563987
-0.442261 0.561071 0.564528 -0.339658 -0.00905987 0.627371 2.54963 0.619098 1.82958 0.80367
-0.00135671 0.90203 0.74785 -0.0695889 0.873069 1.03039 -0.0513891 0.679159 -0.394585 0.0316733
***
0.728302 0.291632 1.27976 0.631074 0.257104 -0.374237 -0.106153 0.792277 0.977489 1.38051
0.087766 0.366362 0.0772738 -0.0356145 0.38398 1.17288 1.45748 0.577081 0.0878102 0.160379
0.0197491 1.02207 1.37508 -0.591337 -0.216048 0.70295 0.765411 0.812788 1.78176 0.390388
0.261017 1.18374 0.710871 0.287796 1.32583 0.334893 0.0720326 0.859539 0.0306561 0.635151
