>Sphi:
1.11755
>Aphi:
6.95323e-310
>numParam:
40
>numMixtures:
2
>std_sphi:
0.064
>std_phi:
***
0.1728 0.1728 0.1728 0.1728 0.1728 0.1728 0.1728 0.1728 0.1728 0.1728
0.1728 0.1728 0.1728 0.1728 0.1728 0.1728 0.1728 0.1728 0.1728 0.1728
0.1728 0.1728 0.1728 0.1728 0.1728 0.1728 0.1728 0.1728 0.1728 0.1728
0.1728 0.1728 0.1728 0.1728 0.1728 0.1728 0.1728 0.1728 0.1728 0.1728
0.1728 0.1728 0.1728 0.1728 0.1728 0.1728 0.1728 0.1728 0.1728 0.1728
0.1728 0.1728 0.1728 0.1728 0.1728 0.1728 0.1728 0.1728 0.1728 0.1728
0.1728 0.1728 0.1728 0.1728 0.1728 0.1728 0.1728 0.1728 0.1728 0.1728
0.1728 0.1728 0.1728 0.1728 0.1728 0.1728 0.1728 0.1728 0.1728 0.1728
0.1728 0.1728 0.1728 0.1728 0.1728 0.1728 0.1728 0.1728 0.1728 0.1728
0.1728 0.1728 0.1728 0.1728 0.1728 0.1728 0.1728 0.1728 0.1728 0.1728
0.1728 0.1728 0.1728 0.1728 0.1728 0.1728 0.1728 0.1728 0.1728 0.1728
0.1728 0.1728 0.1728 0.1728 0.1728 0.1728 0.1728 0.1728 0.1728 0.1728
0.1728 0.1728 0.1728 0.1728 0.1728 0.1728 0.1728 0.1728 0.1728 0.1728
0.1728 0.1728 0.1728 0.1728 0.1728 0.1728 0.1728 0.1728 0.1728 0.1728
0.1728 0.1728 0.1728 0.1728 0.1728 0.1728 0.1728 0.1728 0.1728 0.1728
0.1728 0.1728 0.1728 0.1728 0.1728 0.1728 0.1728 0.1728 0.1728 0.1728
0.1728 0.1728 0.1728 0.1728 0.1728 0.1728 0.1728 0.1728 0.1728 0.1728
0.1728 0.1728 0.1728 0.1728 0.1728 0.1728 0.1728 0.1728 0.1728 0.1728
0.1728 0.1728 0.1728 0.1728 0.1728 0.1728 0.1728 0.1728 0.1728 0.1728
0.1728 0.1728 0.1728 0.1728 0.1728 0.1728 0.1728 0.1728 0.1728 0.1728
0.1728 0.1728 0.1728 0.1728 0.1728 0.1728 0.1728 0.1728 0.1728 0.1728
0.1728 0.1728 0.1728 0.1728 0.1728 0.1728 0.1728 0.1728 0.1728 0.1728
0.1728 0.1728 0.1728 0.1728 0.1728 0.1728 0.1728 0.1728 0.1728 0.1728
0.1728 0.1728 0.1728 0.1728 0.1728 0.1728 0.1728 0.1728 0.1728 0.1728
0.1728 0.1728 0.1728 0.1728 0.1728 0.1728 0.1728 0.1728 0.1728 0.1728
0.1728 0.1728 0.1728 0.1728 0.1728 0.1728 0.1728 0.1728 0.1728 0.1728
0.1728 0.1728 0.1728 0.1728 0.1728 0.1728 0.1728 0.1728 0.1728 0.1728
0.1728 0.1728 0.1728 0.1728 0.1728 0.1728 0.1728 0.1728 0.1728 0.1728
0.1728 0.1728 0.1728 0.1728 0.1728 0.1728 0.1728 0.1728 0.1728 0.1728
0.1728 0.1728 0.1728 0.1728 0.1728 0.1728 0.1728 0.1728 0.1728 0.1728
0.1728 0.1728 0.1728 0.1728 0.1728 0.1728 0.1728 0.1728 0.1728 0.1728
0.1728 0.1728 0.1728 0.1728 0.1728 0.1728 0.1728 0.1728 0.1728 0.1728
0.1728 0.1728 0.1728 0.1728 0.1728 0.1728 0.1728 0.1728 0.1728 0.1728
0.1728 0.1728 0.1728 0.1728 0.1728 0.1728 0.1728 0.1728 0.1728 0.1728
0.1728 0.1728 0.1728 0.1728 0.1728 0.1728 0.1728 0.1728 0.1728 0.1728
0.1728 0.1728 0.1728 0.1728 0.1728 0.1728 0.1728 0.1728 0.1728 0.1728
0.1728 0.1728 0.1728 0.1728 0.1728 0.1728 0.1728 0.1728 0.1728 0.1728
0.1728 0.1728 0.1728 0.1728 0.1728 0.1728 0.1728 0.1728 0.1728 0.1728
0.1728 0.1728 0.1728 0.1728 0.1728 0.1728 0.1728 0.1728 0.1728 0.1728
0.1728 0.1728 0.1728 0.1728 0.1728 0.1728 0.1728 0.1728 0.1728 0.1728
0.1728 0.1728 0.1728 0.1728 0.1728 0.1728 0.1728 0.1728 0.1728 0.1728
0.1728 0.1728 0.1728 0.1728 0.1728 0.1728 0.1728 0.1728 0.1728 0.1728
0.1728 0.1728 0.1728 0.1728 0.1728 0.1728 0.1728 0.1728 0.1728 0.1728
0.1728 0.1728 0.1728 0.1728 0.1728 0.1728 0.1728 0.1728 0.1728 0.1728
0.1728 0.1728 0.1728 0.1728 0.1728 0.1728 0.1728 0.1728 0.1728 0.1728
0.1728 0.1728 0.1728 0.1728 0.1728 0.1728 0.1728 0.1728 0.1728 0.1728
0.1728 0.1728 0.1728 0.1728 0.1728 0.1728 0.1728 0.1728 0.1728 0.1728
0.1728 0.1728 0.1728 0.1728 0.1728 0.1728 0.1728 0.1728 0.1728 0.1728
0.1728 0.1728 0.1728 0.1728 0.1728 0.1728 0.1728 0.1728 0.1728 0.1728
0.1728 0.1728 0.1728 0.1728 0.1728 0.1728 0.1728 0.1728 0.1728 0.1728
0.1728 0.1728 0.1728 0.1728 0.1728 0.1728 0.1728 0.1728 0.1728 0.1728
0.1728 0.1728 0.1728 0.1728 0.1728 0.1728 0.1728 0.1728 0.1728 0.1728
0.1728 0.1728 0.1728 0.1728 0.1728 0.1728 0.1728 0.1728 0.1728 0.1728
0.1728 0.1728 0.1728 0.1728 0.1728 0.1728 0.1728 0.1728 0.1728 0.1728
0.1728 0.1728 0.1728 0.1728 0.1728 0.1728 0.1728 0.1728 0.1728 0.1728
0.1728 0.1728 0.1728 0.1728 0.1728 0.1728 0.1728 0.1728 0.1728 0.1728
0.1728 0.1728 0.1728 0.1728 0.1728 0.1728 0.1728 0.1728 0.1728 0.1728
0.1728 0.1728 0.1728 0.1728 0.1728 0.1728 0.1728 0.1728 0.1728 0.1728
0.1728 0.1728 0.1728 0.1728 0.1728 0.1728 0.1728 0.1728 0.1728 0.1728
0.1728 0.1728 0.1728 0.1728 0.1728 0.1728 0.1728 0.1728 0.1728 0.1728
0.1728 0.1728 0.1728 0.1728 0.1728 0.1728 0.1728 0.1728 0.1728 0.1728
0.1728 0.1728 0.1728 0.1728 0.1728 0.1728 0.1728 0.1728 0.1728 0.1728
0.1728 0.1728 0.1728 0.1728 0.1728 0.1728 0.1728 0.1728 0.1728 0.1728
0.1728 0.1728 0.1728 0.1728 0.1728 0.1728 0.1728 0.1728 0.1728 0.1728
0.1728 0.1728 0.1728 0.1728 0.1728 0.1728 0.1728 0.1728 0.1728 0.1728
0.1728 0.1728 0.1728 0.1728 0.1728 0.1728 0.1728 0.1728 0.1728 0.1728
0.1728 0.1728 0.1728 0.1728 0.1728 0.1728 0.1728 0.1728 0.1728 0.1728
0.1728 0.1728 0.1728 0.1728 0.1728 0.1728 0.1728 0.1728 0.1728 0.1728
0.1728 0.1728 0.1728 0.1728 0.1728 0.1728 0.1728 0.1728 0.1728 0.1728
0.1728 0.1728 0.1728 0.1728 0.1728 0.1728 0.1728 0.1728 0.1728 0.1728
0.1728 0.1728 0.1728 0.1728 0.1728 0.1728 0.1728 0.1728 0.1728 0.1728
0.1728 0.1728 0.1728 0.1728 0.1728 0.1728 0.1728 0.1728 0.1728 0.1728
0.1728 0.1728 0.1728 0.1728 0.1728 0.1728 0.1728 0.1728 0.1728 0.1728
0.1728 0.1728 0.1728 0.1728 0.1728 0.1728 0.1728 0.1728 0.1728 0.1728
0.1728 0.1728 0.1728 0.1728 0.1728 0.1728 0.1728 0.1728 0.1728 0.1728
0.1728 0.1728 0.1728 0.1728 0.1728 0.1728 0.1728 0.1728 0.1728 0.1728
0.1728 0.1728 0.1728 0.1728 0.1728 0.1728 0.1728 0.1728 0.1728 0.1728
0.1728 0.1728 0.1728 0.1728 0.1728 0.1728 0.1728 0.1728 0.1728 0.1728
0.1728 0.1728 0.1728 0.1728 0.1728 0.1728 0.1728 0.1728 0.1728 0.1728
0.1728 0.1728 0.1728 0.1728 0.1728 0.1728 0.1728 0.1728 0.1728 0.1728
0.1728 0.1728 0.1728 0.1728 0.1728 0.1728 0.1728 0.1728 0.1728 0.1728
0.1728 0.1728 0.1728 0.1728 0.1728 0.1728 0.1728 0.1728 0.1728 0.1728
0.1728 0.1728 0.1728 0.1728 0.1728 0.1728 0.1728 0.1728 0.1728 0.1728
0.1728 0.1728 0.1728 0.1728 0.1728 0.1728 0.1728 0.1728 0.1728 0.1728
0.1728 0.1728 0.1728 0.1728 0.1728 0.1728 0.1728 0.1728 0.1728 0.1728
0.1728 0.1728 0.1728 0.1728 0.1728 0.1728 0.1728 0.1728 0.1728 0.1728
0.1728 0.1728 0.1728 0.1728 0.1728 0.1728 0.1728 0.1728 0.1728 0.1728
0.1728 0.1728 0.1728 0.1728 0.1728 0.1728 0.1728 0.1728 0.1728 0.1728
0.1728 0.1728 0.1728 0.1728 0.1728 0.1728 0.1728 0.1728 0.1728 0.1728
0.1728 0.1728 0.1728 0.1728 0.1728 0.1728 0.1728 0.1728 0.1728 0.1728
0.1728 0.1728 0.1728 0.1728 0.1728 0.1728 0.1728 0.1728 0.1728 0.1728
0.1728 0.1728 0.1728 0.1728 0.1728 0.1728 0.1728 0.1728 0.1728 0.1728
0.1728 0.1728 0.1728 0.1728 0.1728 0.1728 0.1728 0.1728 0.1728 0.1728
0.1728 0.1728 0.1728 0.1728 0.1728 0.1728 0.1728 0.1728 0.1728 0.1728
0.1728 0.1728 0.1728 0.1728 0.1728 0.1728 0.1728 0.1728 0.1728 0.1728
0.1728 0.1728 0.1728 0.1728 0.1728 0.1728 0.1728 0.1728 0.1728 0.1728
0.1728 0.1728 0.1728 0.1728 0.1728 0.1728 0.1728 0.1728 0.1728 0.1728
0.1728 0.1728 0.1728 0.1728 0.1728 0.1728 0.1728 0.1728 0.1728 0.1728
0.1728 0.1728 0.1728 0.1728 0.1728 0.1728 0.1728 0.1728 0.1728 0.1728
0.1728 0.1728 0.1728 0.1728 0.1728 0.1728 0.1728 0.1728 0.1728 0.1728
0.1728 0.1728 0.1728 0.1728 0.1728 0.1728 0.1728 0.1728 0.1728 0.1728
0.1728 0.1728 0.1728 0.1728 0.1728 0.1728 0.1728 0.1728 0.1728 0.1728
0.1728 0.1728 0.1728 0.1728 0.1728 0.1728 0.1728 0.1728 0.1728 0.1728
0.1728 0.1728 0.1728 0.1728 0.1728 0.1728 0.1728 0.1728 0.1728 0.1728
0.1728 0.1728 0.1728 0.1728 0.1728 0.1728 0.1728 0.1728 0.1728 0.1728
0.1728 0.1728 0.1728 0.1728 0.1728 0.1728 0.1728 0.1728 0.1728 0.1728
0.1728 0.1728 0.1728 0.1728 0.1728 0.1728 0.1728 0.1728 0.1728 0.1728
0.1728 0.1728 0.1728 0.1728 0.1728 0.1728 0.1728 0.1728 0.1728 0.1728
0.1728 0.1728 0.1728 0.1728 0.1728 0.1728 0.1728 0.1728 0.1728 0.1728
0.1728 0.1728 0.1728 0.1728 0.1728 0.1728 0.1728 0.1728 0.1728 0.1728
0.1728 0.1728 0.1728 0.1728 0.1728 0.1728 0.1728 0.1728 0.1728 0.1728
0.1728 0.1728 0.1728 0.1728 0.1728 0.1728 0.1728 0.1728 0.1728 0.1728
0.1728 0.1728 0.1728 0.1728 0.1728 0.1728 0.1728 0.1728 0.1728 0.1728
0.1728 0.1728 0.1728 0.1728 0.1728 0.1728 0.1728 0.1728 0.1728 0.1728
0.1728 0.1728 0.1728 0.1728 0.1728 0.1728 0.1728 0.1728 0.1728 0.1728
0.1728 0.1728 0.1728 0.1728 0.1728 0.1728 0.1728 0.1728 0.1728 0.1728
0.1728 0.1728 0.1728 0.1728 0.1728 0.1728 0.1728 0.1728 0.1728 0.1728
0.1728 0.1728 0.1728 0.1728 0.1728 0.1728 0.1728 0.1728 0.1728 0.1728
0.1728 0.1728 0.1728 0.1728 0.1728 0.1728 0.1728 0.1728 0.1728 0.1728
0.1728 0.1728 0.1728 0.1728 0.1728 0.1728 0.1728 0.1728 0.1728 0.1728
0.1728 0.1728 0.1728 0.1728 0.1728 0.1728 0.1728 0.1728 0.1728 0.1728
0.1728 0.1728 0.1728 0.1728 0.1728 0.1728 0.1728 0.1728 0.1728 0.1728
0.1728 0.1728 0.1728 0.1728 0.1728 0.1728 0.1728 0.1728 0.1728 0.1728
0.1728 0.1728 0.1728 0.1728 0.1728 0.1728 0.1728 0.1728 0.1728 0.1728
0.1728 0.1728 0.1728 0.1728 0.1728 0.1728 0.1728 0.1728 0.1728 0.1728
0.1728 0.1728 0.1728 0.1728 0.1728 0.1728 0.1728 0.1728 0.1728 0.1728
0.1728 0.1728 0.1728 0.1728 0.1728 0.1728 0.1728 0.1728 0.1728 0.1728
0.1728 0.1728 0.1728 0.1728 0.1728 0.1728 0.1728 0.1728 0.1728 0.1728
0.1728 0.1728 0.1728 0.1728 0.1728 0.1728 0.1728 0.1728 0.1728 0.1728
0.1728 0.1728 0.1728 0.1728 0.1728 0.1728 0.1728 0.1728 0.1728 0.1728
0.1728 0.1728 0.1728 0.1728 0.1728 0.1728 0.1728 0.1728 0.1728 0.1728
0.1728 0.1728 0.1728 0.1728 0.1728 0.1728 0.1728 0.1728 0.1728 0.1728
0.1728 0.1728 0.1728 0.1728 0.1728 0.1728 0.1728 0.1728 0.1728 0.1728
0.1728 0.1728 0.1728 0.1728 0.1728 0.1728 0.1728 0.1728 0.1728 0.1728
0.1728 0.1728 0.1728 0.1728 0.1728 0.1728 0.1728 0.1728 0.1728 0.1728
0.1728 0.1728 0.1728 0.1728 0.1728 0.1728 0.1728 0.1728 0.1728 0.1728
0.1728 0.1728 0.1728 0.1728 0.1728 0.1728 0.1728 0.1728 0.1728 0.1728
0.1728 0.1728 0.1728 0.1728 0.1728 0.1728 0.1728 0.1728 0.1728 0.1728
0.1728 0.1728 0.1728 0.1728 0.1728 0.1728 0.1728 0.1728 0.1728 0.1728
0.1728 0.1728 0.1728 0.1728 0.1728 0.1728 0.1728 0.1728 0.1728 0.1728
0.1728 0.1728 0.1728 0.1728 0.1728 0.1728 0.1728 0.1728 0.1728 0.1728
0.1728 0.1728 0.1728 0.1728 0.1728 0.1728 0.1728 0.1728 
***
0.1728 0.1728 0.1728 0.1728 0.1728 0.1728 0.1728 0.1728 0.1728 0.1728
0.1728 0.1728 0.1728 0.1728 0.144 0.1728 0.1728 0.1728 0.1728 0.1728
0.1728 0.1728 0.1728 0.1728 0.144 0.1728 0.1728 0.1728 0.1728 0.1728
0.1728 0.1728 0.1728 0.1728 0.144 0.1728 0.1728 0.1728 0.1728 0.1728
0.144 0.1728 0.1728 0.1728 0.1728 0.1728 0.1728 0.1728 0.1728 0.1728
0.12 0.1728 0.1728 0.1728 0.1728 0.1728 0.1728 0.1728 0.1728 0.144
0.1728 0.1728 0.1728 0.1728 0.1728 0.1728 0.1728 0.1728 0.1728 0.1728
0.1728 0.1728 0.1728 0.1728 0.1728 0.1728 0.1728 0.1728 0.1728 0.1728
0.1728 0.1728 0.144 0.1728 0.144 0.1728 0.1728 0.1728 0.1728 0.1728
0.1728 0.1728 0.1728 0.1728 0.1728 0.1728 0.1728 0.1728 0.1728 0.1728
0.1728 0.1728 0.1728 0.1728 0.1728 0.1728 0.1728 0.1728 0.1728 0.1728
0.1728 0.1728 0.1728 0.1728 0.1728 0.1728 0.1728 0.1728 0.1728 0.1728
0.1728 0.1728 0.1728 0.1728 0.1728 0.1728 0.1728 0.1728 0.1728 0.1728
0.1728 0.1728 0.1728 0.1728 0.1728 0.1728 0.1728 0.1728 0.1728 0.1728
0.1728 0.1728 0.1728 0.1728 0.1728 0.1728 0.144 0.1728 0.1728 0.1728
0.1728 0.1728 0.1728 0.1728 0.1728 0.1728 0.1728 0.1728 0.1728 0.1728
0.1728 0.1728 0.1728 0.1728 0.1728 0.1728 0.1728 0.1728 0.1728 0.1728
0.1728 0.144 0.1728 0.1728 0.1728 0.1728 0.1728 0.1728 0.1728 0.1728
0.1728 0.1728 0.1728 0.1728 0.1728 0.1728 0.1728 0.1728 0.1728 0.1728
0.1728 0.1728 0.1728 0.1728 0.1728 0.1728 0.1728 0.1728 0.1728 0.1728
0.1728 0.1728 0.1728 0.1728 0.1728 0.1728 0.1728 0.1728 0.1728 0.1728
0.1728 0.1728 0.1728 0.1728 0.1728 0.1728 0.1728 0.1728 0.1728 0.1728
0.1728 0.1728 0.1728 0.1728 0.1728 0.1728 0.1728 0.1728 0.144 0.1728
0.1728 0.1728 0.1728 0.1728 0.1728 0.1728 0.1728 0.1728 0.1728 0.1728
0.1728 0.1728 0.1728 0.1728 0.1728 0.1728 0.1728 0.1728 0.1728 0.1728
0.1728 0.1728 0.1728 0.1728 0.1728 0.1728 0.1728 0.1728 0.1728 0.1728
0.1728 0.1728 0.1728 0.1728 0.1728 0.1728 0.1728 0.1728 0.1728 0.1728
0.1728 0.1728 0.1728 0.1728 0.1728 0.1728 0.1728 0.1728 0.1728 0.1728
0.1728 0.1728 0.1728 0.1728 0.1728 0.1728 0.1728 0.1728 0.1728 0.1728
0.1728 0.1728 0.1728 0.1728 0.1728 0.1728 0.1728 0.1728 0.1728 0.1728
0.1728 0.1728 0.144 0.1728 0.1728 0.1728 0.1728 0.1728 0.1728 0.1728
0.1728 0.1728 0.1728 0.1728 0.1728 0.1728 0.1728 0.1728 0.1728 0.144
0.1728 0.144 0.1728 0.1728 0.1728 0.1728 0.1728 0.1728 0.1728 0.1728
0.1728 0.1728 0.1728 0.1728 0.1728 0.1728 0.1728 0.1728 0.1728 0.1728
0.1728 0.1728 0.144 0.1728 0.144 0.1728 0.1728 0.1728 0.1728 0.1728
0.1728 0.1728 0.1728 0.1728 0.1728 0.1728 0.1728 0.1728 0.1728 0.1728
0.1728 0.1728 0.1728 0.1728 0.1728 0.1728 0.1728 0.1728 0.1728 0.1728
0.1728 0.1728 0.1728 0.1728 0.1728 0.1728 0.1728 0.1728 0.1728 0.1728
0.1728 0.1728 0.1728 0.1728 0.1728 0.1728 0.1728 0.1728 0.1728 0.1728
0.1728 0.1728 0.1728 0.144 0.1728 0.1728 0.1728 0.1728 0.1728 0.1728
0.1728 0.1728 0.1728 0.1728 0.1728 0.1728 0.1728 0.1728 0.1728 0.1728
0.1728 0.1728 0.1728 0.1728 0.1728 0.1728 0.1728 0.1728 0.1728 0.1728
0.1728 0.1728 0.1728 0.1728 0.1728 0.1728 0.1728 0.1728 0.144 0.1728
0.1728 0.1728 0.1728 0.1728 0.1728 0.1728 0.1728 0.1728 0.1728 0.1728
0.1728 0.1728 0.1728 0.1728 0.1728 0.1728 0.1728 0.1728 0.1728 0.1728
0.1728 0.1728 0.1728 0.1728 0.1728 0.1728 0.1728 0.1728 0.1728 0.1728
0.1728 0.1728 0.1728 0.1728 0.1728 0.1728 0.1728 0.1728 0.1728 0.1728
0.1728 0.1728 0.1728 0.1728 0.1728 0.1728 0.1728 0.144 0.1728 0.1728
0.1728 0.1728 0.1728 0.1728 0.1728 0.1728 0.1728 0.1728 0.1728 0.1728
0.1728 0.1728 0.1728 0.1728 0.1728 0.1728 0.1728 0.1728 0.1728 0.1728
0.1728 0.1728 0.1728 0.1728 0.1728 0.1728 0.1728 0.1728 0.1728 0.1728
0.1728 0.1728 0.1728 0.1728 0.1728 0.1728 0.1728 0.1728 0.1728 0.1728
0.1728 0.1728 0.1728 0.1728 0.1728 0.1728 0.1728 0.1728 0.1728 0.1728
0.1728 0.1728 0.1728 0.1728 0.1728 0.1728 0.1728 0.1728 0.1728 0.144
0.1728 0.1728 0.1728 0.1728 0.1728 0.1728 0.1728 0.1728 0.1728 0.144
0.1728 0.1728 0.1728 0.1728 0.1728 0.1728 0.1728 0.1728 0.1728 0.1728
0.1728 0.1728 0.1728 0.1728 0.1728 0.1728 0.1728 0.1728 0.1728 0.1728
0.1728 0.1728 0.1728 0.1728 0.1728 0.1728 0.1728 0.1728 0.1728 0.1728
0.1728 0.144 0.1728 0.1728 0.1728 0.1728 0.1728 0.144 0.1728 0.1728
0.1728 0.1728 0.1728 0.1728 0.1728 0.1728 0.1728 0.1728 0.1728 0.1728
0.1728 0.1728 0.1728 0.1728 0.1728 0.1728 0.1152 0.1728 0.1728 0.1728
0.1728 0.1728 0.1728 0.1728 0.1728 0.1728 0.1728 0.1728 0.1728 0.1728
0.1728 0.1728 0.1728 0.1728 0.1728 0.1728 0.1728 0.1728 0.1728 0.1728
0.1728 0.1728 0.1728 0.1728 0.1728 0.1728 0.1728 0.1728 0.1728 0.1728
0.1728 0.1728 0.1728 0.1728 0.1728 0.1728 0.1728 0.1728 0.1728 0.1728
0.1728 0.1728 0.1728 0.1728 0.1728 0.1728 0.1728 0.1728 0.1728 0.144
0.1728 0.1728 0.1728 0.1728 0.1728 0.1728 0.1728 0.1728 0.1728 0.1728
0.1728 0.1728 0.1728 0.1728 0.1728 0.1728 0.1728 0.1728 0.1728 0.1728
0.1728 0.1728 0.1728 0.1728 0.144 0.1728 0.1728 0.1728 0.1728 0.1728
0.1728 0.144 0.1728 0.1728 0.1728 0.144 0.1728 0.1728 0.144 0.1728
0.1728 0.1728 0.1728 0.1728 0.1728 0.1728 0.1728 0.1728 0.1728 0.1728
0.1728 0.1728 0.144 0.1728 0.1728 0.1728 0.1728 0.1728 0.1728 0.1728
0.1728 0.1728 0.1728 0.1728 0.1728 0.1728 0.1728 0.1728 0.1728 0.1728
0.1728 0.1728 0.144 0.1728 0.1728 0.1728 0.1728 0.1728 0.1728 0.1728
0.1728 0.1728 0.1728 0.1728 0.1728 0.1728 0.1728 0.1728 0.1728 0.1728
0.1728 0.1728 0.1728 0.1728 0.1728 0.1728 0.1728 0.1728 0.1728 0.1728
0.1728 0.1728 0.1728 0.1728 0.1728 0.1728 0.1728 0.1728 0.1728 0.1728
0.1728 0.1728 0.1728 0.1728 0.1728 0.1728 0.1728 0.1728 0.1728 0.1728
0.1728 0.1728 0.1728 0.1728 0.1728 0.1728 0.1728 0.1728 0.1728 0.1728
0.1728 0.1728 0.1728 0.1728 0.1728 0.1728 0.1728 0.144 0.1728 0.1728
0.1728 0.1728 0.1728 0.1728 0.1728 0.1728 0.1728 0.1728 0.1728 0.1728
0.1728 0.1728 0.1728 0.1728 0.1728 0.1728 0.1728 0.1728 0.1728 0.1728
0.1728 0.1728 0.1728 0.1728 0.1728 0.1728 0.1728 0.1728 0.1728 0.1728
0.1728 0.1728 0.1728 0.1728 0.1728 0.1728 0.1728 0.1728 0.1728 0.1728
0.1728 0.1728 0.1728 0.1728 0.144 0.1728 0.1728 0.1728 0.1728 0.1728
0.1728 0.1728 0.1728 0.1728 0.144 0.1728 0.1728 0.1728 0.144 0.1728
0.1728 0.1728 0.1728 0.1728 0.1728 0.1728 0.1728 0.1728 0.144 0.1728
0.1728 0.1728 0.1728 0.1728 0.1728 0.1728 0.1728 0.1728 0.144 0.1728
0.1728 0.1728 0.1728 0.1728 0.1728 0.1728 0.1728 0.1728 0.1728 0.1728
0.1728 0.1728 0.1728 0.1728 0.1728 0.144 0.1728 0.1728 0.1728 0.1728
0.1728 0.1728 0.1728 0.1728 0.1728 0.1728 0.1728 0.1728 0.1728 0.1728
0.1728 0.1728 0.1728 0.1728 0.1728 0.1728 0.1728 0.1728 0.1728 0.1728
0.1728 0.1728 0.1728 0.1728 0.1728 0.1728 0.1728 0.1728 0.1728 0.1728
0.1728 0.1728 0.1728 0.1728 0.1728 0.1728 0.1728 0.1728 0.1728 0.1728
0.1728 0.1728 0.1728 0.1728 0.1728 0.1728 0.1728 0.1728 0.1728 0.1728
0.1728 0.1728 0.1728 0.1728 0.1728 0.1728 0.1728 0.1728 0.1728 0.1728
0.1728 0.1728 0.1728 0.1728 0.1728 0.1728 0.1728 0.1728 0.1728 0.1728
0.1728 0.1728 0.1728 0.1728 0.1728 0.1728 0.1728 0.1728 0.1728 0.1728
0.1728 0.1728 0.1728 0.1728 0.1728 0.1728 0.1728 0.1728 0.1728 0.1728
0.1728 0.1728 0.1728 0.1728 0.1728 0.1728 0.1728 0.1728 0.1728 0.1728
0.1728 0.1728 0.1728 0.1728 0.1728 0.1728 0.1728 0.1728 0.1728 0.1728
0.1728 0.1728 0.1728 0.1728 0.1728 0.1728 0.1728 0.1728 0.1728 0.1728
0.1728 0.1728 0.1728 0.1728 0.1728 0.1728 0.1728 0.1728 0.1728 0.1728
0.1728 0.1728 0.1728 0.1728 0.1728 0.1728 0.1728 0.1728 0.1728 0.1728
0.1728 0.1728 0.1728 0.1728 0.1728 0.1728 0.1728 0.1728 0.1728 0.1728
0.1728 0.1728 0.1728 0.1728 0.1728 0.1728 0.1728 0.1728 0.1728 0.1728
0.1728 0.1728 0.1728 0.1728 0.1728 0.1728 0.1728 0.1728 0.1728 0.1728
0.1728 0.1728 0.1728 0.1728 0.1728 0.1728 0.1728 0.1728 0.1728 0.1728
0.1728 0.1728 0.1728 0.1728 0.1728 0.1728 0.1728 0.1728 0.1728 0.1728
0.1728 0.1728 0.1728 0.1728 0.1728 0.1728 0.1728 0.1728 0.1728 0.1728
0.1728 0.1728 0.1728 0.1728 0.1728 0.1728 0.1728 0.1728 0.1728 0.1728
0.1728 0.1728 0.1728 0.1728 0.1728 0.1728 0.1728 0.1728 0.1728 0.1728
0.1728 0.1728 0.1728 0.1728 0.1728 0.1728 0.1728 0.1728 0.1728 0.1728
0.1728 0.1728 0.1728 0.1728 0.1728 0.1728 0.1728 0.1728 0.1728 0.1728
0.1728 0.1728 0.1728 0.1728 0.1728 0.1728 0.1728 0.1728 0.1728 0.1728
0.1728 0.1728 0.1728 0.1728 0.1728 0.1728 0.1728 0.1728 0.1728 0.1728
0.1728 0.1728 0.1728 0.1728 0.1728 0.1728 0.1728 0.1728 0.1728 0.1728
0.1728 0.1728 0.1728 0.1728 0.1728 0.1728 0.1728 0.1728 0.1728 0.1728
0.1728 0.1728 0.1728 0.1728 0.1728 0.1728 0.1728 0.1728 0.1728 0.1728
0.1728 0.1728 0.1728 0.1728 0.1728 0.1728 0.1728 0.1728 0.1728 0.1728
0.1728 0.1728 0.1728 0.1728 0.1728 0.1728 0.1728 0.1728 0.1728 0.1728
0.1728 0.1728 0.1728 0.1728 0.1728 0.1728 0.1728 0.1728 0.1728 0.1728
0.1728 0.1728 0.1728 0.1728 0.1728 0.1728 0.1728 0.1728 0.1728 0.1728
0.1728 0.1728 0.1728 0.1728 0.1728 0.1728 0.1728 0.1728 0.1728 0.1728
0.1728 0.1728 0.1728 0.1728 0.1728 0.1728 0.1728 0.1728 0.1728 0.1728
0.1728 0.1728 0.1728 0.1728 0.1728 0.1728 0.1728 0.1728 0.1728 0.1728
0.1728 0.1728 0.1728 0.1728 0.1728 0.1728 0.1728 0.1728 0.1728 0.1728
0.1728 0.1728 0.1728 0.1728 0.1728 0.1728 0.1728 0.1728 0.1728 0.1728
0.1728 0.1728 0.1728 0.1728 0.1728 0.1728 0.1728 0.1728 0.1728 0.1728
0.1728 0.1728 0.1728 0.1728 0.1728 0.1728 0.1728 0.1728 0.1728 0.1728
0.1728 0.1728 0.1728 0.1728 0.1728 0.1728 0.1728 0.1728 0.1728 0.1728
0.1728 0.1728 0.1728 0.1728 0.1728 0.1728 0.1728 0.1728 0.1728 0.1728
0.1728 0.1728 0.1728 0.1728 0.1728 0.1728 0.1728 0.1728 0.1728 0.1728
0.1728 0.1728 0.1728 0.1728 0.1728 0.1728 0.1728 0.1728 0.1728 0.1728
0.1728 0.1728 0.1728 0.1728 0.1728 0.1728 0.1728 0.1728 0.1728 0.1728
0.1728 0.1728 0.1728 0.1728 0.1728 0.1728 0.1728 0.1728 0.1728 0.1728
0.1728 0.1728 0.1728 0.1728 0.1728 0.1728 0.1728 0.1728 0.1728 0.1728
0.1728 0.1728 0.1728 0.1728 0.1728 0.1728 0.1728 0.1728 0.1728 0.1728
0.1728 0.1728 0.1728 0.1728 0.1728 0.1728 0.1728 0.1728 0.1728 0.1728
0.1728 0.1728 0.1728 0.1728 0.1728 0.1728 0.1728 0.1728 0.1728 0.1728
0.1728 0.1728 0.1728 0.1728 0.1728 0.1728 0.1728 0.1728 0.1728 0.1728
0.1728 0.1728 0.1728 0.1728 0.1728 0.1728 0.1728 0.1728 
>categories:
0 0
1 1
>mixtureAssignment:
0 0 0 0 0 0 0 0 0 0 0 0 0 0 0 0 0 0 0 0 0 0 0 0 0 0 0 0 0 0 0 0 0 0 0 0 0 0 0 0 0 0 0 0 0 0 0 0 0 0
0 0 0 0 0 0 0 0 0 0 0 0 0 0 0 0 0 0 0 0 0 0 0 0 0 0 0 0 0 0 0 0 0 0 0 0 0 0 0 0 0 0 0 0 0 0 0 0 0 0
0 0 0 0 0 0 0 0 0 0 0 0 1 0 0 1 0 0 0 0 0 0 0 0 0 0 0 0 0 0 0 0 0 0 0 0 0 0 0 0 0 0 0 0 0 0 0 0 0 0
0 0 0 0 0 0 0 0 0 0 0 0 0 0 0 0 0 0 0 0 0 0 0 0 0 0 0 0 0 0 0 0 0 0 0 0 0 0 0 0 0 0 0 1 0 0 0 0 0 0
0 1 0 0 0 0 0 0 0 0 0 0 0 0 0 0 0 0 0 0 0 0 0 0 0 0 0 0 0 0 0 0 0 0 0 0 0 0 0 0 1 0 1 1 0 0 0 0 0 0
0 0 0 0 0 0 0 0 0 0 0 0 0 0 0 0 0 0 0 0 0 0 0 0 0 0 0 0 0 0 0 0 0 0 0 0 1 1 0 0 0 0 0 0 1 0 0 0 0 0
0 0 0 0 0 0 0 0 0 0 0 0 0 0 0 0 0 0 0 0 1 0 0 0 0 0 0 0 0 0 0 0 0 0 0 0 0 0 0 0 0 0 0 0 0 0 1 1 0 0
0 0 0 0 0 0 0 0 0 0 0 0 0 0 0 0 0 0 0 0 0 0 0 0 0 0 0 0 0 0 0 0 0 0 0 0 0 0 0 0 0 0 0 1 0 0 0 0 0 0
0 0 0 1 1 0 0 0 0 0 0 0 0 0 0 0 0 0 1 0 0 0 0 0 0 0 0 0 0 0 0 0 0 0 0 0 0 0 0 0 1 1 1 0 0 1 1 1 1 0
0 0 0 0 0 0 0 0 0 0 0 0 0 0 0 0 0 0 1 1 0 0 0 0 0 0 0 0 0 0 0 0 0 0 0 0 0 0 0 0 1 0 0 0 0 0 0 1 1 0
0 0 0 0 0 0 0 0 0 0 0 0 0 0 0 0 0 0 0 0 0 0 0 0 0 0 0 0 0 1 0 0 0 0 0 0 0 0 0 0 0 0 0 0 0 0 0 0 0 0
0 0 0 0 0 0 0 0 0 0 0 0 0 0 0 0 0 0 0 0 0 0 0 0 0 0 0 0 0 0 0 0 0 0 0 0 0 1 1 0 0 0 0 1 0 0 0 0 0 0
0 0 0 1 0 0 0 0 0 1 0 0 0 0 0 0 0 0 0 0 0 0 0 0 1 0 0 1 1 1 0 0 0 0 0 0 0 0 0 0 0 0 0 0 0 0 0 0 0 0
0 1 0 0 0 0 0 0 1 0 0 0 0 0 0 0 0 0 0 0 0 0 0 1 0 0 0 0 0 0 0 0 0 0 0 0 0 0 0 1 0 0 0 0 0 0 0 0 0 0
0 0 1 0 0 0 0 1 0 0 0 0 0 0 0 0 0 0 0 0 0 0 0 0 0 0 0 0 0 0 0 0 0 0 0 0 0 0 0 0 0 0 0 0 0 0 0 0 0 0
0 0 0 0 0 0 0 0 0 0 0 0 0 0 0 0 1 0 0 0 1 0 0 0 0 0 0 0 0 0 0 0 0 0 0 0 0 0 0 0 0 0 0 0 0 0 0 0 0 0
0 0 0 0 0 0 0 0 0 0 0 0 1 0 0 0 1 1 0 0 0 0 0 0 0 0 0 0 1 0 1 0 0 0 0 0 0 0 0 0 0 0 0 0 0 0 0 0 0 0
0 1 0 0 0 0 0 0 0 0 0 0 0 1 0 0 0 0 0 0 0 0 0 0 0 0 0 0 0 0 0 0 0 0 0 1 0 0 0 0 0 0 0 0 0 0 0 0 0 0
0 0 0 0 0 0 0 0 0 0 0 0 0 1 0 0 0 0 0 0 0 0 0 0 0 0 0 1 1 0 0 0 0 0 0 0 0 0 0 0 0 0 0 0 0 1 1 0 0 0
0 0 0 0 0 0 0 0 0 0 0 0 1 1 0 0 1 1 1 0 0 0 1 1 1 1 1 1 0 1 1 1 1 0 1 1 1 1 1 1 1 1 1 1 1 0 1 1 1 1
1 1 1 1 1 1 1 1 1 1 0 1 1 1 1 1 1 1 1 1 1 1 1 1 0 0 1 1 1 0 1 1 1 1 1 1 1 1 1 1 1 1 1 1 0 0 1 1 1 0
1 1 1 1 1 1 1 1 1 1 1 1 1 1 1 1 0 1 1 1 1 1 1 1 0 1 1 1 1 1 1 1 1 1 1 1 0 1 1 1 1 1 1 1 1 1 1 1 1 1
1 1 1 1 1 1 1 1 1 1 1 1 1 1 1 1 1 0 0 1 1 1 1 1 1 0 1 1 1 1 1 1 0 1 1 1 1 1 1 1 1 1 1 1 1 1 1 1 1 1
1 1 1 1 1 1 1 1 1 1 1 1 0 1 1 1 1 1 1 1 1 1 1 1 1 1 1 1 1 1 1 1 1 1 0 1 1 1 1 1 1 1 1 1 1 1 1 1 1 1
1 1 1 1 1 1 1 1 1 1 1 1 0 0 1 1 1 1 1 1 1 1 1 1 1 1 1 1 1 1 1 1 1 1 1 1 0 1 1 1 1 1 1 1 1 1 1 1 1 1
1 1 1 1 1 1 1 1 1 0 1 1 1 1 1 1 1 1 1 1 1 1 1 1 1 1 1 1 1 1 1 1 1 1 1 1 1 1 1 1 1 1 1 1 1 1 1 1 1 1
1 1 0 1 0 1 1 1 1 1 1 1 1 1 1 1 1 1 1 1 1 1 1 1 1 1 1 1 1 1 1 1 1 1 1 0 1 1 1 1 0 1 1 1 1 1 1 1 1 1
1 1 1 1 1 1 1 1 1 1 1 1 1 1 1 1 1 1 1 1 1 1 1 1 1 1 1 1 1 1 1 1 1 1 1 1 1 1 1 1 1 1 1 1 1 1 1 1 1 1
1 1 1 1 1 0 1 1 1 0 0 1 1 1 0 1 0 1 
>numMutationCategories:
2
>numSelectionCategories:
2
>categoryProbabilities:
0.652056 0.347944 
>selectionIsInMixture:
***
0 
***
1 
>mutationIsInMixture:
***
0 
***
1 
>currentSynthesisRateLevel:
***
0.1077 1.31654 0.689437 0.758641 1.44957 0.503458 1.00059 0.0170608 2.5438 0.107955
0.851921 0.851165 0.881297 0.645679 1.01568 0.192979 0.487864 0.530853 0.241032 0.340815
0.990324 0.940406 1.34896 0.196622 1.3367 0.458787 0.634063 1.73923 1.05568 0.591176
1.06632 0.144708 0.42142 0.256348 0.277869 0.833135 0.225502 0.436149 1.127 1.35904
1.23896 0.22501 0.533337 0.37479 0.390478 0.247037 0.523268 0.755449 0.465831 0.403456
0.554644 1.26787 0.710744 1.24271 0.700785 1.47904 0.469598 0.29802 1.04605 1.04591
0.434023 0.462633 0.183549 0.903501 0.397529 0.0330192 0.203999 1.01791 1.0658 0.209823
2.86172 0.481453 0.00713363 1.48262 0.175444 0.49073 1.11525 0.840271 1.19691 2.25043
0.271407 1.77294 2.48783 0.648387 0.276151 0.41034 1.00296 0.521423 0.398542 0.90918
0.101985 1.18199 2.8602 0.148826 2.90652 0.136866 2.82052 0.10592 1.00022 0.750455
0.181338 0.352086 1.26416 0.521998 0.227327 0.150818 0.0873276 0.444431 0.782761 0.606011
0.970354 0.917498 0.107513 0.129747 2.62826 5.87745 1.61089 0.583787 0.639832 0.175064
0.106725 0.343031 1.06694 1.31509 0.151804 1.2892 0.998976 0.386049 0.84684 0.430411
1.07182 0.381913 0.376856 0.154091 0.784765 0.243296 3.98783 0.366255 1.02679 1.91102
0.392182 0.274607 1.44724 1.53475 0.0941387 1.05502 2.94527 0.388089 0.307764 0.83115
0.370761 0.269166 1.6962 0.467972 1.29911 1.09468 0.230049 0.889729 1.94053 0.153122
0.461439 0.0609756 0.387698 1.02942 0.0360107 1.17406 0.168645 6.67218 0.320076 3.39957
1.38312 0.602169 1.21006 0.939754 0.350921 0.482451 0.524584 1.16164 1.07466 1.38443
0.781091 0.32853 0.136076 0.333025 0.854438 0.156076 0.418153 0.89429 0.444193 0.111541
0.57831 1.28509 0.74747 2.09647 0.531093 0.197519 0.193031 0.590139 0.50808 0.173057
0.120346 4.9624 1.17567 1.57581 0.545364 0.412001 0.344515 1.58484 0.0794731 0.771949
0.395091 0.147212 0.692255 0.243392 0.407585 0.674483 0.589176 0.998634 0.585263 0.375778
0.34945 0.77604 0.5095 1.19379 0.247086 0.7073 0.603405 0.124815 0.493637 0.160786
0.996842 0.904108 0.514983 0.0895032 0.450848 0.37343 0.463722 0.656442 0.19074 0.64536
1.25001 1.1662 1.80145 3.32162 1.02345 1.17483 0.112852 1.36714 0.904529 1.42678
0.417487 0.918663 2.0423 0.367661 0.408329 1.14971 5.30069 0.498842 0.416705 2.28163
0.240139 1.18413 1.46503 0.106039 0.67262 0.650876 0.38133 0.19246 0.541392 1.10889
0.284844 0.688478 0.278004 0.127434 0.124741 0.183392 0.384664 0.749993 0.455475 1.38852
0.298231 0.388841 0.730544 1.47119 0.117202 1.2707 7.12444 1.89333 0.367398 0.349231
0.388114 0.147799 0.847831 0.581531 1.20458 0.224741 0.987747 3.57953 0.445716 0.823129
0.0757594 0.282142 2.73444 0.401143 0.095695 0.801442 0.616515 0.618136 0.6924 0.0681399
0.762263 2.19284 0.130867 0.289765 0.257651 1.03034 0.42786 0.130064 0.0117184 0.29301
2.87951 0.592392 0.424176 2.50646 0.0827014 2.73676 0.323014 4.83617 0.814083 0.757356
0.146163 0.408468 0.104566 1.98475 5.23193 0.920564 0.501425 1.16863 1.24839 0.444882
0.412356 0.11131 0.493309 0.579941 1.11391 0.668505 0.441748 0.127448 0.329444 0.693953
0.217129 0.398609 1.13114 1.0476 0.0842768 0.469966 0.919059 1.33635 1.00688 0.379723
1.20532 0.918897 1.08978 0.172464 0.231226 0.164962 0.729352 0.312656 5.96068 0.316363
0.854054 0.929717 0.953272 1.37062 1.29877 0.713368 0.830913 0.516163 0.589104 0.12334
1.01687 0.223268 0.83621 0.253171 1.67899 0.750864 0.568635 0.329157 0.293897 0.0322632
0.108373 1.04686 0.606182 2.12188 0.5956 0.151109 0.0829516 0.178717 0.671179 0.637159
0.411699 0.820043 0.827351 2.30267 0.832896 0.505085 0.518348 0.461183 0.280775 0.479619
0.038437 2.21071 0.618968 0.305343 1.67672 0.485691 0.303864 0.602198 4.73442 1.2566
1.35428 0.715153 0.139615 0.883576 0.178589 0.61437 0.022163 0.587242 0.410127 1.82683
0.305325 1.08759 0.847089 0.0723893 1.70874 1.07852 0.864421 0.0199834 4.80075 0.363688
0.598476 0.686068 0.00567151 0.218729 0.141441 0.167037 0.0442103 0.484963 0.102053 0.712278
0.329094 0.516327 0.0277837 1.6646 0.390093 1.04933 0.409366 0.543037 1.5513 0.853168
0.139659 0.62028 0.674208 0.511893 0.171878 0.234602 0.773348 0.287407 2.93135 7.72468
1.60107 0.196401 0.254687 0.187843 0.602847 1.48786 0.827335 1.96841 0.498722 0.492099
0.548094 0.417673 4.64084 0.535208 1.56938 0.642307 1.98453 0.0644842 0.0224239 0.780557
4.7316 0.386756 1.97796 0.510515 0.544249 1.06431 0.528393 1.19522 4.42198 0.135715
0.365869 0.183517 0.216318 0.149081 0.482165 0.352765 1.81623 0.793327 0.228139 0.00347713
0.17604 0.167832 0.353024 0.434345 0.532624 0.592393 2.49405 0.286174 0.0677038 1.03406
0.566988 0.210226 0.16158 2.43798 1.55518 1.51468 0.212784 0.49842 1.15943 4.2144
0.617534 0.108797 0.42985 0.318572 0.984716 0.178896 0.90042 0.384676 0.720484 0.905909
1.78085 0.154687 1.0929 0.512399 0.46358 0.295926 0.631343 0.790497 0.0428737 1.22123
1.14983 0.608208 0.13417 0.162059 0.574214 0.560995 0.464028 2.33536 0.285438 0.600591
0.621059 0.0466416 0.48399 0.646498 0.651642 1.15193 1.09516 0.260335 1.00662 0.646769
0.78793 0.37733 1.93604 0.482674 0.238991 0.632907 0.262824 0.142242 1.82598 0.493883
0.383568 0.975217 0.110381 0.788143 0.336361 0.903305 0.987224 1.67333 1.47541 0.833802
0.0855304 0.326828 0.705518 4.3861 0.660044 0.552156 0.878913 0.144872 0.641134 0.278723
0.40778 0.347683 0.245367 5.05348 0.0982586 0.682548 2.03913 0.246547 0.323146 4.56435
0.571462 0.152461 1.54124 2.55131 0.444221 1.20711 1.00161 0.0959306 0.594389 0.075809
0.353055 0.804189 0.37275 0.0571638 4.55754 0.133489 0.563951 0.818089 0.240475 0.230883
0.120212 1.24842 0.157137 0.709686 4.04962 0.0766645 0.0244797 0.0241959 0.864575 1.1141
0.450513 0.405238 1.45409 0.105431 0.573313 0.213496 0.933105 0.386446 1.02548 0.223902
1.59288 0.0240815 0.7841 0.720848 1.11626 0.26481 0.258698 0.134423 1.90155 0.46124
0.955867 0.68643 0.696739 0.273095 0.434721 0.53777 0.524455 0.561584 1.94504 0.138827
0.346661 3.24158 1.19268 6.93257 0.556405 0.651338 0.0745403 0.0592585 1.10369 1.57856
0.181308 2.15477 0.0715841 0.255172 0.945606 0.523838 0.441025 1.30701 0.752095 3.44219
1.9355 2.27421 0.985947 0.0644125 0.543681 0.345672 1.46453 0.217002 1.28766 0.537941
1.44797 0.10244 5.55967 2.07519 0.889074 0.0279962 0.393658 5.76396 0.180753 0.626262
0.50579 2.39286 0.2059 0.798833 0.854658 1.03845 0.456906 0.830918 1.19361 0.654473
0.351252 0.510621 0.139125 0.105756 1.89918 4.29243 0.116701 0.603623 0.801993 0.19204
0.807528 0.669123 0.30798 0.319714 0.185094 0.336733 0.450679 0.575822 0.431149 0.682822
0.126656 1.03963 1.39924 0.160739 0.794472 0.0519929 0.62491 0.153413 1.56862 3.80114
0.512283 0.0678114 0.148517 0.370149 1.05173 0.313996 0.364968 2.03265 0.34046 0.956866
0.22172 0.209997 0.796665 1.45255 0.572595 0.48828 3.25237 0.535215 0.330057 0.0950465
2.73418 0.138039 0.132723 6.09318 0.373974 1.10577 2.63125 0.0295585 0.449204 0.139783
0.198721 1.07676 0.242293 2.20586 0.184304 0.0821443 0.018684 0.581183 0.705706 1.25171
0.195493 0.174723 0.352889 0.181168 0.236993 0.374691 0.619326 0.322278 0.318627 0.193369
1.11483 0.166291 0.191848 0.424949 0.492134 1.03811 1.66345 1.4879 1.14463 1.05632
0.951991 0.133307 5.09036 1.5484 0.511443 0.349835 3.33771 0.612038 0.133744 0.80294
0.555406 0.0949015 0.128885 0.205741 0.605786 0.489095 0.518501 0.540827 3.60809 6.87996
6.11148 0.120523 1.14251 0.0618166 0.351244 0.24212 0.399453 0.765088 0.0335655 0.466757
0.427553 0.550073 0.205333 0.585216 0.747853 0.917654 0.048945 0.649163 0.516028 1.51918
0.720744 1.37267 0.336647 1.42028 0.796535 1.2321 0.10351 0.345025 1.15818 1.84701
0.459584 0.30154 0.218397 1.92327 0.200949 0.379356 0.106679 0.246366 2.11804 0.388071
0.502671 0.741539 1.04274 0.290731 0.0807345 0.743633 0.659674 2.25434 2.1945 2.6711
1.82756 1.06091 1.49476 0.729003 0.14639 6.35681 1.53707 0.417648 0.357672 0.143932
0.576652 0.433016 0.346136 0.753257 0.799985 1.1775 0.459703 0.222569 0.647386 0.21554
0.23862 0.100548 0.11532 0.126272 0.192162 0.796882 0.396013 0.708572 0.093124 0.253934
0.956146 0.121356 0.353421 3.40965 0.0430431 0.376432 0.778802 1.12741 0.224415 0.472897
1.82933 0.936256 0.105768 0.242078 0.870353 0.936972 0.329813 0.175135 2.06666 0.363501
1.18921 0.0696402 0.412154 0.467448 1.58893 0.258253 0.37488 0.477348 5.23449 0.211337
1.08014 0.283392 0.190837 0.466393 0.749137 0.370032 2.31351 0.710648 1.86224 0.902229
0.610966 0.0144802 0.201714 0.216354 0.340172 0.411036 0.584687 0.309297 0.157702 0.199107
0.26462 0.0884538 0.630249 1.94052 0.21072 0.257611 0.270842 1.14095 0.862887 0.820263
1.12694 0.603652 2.53017 0.677996 0.0667119 0.305658 1.32443 0.802597 1.54703 0.466466
0.233789 0.605013 0.13902 0.0559393 0.261066 1.20705 0.921703 0.30367 0.201037 3.82971
1.24386 0.28925 0.237977 0.0840589 0.698084 0.0358881 0.0692272 0.314723 0.522166 0.283052
0.0144023 0.853688 0.808833 0.350039 2.73493 0.390471 0.709494 0.169531 0.139715 1.39236
1.78211 0.00799346 4.98967 0.813496 0.213249 0.857636 0.423707 0.147682 0.0907773 0.70429
1.04347 0.083557 0.95043 0.0296611 0.100784 0.0635216 0.08639 0.406601 1.42064 0.0951043
3.16238 0.583562 0.524314 0.395981 0.491802 0.490005 0.144404 3.5003 0.248458 0.0625029
0.376401 4.47397 0.792989 0.0393299 0.346826 0.40621 0.176216 1.67223 0.569367 0.120035
0.389081 0.0578423 0.342111 0.118559 0.570711 0.25386 0.195833 0.0820917 0.0239249 0.044453
0.221765 0.824582 0.190458 0.040227 0.462624 0.133978 0.273061 0.138702 0.117515 0.0361111
0.200765 0.536341 0.252258 0.441954 0.304225 0.442693 0.104563 0.258679 0.479447 0.154738
0.248661 0.0598517 0.301048 0.0890111 0.262797 0.0155507 0.340577 0.075371 0.192059 0.208792
0.0960672 0.969877 0.302932 0.359639 0.111673 0.0264745 0.0699011 0.169576 0.0967122 0.0933
1.61012 0.123869 0.097968 0.387799 0.929565 0.108581 0.151852 0.856084 0.132289 0.113645
0.557481 0.592405 0.600213 0.28536 0.0662411 1.7874 0.356855 0.375898 0.328952 0.255725
0.209164 0.111816 0.355393 0.262101 0.0571271 1.88296 0.0541763 0.0544776 0.0918352 0.0512794
0.105949 0.0737024 0.191027 0.125795 0.119072 0.32121 1.24833 0.214366 0.0528499 0.180503
0.334513 0.708038 0.126314 0.0979219 0.0871693 0.0177487 0.891189 5.0686 6.5162 3.22269
0.0600044 0.39097 0.134343 0.340341 1.85877 0.06372 0.0659043 0.218266 0.0311967 0.470982
0.0503388 0.314637 7.86555 0.149502 0.0686386 0.154236 0.0264595 0.132757 0.0689668 1.31762
1.0838 0.18968 0.108688 0.0304852 0.954946 2.02248 3.47247 0.243702 1.23212 0.0370814
0.0655941 0.0658154 0.876852 0.378318 0.0583594 0.117088 0.169408 0.146783 0.167198 3.20015
3.30973 0.0126672 0.338442 1.74897 1.84712 0.0886194 0.141016 0.0591285 0.217187 1.15934
1.36821 0.219509 0.100678 0.0608298 0.111415 0.11321 1.02692 0.459755 0.156021 0.0802509
0.550767 0.369396 0.190673 0.10641 0.846773 0.405239 1.76804 0.0265006 0.245406 0.0167555
0.537315 5.0851 0.232297 4.32436 0.275571 0.067999 0.0314875 0.0170398 1.02514 0.372007
0.0361258 0.0520244 0.578304 0.939592 0.169391 0.0673846 0.0670517 0.0455454 0.193111 0.212443
0.332655 0.235301 0.610113 0.611769 0.270863 0.405928 0.870674 0.410805 0.100379 0.35563
1.30144 1.1315 0.228997 0.334131 0.0683359 0.409088 0.10239 2.65039 0.0216545 0.0871658
0.063488 0.0262398 0.13093 0.262556 0.208927 0.123195 0.311428 0.0425525 0.315768 2.60494
0.0876269 2.63384 0.771301 0.0385004 0.69714 0.389803 0.184673 0.496536 0.396194 0.0493624
0.104998 1.38369 0.133569 0.166961 0.0585026 0.195078 0.100339 0.300604 0.806238 3.06955
0.137482 0.504147 1.1136 0.101299 0.350602 0.136218 0.361244 0.129695 0.094707 1.1393
0.173935 1.00978 0.365491 1.76967 1.22428 0.300247 0.0111188 0.542893 0.287698 0.572449
1.56931 0.559661 0.168103 0.0567748 0.10313 0.261072 0.17778 0.0940216 0.0806178 0.262872
0.258855 0.591047 0.121799 0.15867 0.0759301 0.366832 0.102414 0.85501 0.092953 0.527342
0.174446 0.190841 0.0739656 0.688392 0.0725796 0.214593 0.389371 1.18995 0.256859 0.623868
1.07599 0.485922 0.237449 0.270847 0.596684 0.4212 0.670034 0.159884 1.3333 0.797981
0.0577236 0.237944 0.57853 0.572418 0.373515 0.283186 0.0309461 0.0732868 0.207631 0.158109
0.945033 1.03393 0.0274809 0.116735 0.294161 0.0548005 0.141465 0.127129 0.329793 0.583803
0.726307 0.0626493 0.524973 0.228746 0.264194 0.219825 1.29859 0.116688 0.0696962 1.3957
0.143806 0.120263 1.11745 4.78428 6.80278 0.0508749 1.01614 0.727858 2.22194 0.87075
0.0180705 0.159128 0.847454 0.179272 0.679662 1.54124 0.326628 0.470619 0.471768 0.0842706
4.58984 0.471261 0.24677 0.62823 0.323296 0.045908 1.52908 4.97065 0.940131 0.454398
0.525124 0.335357 1.16668 0.939922 0.0377652 0.651788 0.125422 0.0728922 
***
1.54737 1.39534 2.40162 2.04707 2.96555 2.04913 2.15328 1.36821 3.48327 1.82649
2.51796 1.95935 2.14707 2.33473 2.28612 1.77997 1.95589 2.6911 1.50797 1.97968
2.39537 2.25578 1.96172 1.19929 2.88089 1.73429 1.54766 3.07676 2.08676 1.74521
3.27391 1.29598 1.53903 1.9225 1.83395 2.29543 2.86499 1.86801 1.90627 2.30496
2.44286 1.97197 1.42944 1.81122 1.80771 1.2135 2.14767 2.18528 1.97746 1.50009
2.1137 2.15509 2.35521 2.17984 1.08743 2.30899 1.15786 1.5976 2.17435 1.94905
2.34881 1.81587 1.81002 2.25552 2.07059 1.58563 2.05881 1.44303 2.57835 2.15723
3.51359 1.83979 2.27672 2.48702 1.34137 1.7081 1.70034 2.2117 1.96187 2.37985
1.99219 2.55103 3.17349 2.07253 1.53154 0.246041 1.91526 1.91093 1.86027 2.13395
1.4438 2.58805 3.41208 1.74405 2.95672 1.85879 2.10162 2.18074 2.24941 1.92792
1.51837 2.19336 1.93285 1.70229 1.74643 1.54399 1.70599 1.73762 2.73529 1.85581
1.56779 0.215976 0.825368 1.39242 3.17182 5.82443 2.8783 2.10156 1.533 1.58941
1.40194 1.89201 2.22088 2.16178 1.14349 2.26961 2.14996 2.11327 2.31363 2.08055
2.53762 1.50567 1.86459 2.03512 1.97846 2.25709 4.43979 1.85771 2.32251 3.32033
2.40976 1.83208 2.12624 2.745 1.49745 2.18672 3.82002 1.48492 1.56576 1.86649
2.2735 1.76901 2.9677 1.73095 2.56316 2.11418 1.84015 2.21052 2.69822 1.61473
1.90512 1.72263 1.5838 2.10049 1.85057 2.6635 1.45462 4.4237 1.65145 3.92823
2.6758 2.17181 2.36475 2.33978 2.11442 2.04775 2.0972 2.3381 2.45362 2.45775
2.30102 1.82065 1.70463 1.7284 2.30411 2.15503 1.77101 2.1059 1.10196 1.50922
1.61326 2.65782 2.23146 3.4899 1.71515 1.57962 0.968783 1.43394 1.97148 1.63157
1.95737 6.15155 2.34673 3.30982 1.86861 1.03927 1.47318 3.359 1.56271 1.85141
2.52629 1.97882 1.80824 0.0848877 2.14969 2.32258 1.88504 2.07574 2.22031 1.9009
1.75506 2.25997 1.48163 1.8549 2.38698 1.6593 1.81234 0.00983154 2.15236 1.81409
1.91206 2.18477 1.99035 1.92368 1.68896 1.55354 1.77755 2.57895 1.37641 2.15606
1.68425 2.42525 1.79481 4.43008 2.40219 2.87512 1.57042 2.5438 1.86395 2.76417
1.94867 2.0169 2.90273 2.20578 1.57108 2.07985 4.79138 1.69635 1.36747 2.70714
1.44942 2.3524 2.52653 1.72767 1.99979 2.25401 1.87551 1.63242 2.05825 2.07099
1.48761 2.011 1.79402 1.86593 2.02102 1.81705 1.72307 1.70303 1.81877 2.38426
1.95719 2.18939 1.88194 2.65267 1.85174 2.32644 5.51344 2.64263 1.70117 2.22033
1.9019 1.69109 2.22166 1.88003 1.55271 1.63555 2.12034 3.64724 2.00766 1.64649
1.86124 2.20869 3.35635 2.06948 1.4592 2.25875 1.962 1.68831 2.14748 0.317748
1.99707 3.14593 1.61596 1.43791 1.58163 3.08629 1.36128 1.3939 2.55343 2.11014
3.08843 1.90527 1.77434 3.46136 1.06988 2.93674 1.88292 6.11268 2.07701 2.04576
1.64914 2.05299 1.64783 3.26524 6.78822 2.23778 1.91282 2.56421 2.19671 1.62028
1.48781 1.20495 2.11281 1.9832 2.39698 2.46571 1.23778 1.59279 2.31812 2.02549
2.03868 1.92898 1.73311 1.85357 1.98403 1.99062 2.30525 1.97878 2.02717 1.87666
2.14068 2.61476 2.12689 1.94948 2.1474 0.0140765 2.17507 2.2333 6.02849 1.8146
2.01761 2.0006 0.561682 3.01764 2.76374 2.08354 2.12523 1.42361 2.41092 1.81729
2.74701 1.79373 2.30538 1.83347 3.86814 2.05103 1.44864 2.03657 1.69432 0.0179572
1.57823 2.15604 1.68715 2.83599 1.96537 1.15456 1.62492 1.16401 1.74834 2.13786
1.69324 2.28678 1.83028 3.3768 1.80727 1.60275 1.92137 1.86024 1.57572 1.56702
1.44049 2.82794 2.16679 1.92785 2.70894 1.76398 2.01302 1.94791 4.77267 2.28247
2.8749 2.27221 1.63113 2.12767 2.32251 1.97532 2.18574 0.893493 1.75305 2.74676
1.54222 2.15832 2.0382 0.941429 2.6206 2.55499 2.19073 2.24973 4.9713 2.00055
1.14326 1.40879 0.529297 0.83042 1.2517 0.0792414 0.411612 0.480536 1.36657 1.32661
1.73449 1.64089 1.2553 2.60087 1.34971 2.51879 1.73026 2.1953 3.06375 2.38975
1.64548 2.0288 2.29359 1.94572 1.55093 2.05465 1.90686 1.5049 4.17136 5.50458
3.26476 1.40615 1.98531 1.90201 1.86679 2.5233 1.86317 3.07253 2.92828 1.98577
2.51752 1.76931 5.90351 1.68764 2.22575 1.89039 4.18014 2.18877 1.56856 2.50411
4.10153 1.87945 2.87014 1.90396 1.55877 1.61069 1.86309 2.20817 4.4474 1.1889
1.56824 1.44701 1.15519 0.512802 1.39616 0.577916 2.57765 1.89637 1.91198 1.7877
1.61145 1.90596 1.80971 1.97096 1.83323 1.88778 3.18426 1.6042 0.87194 0.479914
1.68104 1.40633 1.45089 3.21274 2.67097 1.87053 1.8607 2.03069 2.1441 4.4509
1.7508 1.37348 1.88284 2.38889 1.9244 1.31129 2.2533 2.20696 2.06229 2.17389
2.71067 2.12211 2.30061 1.76552 1.86412 1.64495 2.22043 2.44272 1.63184 2.61699
1.85006 1.85159 1.37039 1.63213 1.76548 2.07907 1.6801 4.05379 1.53947 2.398
1.96352 1.64856 1.92193 0.462173 1.95856 2.24244 2.23779 2.14944 2.30972 2.2204
2.32034 1.89482 2.93894 2.2697 2.09904 1.67741 1.8749 1.16093 2.81037 1.955
1.89118 2.09619 0.510781 1.82043 1.37341 2.14768 2.25801 2.07074 1.88034 1.97685
1.86406 0.562452 1.94366 5.83013 2.15975 2.26623 2.26911 2.25929 2.07123 1.86094
2.23287 2.02667 1.69541 5.90975 1.59622 1.32797 3.43759 2.01134 1.99105 4.50339
1.95284 1.64773 2.67905 3.75699 1.85053 2.1427 1.88541 1.89785 1.99385 1.79059
1.79519 1.63509 1.34225 1.0809 4.29001 1.27726 1.86076 6.0198 0.880358 1.43126
0.773696 2.60905 1.60437 1.78692 4.35723 1.48492 0.00606345 1.93723 1.91067 1.99781
1.78481 1.69993 2.99854 2.13149 1.95133 1.62392 2.22676 1.07697 1.6589 1.81036
2.54024 3.81249 2.08679 2.12898 2.47613 1.26049 1.10141 2.44842 2.4543 1.9328
2.23598 2.01133 1.65196 2.06585 1.30006 1.45235 1.87851 1.38655 3.40343 1.64576
1.73802 4.12238 1.81745 5.71719 1.30923 2.04418 1.90718 0.0671081 3.07542 2.26215
1.72465 2.79366 1.50289 1.70573 2.27264 1.89339 1.73066 1.99394 1.54626 4.78563
3.59069 3.44923 2.41412 1.93822 1.86948 1.9823 3.6345 1.43942 2.31031 1.8175
2.88148 1.58969 5.94492 3.97348 2.11688 1.29443 1.81041 5.82833 1.59786 1.64577
1.42672 2.4232 1.75756 2.16128 1.90036 1.87689 1.43816 2.15693 1.99566 2.39272
2.02153 1.81665 1.65837 0.754568 3.25093 3.77358 0.941002 1.82364 2.41825 1.81297
2.0898 1.98548 1.98047 1.93665 1.75182 2.60318 1.86812 1.92963 1.74131 1.90664
1.41053 2.25077 2.37182 1.836 1.82792 2.32615 1.93352 1.42879 2.15134 3.61582
2.20318 1.45229 1.94558 1.81985 2.64554 1.79683 1.97571 3.37818 1.95648 2.59849
2.44975 2.60815 2.23491 2.76341 2.11047 2.10897 4.10467 1.7512 1.1192 0.0271732
3.30745 1.89073 0.0150886 5.51863 2.04909 3.18868 3.79287 2.96055 0.510415 2.09375
1.91907 2.73878 1.7811 3.8983 1.42814 1.9731 1.66359 2.00213 2.02473 2.26283
1.49085 1.68555 1.9909 1.62224 1.74348 2.00747 1.84446 1.95804 1.80785 0.918073
2.00388 1.67487 1.45297 1.78656 1.93693 2.3029 3.33828 2.46599 1.87643 2.35501
1.68244 1.23023 4.91749 2.84391 1.85049 1.88015 2.70306 1.13932 1.32956 1.26542
1.92444 1.4415 1.59936 1.98568 2.13288 2.08905 1.96537 1.88742 4.03248 6.29822
5.93009 2.13852 2.00658 1.59934 1.91319 1.39009 1.74552 2.37392 1.83879 1.90528
1.50862 1.8446 2.25879 1.89406 2.19043 1.81604 1.24324 2.27276 0.676542 2.68075
1.85361 1.92867 1.66248 2.56899 2.27856 2.70565 1.95698 1.66629 2.46598 3.26458
2.03036 2.36807 1.68876 2.78873 1.59992 1.99538 1.79585 2.27277 3.26404 1.91115
1.51759 1.78454 1.85502 1.74414 2.21687 1.69459 1.2414 2.46325 3.68399 3.50968
3.04566 2.29391 2.43562 1.63079 1.63821 5.09962 2.22316 2.19873 0.122477 1.55702
1.7507 2.02579 1.86471 1.75127 2.16348 2.3736 1.77241 1.51483 1.90414 1.97829
1.05641 1.774 1.45825 1.51322 0.971154 2.07684 1.21558 1.92921 1.59194 1.56579
2.15953 1.96235 2.14028 3.52152 1.34231 2.32877 1.96707 2.32685 2.00262 1.6109
3.22456 2.60795 2.04915 1.8988 2.26273 2.38659 1.68008 0.590827 2.31579 0.245351
2.60587 1.14141 1.71378 1.85498 2.13317 1.84864 1.50813 1.71561 5.60858 1.53707
1.97045 1.27648 1.9714 2.18462 1.35464 1.15627 3.23002 1.89394 3.35363 2.22796
2.16018 2.3303 1.5827 2.03418 1.97178 1.40613 1.26207 1.51362 1.50985 1.3647
1.87817 0.31226 0.270142 1.48513 1.01803 1.50641 0.95587 1.95873 1.51305 1.88333
1.29581 1.1304 2.62705 1.23738 0.220091 1.18544 1.11083 1.45253 1.36926 0.646943
0.707519 1.05352 0.381733 0.711886 0.551419 1.24013 1.12513 0.831823 0.629791 3.06162
1.20358 0.893562 0.615849 0.585873 0.904709 0.62773 0.558247 1.24926 0.935683 0.610919
0.224618 1.66955 0.732157 0.786534 1.9713 1.17452 0.918623 0.429213 0.709842 1.37819
2.06149 0.0568635 3.63764 1.82031 0.208416 0.720665 0.463143 0.737973 0.241635 0.757184
0.907133 0.694825 1.47552 1.65771 0.758456 0.660718 0.429077 1.13654 1.57653 0.857313
1.64782 0.838569 0.676631 0.851821 1.14245 1.07516 0.678297 3.05088 0.488927 0.4195
0.933921 5.90647 1.30231 0.536956 1.20141 0.0245869 0.714907 1.47366 0.809992 0.918173
0.823687 0.379536 0.786737 0.288839 0.70753 0.702494 0.504465 0.491991 0.100209 0.132016
0.193998 1.22077 0.368191 0.293032 1.20926 0.638474 1.96641 0.277058 0.092293 0.401349
0.517372 1.09155 0.823632 0.728714 1.27609 0.480153 0.10812 0.112008 0.946938 0.0941059
0.730264 0.160226 0.757954 0.251378 0.45572 0.0226442 1.16431 0.579138 0.0511603 0.643697
0.435626 1.55852 0.732005 0.647405 0.351473 0.138698 0.150016 0.110252 0.105403 0.38814
1.64018 0.395438 0.541519 0.882157 0.968313 0.0153085 0.482945 0.610649 0.134266 0.496826
0.466182 0.366615 0.748185 0.948864 0.556805 3.16 0.70907 1.9596 1.7396 0.26527
0.146002 0.0669406 1.03809 0.160041 0.955789 2.35982 0.843864 0.302025 0.511209 0.12714
0.039914 0.700964 1.3282 0.731714 0.437083 0.439581 0.977511 0.368881 0.328055 0.528426
0.495728 0.792781 0.690261 0.182922 0.150213 0.0282106 0.695587 4.88727 4.96413 4.22348
0.333171 0.142325 0.442884 0.569399 1.60772 0.0577459 0.131133 0.275718 0.349253 0.472487
0.409746 0.758092 5.67677 0.312029 0.924122 0.500814 0.81141 0.904958 0.282143 1.41778
1.16327 0.784055 0.419235 0.031126 1.30034 1.61323 4.09931 0.40009 1.17388 0.188139
0.384498 0.510974 0.743561 0.52065 0.0321647 0.435761 0.256098 0.615523 0.696081 4.5822
4.63755 0.621708 0.933114 2.15652 1.94441 0.619605 0.418774 0.280687 0.343924 1.51951
0.966316 1.01993 0.067726 0.276288 0.125992 0.360527 0.6339 0.22238 0.297395 0.45706
0.495904 0.0370534 2.13085 1.09103 0.894472 0.355708 2.07214 0.347356 0.526229 0.170624
0.176101 4.04409 0.633471 3.87129 0.448871 0.169862 0.0744416 0.0973999 1.78323 0.618849
0.0980727 0.420449 0.0525157 0.702938 0.223336 0.503988 0.255513 0.103126 0.538376 0.387131
0.239805 0.281376 0.734042 0.559022 1.02662 0.581513 1.13145 0.41425 0.0808193 1.05449
1.17433 0.990552 0.644835 0.61628 0.125117 0.936289 0.178542 2.96093 0.0428107 0.944293
1.0677 0.25727 0.273617 0.404518 0.537749 0.0637682 0.60517 0.192146 0.775493 2.65259
0.480335 2.03827 0.37885 0.107732 0.978017 0.603898 0.201838 0.687261 0.450097 0.220763
0.25157 0.943744 0.600802 0.525066 0.178168 0.359785 0.380339 0.529086 0.75355 2.84231
0.586182 0.642378 1.97027 0.500128 0.18522 0.231267 0.994729 0.260322 0.149867 0.782459
0.0384589 1.1159 1.58732 3.2386 3.84232 0.714171 1.17935 1.11846 0.577611 0.837027
1.55122 1.21816 0.764974 0.0372419 0.630147 0.925385 0.137784 0.410967 0.321897 0.520559
0.609902 0.561559 0.27066 0.818295 0.480228 0.506596 0.525308 0.741839 0.283137 0.429431
0.452679 0.707913 0.222558 0.824925 0.135719 1.07028 0.760669 1.24568 0.639563 0.605843
1.86365 0.64404 0.875069 0.773726 0.0848734 0.621789 1.4496 0.43176 1.11596 0.804132
0.474788 0.808851 0.944082 0.973231 1.04609 0.550401 0.956355 0.237838 0.671648 0.620474
0.966262 0.854678 0.0311679 0.630925 0.759648 0.662606 0.302509 0.050012 0.430185 0.90938
1.16104 0.130944 0.841008 0.383128 1.09784 1.33312 1.58601 1.04175 0.770889 1.8512
0.475548 0.639324 1.11942 5.01504 4.88803 0.531614 1.60787 1.17622 1.92068 1.20613
1.05006 0.307095 1.28442 0.672047 0.693578 1.85647 0.490551 0.394792 0.838843 0.546505
3.84114 0.056016 0.757348 0.980052 1.47075 0.80183 1.96689 4.12195 1.09964 1.2681
1.09786 0.88102 1.51574 1.18706 0.80547 0.939865 1.03673 0.523118 
>covarianceMatrix:
A
0.134218	0	0	0	0	0	0	0	0	0	0	0	
0	0.134218	0	0	0	0	0	0	0	0	0	0	
0	0	0.134218	0	0	0	0	0	0	0	0	0	
0	0	0	0.134218	0	0	0	0	0	0	0	0	
0	0	0	0	0.134218	0	0	0	0	0	0	0	
0	0	0	0	0	0.134218	0	0	0	0	0	0	
0	0	0	0	0	0	0.134218	0	0	0	0	0	
0	0	0	0	0	0	0	0.134218	0	0	0	0	
0	0	0	0	0	0	0	0	0.134218	0	0	0	
0	0	0	0	0	0	0	0	0	0.134218	0	0	
0	0	0	0	0	0	0	0	0	0	0.134218	0	
0	0	0	0	0	0	0	0	0	0	0	0.134218	
***
>covarianceMatrix:
C
0.512	0	0	0	
0	0.512	0	0	
0	0	0.512	0	
0	0	0	0.512	
***
>covarianceMatrix:
D
0.512	0	0	0	
0	0.512	0	0	
0	0	0.512	0	
0	0	0	0.512	
***
>covarianceMatrix:
E
0.512	0	0	0	
0	0.512	0	0	
0	0	0.512	0	
0	0	0	0.512	
***
>covarianceMatrix:
F
0.512	0	0	0	
0	0.512	0	0	
0	0	0.512	0	
0	0	0	0.512	
***
>covarianceMatrix:
G
0.134218	0	0	0	0	0	0	0	0	0	0	0	
0	0.134218	0	0	0	0	0	0	0	0	0	0	
0	0	0.134218	0	0	0	0	0	0	0	0	0	
0	0	0	0.134218	0	0	0	0	0	0	0	0	
0	0	0	0	0.134218	0	0	0	0	0	0	0	
0	0	0	0	0	0.134218	0	0	0	0	0	0	
0	0	0	0	0	0	0.134218	0	0	0	0	0	
0	0	0	0	0	0	0	0.134218	0	0	0	0	
0	0	0	0	0	0	0	0	0.134218	0	0	0	
0	0	0	0	0	0	0	0	0	0.134218	0	0	
0	0	0	0	0	0	0	0	0	0	0.134218	0	
0	0	0	0	0	0	0	0	0	0	0	0.134218	
***
>covarianceMatrix:
H
0.512	0	0	0	
0	0.512	0	0	
0	0	0.512	0	
0	0	0	0.512	
***
>covarianceMatrix:
I
0.262144	0	0	0	0	0	0	0	
0	0.262144	0	0	0	0	0	0	
0	0	0.262144	0	0	0	0	0	
0	0	0	0.262144	0	0	0	0	
0	0	0	0	0.262144	0	0	0	
0	0	0	0	0	0.262144	0	0	
0	0	0	0	0	0	0.262144	0	
0	0	0	0	0	0	0	0.262144	
***
>covarianceMatrix:
K
0.512	0	0	0	
0	0.512	0	0	
0	0	0.512	0	
0	0	0	0.512	
***
>covarianceMatrix:
L
0.0351844	0	0	0	0	0	0	0	0	0	0	0	0	0	0	0	0	0	0	0	
0	0.0351844	0	0	0	0	0	0	0	0	0	0	0	0	0	0	0	0	0	0	
0	0	0.0351844	0	0	0	0	0	0	0	0	0	0	0	0	0	0	0	0	0	
0	0	0	0.0351844	0	0	0	0	0	0	0	0	0	0	0	0	0	0	0	0	
0	0	0	0	0.0351844	0	0	0	0	0	0	0	0	0	0	0	0	0	0	0	
0	0	0	0	0	0.0351844	0	0	0	0	0	0	0	0	0	0	0	0	0	0	
0	0	0	0	0	0	0.0351844	0	0	0	0	0	0	0	0	0	0	0	0	0	
0	0	0	0	0	0	0	0.0351844	0	0	0	0	0	0	0	0	0	0	0	0	
0	0	0	0	0	0	0	0	0.0351844	0	0	0	0	0	0	0	0	0	0	0	
0	0	0	0	0	0	0	0	0	0.0351844	0	0	0	0	0	0	0	0	0	0	
0	0	0	0	0	0	0	0	0	0	0.0351844	0	0	0	0	0	0	0	0	0	
0	0	0	0	0	0	0	0	0	0	0	0.0351844	0	0	0	0	0	0	0	0	
0	0	0	0	0	0	0	0	0	0	0	0	0.0351844	0	0	0	0	0	0	0	
0	0	0	0	0	0	0	0	0	0	0	0	0	0.0351844	0	0	0	0	0	0	
0	0	0	0	0	0	0	0	0	0	0	0	0	0	0.0351844	0	0	0	0	0	
0	0	0	0	0	0	0	0	0	0	0	0	0	0	0	0.0351844	0	0	0	0	
0	0	0	0	0	0	0	0	0	0	0	0	0	0	0	0	0.0351844	0	0	0	
0	0	0	0	0	0	0	0	0	0	0	0	0	0	0	0	0	0.0351844	0	0	
0	0	0	0	0	0	0	0	0	0	0	0	0	0	0	0	0	0	0.0351844	0	
0	0	0	0	0	0	0	0	0	0	0	0	0	0	0	0	0	0	0	0.0351844	
***
>covarianceMatrix:
M

***
>covarianceMatrix:
N
0.512	0	0	0	
0	0.512	0	0	
0	0	0.512	0	
0	0	0	0.512	
***
>covarianceMatrix:
P
0.134218	0	0	0	0	0	0	0	0	0	0	0	
0	0.134218	0	0	0	0	0	0	0	0	0	0	
0	0	0.134218	0	0	0	0	0	0	0	0	0	
0	0	0	0.134218	0	0	0	0	0	0	0	0	
0	0	0	0	0.134218	0	0	0	0	0	0	0	
0	0	0	0	0	0.134218	0	0	0	0	0	0	
0	0	0	0	0	0	0.134218	0	0	0	0	0	
0	0	0	0	0	0	0	0.134218	0	0	0	0	
0	0	0	0	0	0	0	0	0.134218	0	0	0	
0	0	0	0	0	0	0	0	0	0.134218	0	0	
0	0	0	0	0	0	0	0	0	0	0.134218	0	
0	0	0	0	0	0	0	0	0	0	0	0.134218	
***
>covarianceMatrix:
Q
0.512	0	0	0	
0	0.512	0	0	
0	0	0.512	0	
0	0	0	0.512	
***
>covarianceMatrix:
R
0.0351844	0	0	0	0	0	0	0	0	0	0	0	0	0	0	0	0	0	0	0	
0	0.0351844	0	0	0	0	0	0	0	0	0	0	0	0	0	0	0	0	0	0	
0	0	0.0351844	0	0	0	0	0	0	0	0	0	0	0	0	0	0	0	0	0	
0	0	0	0.0351844	0	0	0	0	0	0	0	0	0	0	0	0	0	0	0	0	
0	0	0	0	0.0351844	0	0	0	0	0	0	0	0	0	0	0	0	0	0	0	
0	0	0	0	0	0.0351844	0	0	0	0	0	0	0	0	0	0	0	0	0	0	
0	0	0	0	0	0	0.0351844	0	0	0	0	0	0	0	0	0	0	0	0	0	
0	0	0	0	0	0	0	0.0351844	0	0	0	0	0	0	0	0	0	0	0	0	
0	0	0	0	0	0	0	0	0.0351844	0	0	0	0	0	0	0	0	0	0	0	
0	0	0	0	0	0	0	0	0	0.0351844	0	0	0	0	0	0	0	0	0	0	
0	0	0	0	0	0	0	0	0	0	0.0351844	0	0	0	0	0	0	0	0	0	
0	0	0	0	0	0	0	0	0	0	0	0.0351844	0	0	0	0	0	0	0	0	
0	0	0	0	0	0	0	0	0	0	0	0	0.0351844	0	0	0	0	0	0	0	
0	0	0	0	0	0	0	0	0	0	0	0	0	0.0351844	0	0	0	0	0	0	
0	0	0	0	0	0	0	0	0	0	0	0	0	0	0.0351844	0	0	0	0	0	
0	0	0	0	0	0	0	0	0	0	0	0	0	0	0	0.0351844	0	0	0	0	
0	0	0	0	0	0	0	0	0	0	0	0	0	0	0	0	0.0351844	0	0	0	
0	0	0	0	0	0	0	0	0	0	0	0	0	0	0	0	0	0.0351844	0	0	
0	0	0	0	0	0	0	0	0	0	0	0	0	0	0	0	0	0	0.0351844	0	
0	0	0	0	0	0	0	0	0	0	0	0	0	0	0	0	0	0	0	0.0351844	
***
>covarianceMatrix:
S
0.134218	0	0	0	0	0	0	0	0	0	0	0	
0	0.134218	0	0	0	0	0	0	0	0	0	0	
0	0	0.134218	0	0	0	0	0	0	0	0	0	
0	0	0	0.134218	0	0	0	0	0	0	0	0	
0	0	0	0	0.134218	0	0	0	0	0	0	0	
0	0	0	0	0	0.134218	0	0	0	0	0	0	
0	0	0	0	0	0	0.134218	0	0	0	0	0	
0	0	0	0	0	0	0	0.134218	0	0	0	0	
0	0	0	0	0	0	0	0	0.134218	0	0	0	
0	0	0	0	0	0	0	0	0	0.134218	0	0	
0	0	0	0	0	0	0	0	0	0	0.134218	0	
0	0	0	0	0	0	0	0	0	0	0	0.134218	
***
>covarianceMatrix:
T
0.134218	0	0	0	0	0	0	0	0	0	0	0	
0	0.134218	0	0	0	0	0	0	0	0	0	0	
0	0	0.134218	0	0	0	0	0	0	0	0	0	
0	0	0	0.134218	0	0	0	0	0	0	0	0	
0	0	0	0	0.134218	0	0	0	0	0	0	0	
0	0	0	0	0	0.134218	0	0	0	0	0	0	
0	0	0	0	0	0	0.134218	0	0	0	0	0	
0	0	0	0	0	0	0	0.134218	0	0	0	0	
0	0	0	0	0	0	0	0	0.134218	0	0	0	
0	0	0	0	0	0	0	0	0	0.134218	0	0	
0	0	0	0	0	0	0	0	0	0	0.134218	0	
0	0	0	0	0	0	0	0	0	0	0	0.134218	
***
>covarianceMatrix:
V
0.134218	0	0	0	0	0	0	0	0	0	0	0	
0	0.134218	0	0	0	0	0	0	0	0	0	0	
0	0	0.134218	0	0	0	0	0	0	0	0	0	
0	0	0	0.134218	0	0	0	0	0	0	0	0	
0	0	0	0	0.134218	0	0	0	0	0	0	0	
0	0	0	0	0	0.134218	0	0	0	0	0	0	
0	0	0	0	0	0	0.134218	0	0	0	0	0	
0	0	0	0	0	0	0	0.134218	0	0	0	0	
0	0	0	0	0	0	0	0	0.134218	0	0	0	
0	0	0	0	0	0	0	0	0	0.134218	0	0	
0	0	0	0	0	0	0	0	0	0	0.134218	0	
0	0	0	0	0	0	0	0	0	0	0	0.134218	
***
>covarianceMatrix:
W

***
>covarianceMatrix:
Y
0.512	0	0	0	
0	0.512	0	0	
0	0	0.512	0	
0	0	0	0.512	
***
>covarianceMatrix:
Z
0.512	0	0	0	
0	0.512	0	0	
0	0	0.512	0	
0	0	0	0.512	
***
>covarianceMatrix:
X
1	0	0	0	0	0	0	0	
0	1	0	0	0	0	0	0	
0	0	1	0	0	0	0	0	
0	0	0	1	0	0	0	0	
0	0	0	0	1	0	0	0	
0	0	0	0	0	1	0	0	
0	0	0	0	0	0	1	0	
0	0	0	0	0	0	0	1	
***
>std_csp:
0.0512 0.0512 0.0512 0.0512 0.0512 0.0512 0.0512 0.0512 0.0512 0.0512
0.0512 0.0512 0.0512 0.0512 0.0512 0.0512 0.0512 0.0512 0.0512 0.0512
0.0512 0.0512 0.0512 0.0512 0.0512 0.0512 0.0512 0.0512 0.0512 0.0512
0.0512 0.0512 0.0512 0.0512 0.0512 0.0512 0.0512 0.0512 0.0512 0.0512
>currentMutationParameter:
***
-0.351206 0.37804 0.482376 0.066141 0.58758 -0.610557 0.67819 0.757716 0.621285 1.61717
0.412653 0.426002 0.23238 -0.594874 0.38867 0.85346 0.340444 0.463886 0.0192667 0.145696
-0.0444183 0.291683 0.359361 -0.427125 -0.882229 -0.699295 -0.196709 0.396872 0.197197 0.0236748
0.518833 0.360352 -0.333441 0.286959 0.318584 0.00969851 0.568325 0.19753 0.164234 0.123666
***
-0.878969 -1.16534 -1.30966 -1.51188 -1.52702 1.1554 0.135267 -0.591546 -1.69923 -0.608987
-1.37266 1.51371 -0.661861 0.987818 0.533375 -0.518988 -1.8007 0.46798 2.13151 -2.38033
-0.559724 -1.34065 -1.6078 1.55725 -0.804486 -1.42901 0.25319 -1.23271 -1.4008 0.403151
-0.768476 -1.19973 -0.914442 -1.39422 -1.60159 0.830381 -0.551901 -1.39379 -1.65497 -1.90681
>currentSelectionParameter:
***
0.683676 0.0264842 0.991072 0.718803 -0.216898 -0.0565986 -0.360526 0.554291 0.0713152 0.203965
-0.253749 0.890272 0.397788 0.496053 0.416273 1.25077 0.697492 0.872137 0.547614 -0.352605
-0.442261 0.561071 0.564528 -0.196999 -0.00905987 0.627371 2.54963 0.619098 1.82958 0.80367
-0.00135671 0.90203 0.74785 -0.0695889 0.873069 1.03039 -0.0513891 0.679159 -0.394585 0.109689
***
0.728302 0.291632 1.27976 0.644442 0.257104 -0.76889 -0.106153 0.704922 0.841338 1.78942
0.087766 -0.077566 -0.276512 -0.0356145 0.38398 1.17288 1.45748 0.577081 0.0878102 0.217715
0.0197491 1.02207 1.37508 -0.63223 -0.216048 0.70295 0.765411 0.812788 1.78176 0.390388
0.261017 1.18374 0.710871 0.287796 1.32583 0.334893 0.0720326 0.859539 0.0306561 0.67676
