>Sphi:
0.92168
>Aphi:
6.95322e-310
>numParam:
40
>numMixtures:
2
>std_sphi:
0.08
>std_phi:
***
0.1728 0.1728 0.1728 0.1728 0.1728 0.1728 0.1728 0.1728 0.1728 0.1728
0.1728 0.1728 0.1728 0.1728 0.1728 0.1728 0.1728 0.1728 0.1728 0.1728
0.1728 0.1728 0.1728 0.1728 0.1728 0.1728 0.1728 0.1728 0.1728 0.1728
0.1728 0.1728 0.1728 0.1728 0.1728 0.1728 0.1728 0.1728 0.1728 0.1728
0.1728 0.1728 0.1728 0.1728 0.1728 0.1728 0.1728 0.1728 0.1728 0.1728
0.1728 0.1728 0.1728 0.1728 0.1728 0.1728 0.1728 0.1728 0.1728 0.1728
0.1728 0.1728 0.1728 0.1728 0.1728 0.1728 0.1728 0.1728 0.1728 0.1728
0.1728 0.1728 0.1728 0.1728 0.1728 0.1728 0.1728 0.1728 0.1728 0.1728
0.1728 0.1728 0.1728 0.1728 0.1728 0.1728 0.1728 0.1728 0.1728 0.1728
0.1728 0.1728 0.1728 0.1728 0.1728 0.1728 0.1728 0.1728 0.1728 0.1728
0.1728 0.1728 0.1728 0.1728 0.1728 0.1728 0.1728 0.1728 0.1728 0.1728
0.1728 0.1728 0.1728 0.1728 0.1728 0.1728 0.1728 0.1728 0.1728 0.1728
0.1728 0.1728 0.1728 0.1728 0.1728 0.1728 0.1728 0.1728 0.1728 0.1728
0.1728 0.1728 0.1728 0.1728 0.1728 0.1728 0.1728 0.1728 0.1728 0.1728
0.1728 0.1728 0.1728 0.1728 0.1728 0.1728 0.1728 0.1728 0.1728 0.1728
0.1728 0.1728 0.1728 0.1728 0.1728 0.1728 0.1728 0.1728 0.1728 0.1728
0.1728 0.1728 0.1728 0.1728 0.1728 0.1728 0.1728 0.1728 0.1728 0.1728
0.1728 0.1728 0.1728 0.1728 0.1728 0.1728 0.1728 0.1728 0.1728 0.1728
0.1728 0.1728 0.1728 0.1728 0.1728 0.1728 0.1728 0.1728 0.1728 0.1728
0.1728 0.1728 0.1728 0.1728 0.1728 0.1728 0.1728 0.1728 0.1728 0.1728
0.1728 0.1728 0.1728 0.1728 0.1728 0.1728 0.1728 0.1728 0.1728 0.1728
0.1728 0.1728 0.1728 0.1728 0.1728 0.1728 0.1728 0.1728 0.1728 0.1728
0.1728 0.1728 0.1728 0.1728 0.1728 0.1728 0.1728 0.1728 0.1728 0.1728
0.1728 0.1728 0.1728 0.1728 0.1728 0.1728 0.1728 0.1728 0.1728 0.1728
0.1728 0.1728 0.1728 0.1728 0.1728 0.1728 0.1728 0.1728 0.1728 0.1728
0.1728 0.1728 0.1728 0.1728 0.1728 0.1728 0.1728 0.1728 0.1728 0.1728
0.1728 0.1728 0.1728 0.1728 0.1728 0.1728 0.1728 0.1728 0.1728 0.1728
0.1728 0.1728 0.1728 0.1728 0.1728 0.1728 0.1728 0.1728 0.1728 0.1728
0.1728 0.1728 0.1728 0.1728 0.1728 0.1728 0.1728 0.1728 0.1728 0.1728
0.1728 0.1728 0.1728 0.1728 0.1728 0.1728 0.1728 0.1728 0.1728 0.1728
0.1728 0.1728 0.1728 0.1728 0.1728 0.1728 0.1728 0.1728 0.1728 0.1728
0.1728 0.1728 0.1728 0.1728 0.1728 0.1728 0.1728 0.1728 0.1728 0.1728
0.1728 0.1728 0.1728 0.1728 0.1728 0.1728 0.1728 0.1728 0.1728 0.1728
0.1728 0.1728 0.1728 0.1728 0.1728 0.1728 0.1728 0.1728 0.1728 0.1728
0.1728 0.1728 0.1728 0.1728 0.1728 0.1728 0.1728 0.1728 0.1728 0.1728
0.1728 0.1728 0.1728 0.1728 0.1728 0.1728 0.1728 0.1728 0.1728 0.1728
0.1728 0.1728 0.1728 0.1728 0.1728 0.1728 0.1728 0.1728 0.1728 0.1728
0.1728 0.1728 0.1728 0.1728 0.1728 0.1728 0.1728 0.1728 0.1728 0.1728
0.1728 0.1728 0.1728 0.1728 0.1728 0.1728 0.1728 0.1728 0.1728 0.1728
0.1728 0.1728 0.1728 0.1728 0.1728 0.1728 0.1728 0.1728 0.1728 0.1728
0.1728 0.1728 0.1728 0.1728 0.1728 0.1728 0.1728 0.1728 0.1728 0.1728
0.1728 0.1728 0.1728 0.1728 0.1728 0.1728 0.1728 0.1728 0.1728 0.1728
0.1728 0.1728 0.1728 0.1728 0.1728 0.1728 0.1728 0.1728 0.1728 0.1728
0.1728 0.1728 0.1728 0.1728 0.1728 0.1728 0.1728 0.1728 0.1728 0.1728
0.1728 0.1728 0.1728 0.1728 0.1728 0.1728 0.1728 0.1728 0.1728 0.1728
0.1728 0.1728 0.1728 0.1728 0.1728 0.1728 0.1728 0.1728 0.1728 0.1728
0.1728 0.1728 0.1728 0.1728 0.1728 0.1728 0.1728 0.1728 0.1728 0.1728
0.1728 0.1728 0.1728 0.1728 0.1728 0.1728 0.1728 0.1728 0.1728 0.1728
0.1728 0.1728 0.1728 0.1728 0.1728 0.1728 0.1728 0.1728 0.1728 0.1728
0.1728 0.1728 0.1728 0.1728 0.1728 0.1728 0.1728 0.1728 0.1728 0.1728
0.1728 0.1728 0.1728 0.1728 0.1728 0.1728 0.1728 0.1728 0.1728 0.1728
0.1728 0.1728 0.1728 0.1728 0.1728 0.1728 0.1728 0.1728 0.1728 0.1728
0.1728 0.1728 0.1728 0.1728 0.1728 0.1728 0.1728 0.1728 0.1728 0.1728
0.1728 0.1728 0.1728 0.1728 0.1728 0.1728 0.1728 0.1728 0.1728 0.1728
0.1728 0.1728 0.1728 0.1728 0.1728 0.1728 0.1728 0.1728 0.1728 0.1728
0.1728 0.1728 0.1728 0.1728 0.1728 0.1728 0.1728 0.1728 0.1728 0.1728
0.1728 0.1728 0.1728 0.1728 0.1728 0.1728 0.1728 0.1728 0.1728 0.1728
0.1728 0.1728 0.1728 0.1728 0.1728 0.1728 0.1728 0.1728 0.1728 0.1728
0.1728 0.1728 0.1728 0.1728 0.1728 0.1728 0.1728 0.1728 0.1728 0.1728
0.1728 0.1728 0.1728 0.1728 0.1728 0.1728 0.1728 0.1728 0.1728 0.1728
0.1728 0.1728 0.1728 0.1728 0.1728 0.1728 0.144 0.1728 0.1728 0.1728
0.1728 0.1728 0.1728 0.1728 0.1728 0.1728 0.1728 0.1728 0.1728 0.1728
0.1728 0.1728 0.1728 0.1728 0.1728 0.1728 0.1728 0.1728 0.1728 0.1728
0.1728 0.1728 0.1728 0.1728 0.1728 0.1728 0.1728 0.1728 0.1728 0.1728
0.1728 0.1728 0.1728 0.1728 0.1728 0.1728 0.1728 0.1728 0.1728 0.1728
0.1728 0.1728 0.1728 0.1728 0.1728 0.1728 0.1728 0.1728 0.1728 0.1728
0.1728 0.1728 0.1728 0.1728 0.1728 0.1728 0.1728 0.1728 0.1728 0.1728
0.1728 0.1728 0.1728 0.1728 0.1728 0.1728 0.1728 0.1728 0.1728 0.1728
0.1728 0.1728 0.1728 0.1728 0.1728 0.1728 0.1728 0.1728 0.1728 0.1728
0.1728 0.1728 0.1728 0.1728 0.1728 0.1728 0.1728 0.1728 0.1728 0.1728
0.1728 0.1728 0.1728 0.1728 0.1728 0.1728 0.1728 0.1728 0.1728 0.1728
0.1728 0.1728 0.1728 0.1728 0.1728 0.1728 0.1728 0.1728 0.1728 0.1728
0.1728 0.1728 0.1728 0.1728 0.1728 0.1728 0.1728 0.1728 0.1728 0.1728
0.1728 0.1728 0.1728 0.1728 0.1728 0.1728 0.1728 0.1728 0.1728 0.1728
0.1728 0.1728 0.1728 0.1728 0.1728 0.1728 0.1728 0.1728 0.1728 0.1728
0.1728 0.1728 0.1728 0.1728 0.1728 0.1728 0.1728 0.1728 0.1728 0.1728
0.1728 0.1728 0.1728 0.1728 0.1728 0.1728 0.1728 0.1728 0.1728 0.1728
0.1728 0.1728 0.1728 0.1728 0.1728 0.1728 0.1728 0.1728 0.1728 0.1728
0.1728 0.1728 0.1728 0.1728 0.1728 0.1728 0.1728 0.1728 0.1728 0.1728
0.1728 0.1728 0.1728 0.1728 0.1728 0.1728 0.1728 0.1728 0.1728 0.1728
0.1728 0.1728 0.1728 0.1728 0.1728 0.1728 0.1728 0.1728 0.1728 0.1728
0.1728 0.1728 0.1728 0.1728 0.1728 0.1728 0.1728 0.1728 0.1728 0.1728
0.1728 0.1728 0.1728 0.1728 0.1728 0.1728 0.1728 0.1728 0.1728 0.1728
0.1728 0.1728 0.1728 0.1728 0.1728 0.1728 0.1728 0.1728 0.1728 0.1728
0.1728 0.1728 0.1728 0.1728 0.1728 0.1728 0.1728 0.1728 0.1728 0.1728
0.1728 0.1728 0.1728 0.1728 0.1728 0.1728 0.1728 0.1728 0.1728 0.1728
0.1728 0.1728 0.1728 0.1728 0.1728 0.1728 0.1728 0.1728 0.1728 0.1728
0.1728 0.1728 0.1728 0.1728 0.1728 0.1728 0.1728 0.1728 0.1728 0.1728
0.1728 0.1728 0.1728 0.1728 0.1728 0.1728 0.1728 0.1728 0.1728 0.1728
0.1728 0.1728 0.1728 0.1728 0.1728 0.1728 0.1728 0.1728 0.1728 0.1728
0.1728 0.1728 0.1728 0.1728 0.1728 0.1728 0.1728 0.1728 0.1728 0.1728
0.1728 0.1728 0.1728 0.1728 0.1728 0.1728 0.1728 0.1728 0.1728 0.1728
0.1728 0.1728 0.1728 0.1728 0.1728 0.1728 0.1728 0.1728 0.1728 0.1728
0.1728 0.1728 0.1728 0.1728 0.1728 0.1728 0.1728 0.1728 0.1728 0.1728
0.1728 0.1728 0.1728 0.1728 0.1728 0.1728 0.1728 0.1728 0.1728 0.1728
0.1728 0.1728 0.1728 0.1728 0.1728 0.1728 0.1728 0.1728 0.1728 0.1728
0.1728 0.1728 0.1728 0.1728 0.1728 0.1728 0.1728 0.1728 0.1728 0.1728
0.1728 0.1728 0.1728 0.1728 0.1728 0.1728 0.1728 0.1728 0.1728 0.1728
0.1728 0.1728 0.1728 0.1728 0.1728 0.1728 0.1728 0.1728 0.1728 0.1728
0.1728 0.1728 0.1728 0.1728 0.1728 0.1728 0.1728 0.1728 0.1728 0.1728
0.1728 0.1728 0.1728 0.1728 0.1728 0.1728 0.1728 0.1728 0.1728 0.1728
0.1728 0.1728 0.1728 0.1728 0.1728 0.1728 0.1728 0.1728 0.1728 0.1728
0.1728 0.1728 0.1728 0.1728 0.1728 0.1728 0.1728 0.1728 0.1728 0.1728
0.1728 0.1728 0.1728 0.1728 0.1728 0.1728 0.1728 0.1728 0.1728 0.1728
0.1728 0.1728 0.1728 0.1728 0.1728 0.1728 0.1728 0.1728 0.1728 0.1728
0.1728 0.1728 0.1728 0.1728 0.1728 0.1728 0.1728 0.1728 0.1728 0.1728
0.1728 0.1728 0.1728 0.1728 0.1728 0.1728 0.1728 0.1728 0.1728 0.1728
0.1728 0.1728 0.1728 0.1728 0.1728 0.1728 0.1728 0.1728 0.1728 0.1728
0.1728 0.1728 0.1728 0.1728 0.1728 0.1728 0.1728 0.1728 0.1728 0.1728
0.1728 0.1728 0.1728 0.1728 0.1728 0.1728 0.1728 0.1728 0.1728 0.1728
0.1728 0.1728 0.1728 0.1728 0.1728 0.1728 0.1728 0.1728 0.1728 0.1728
0.1728 0.1728 0.1728 0.1728 0.1728 0.1728 0.1728 0.1728 0.1728 0.1728
0.1728 0.1728 0.1728 0.1728 0.1728 0.1728 0.1728 0.1728 0.1728 0.1728
0.1728 0.1728 0.1728 0.1728 0.1728 0.1728 0.1728 0.1728 0.1728 0.1728
0.1728 0.1728 0.1728 0.1728 0.1728 0.1728 0.1728 0.1728 0.1728 0.1728
0.1728 0.1728 0.1728 0.1728 0.1728 0.1728 0.1728 0.1728 0.1728 0.1728
0.1728 0.1728 0.1728 0.1728 0.1728 0.1728 0.1728 0.1728 0.1728 0.1728
0.1728 0.1728 0.1728 0.1728 0.1728 0.1728 0.1728 0.1728 0.1728 0.1728
0.1728 0.1728 0.1728 0.1728 0.1728 0.1728 0.1728 0.1728 0.1728 0.1728
0.1728 0.1728 0.1728 0.1728 0.1728 0.1728 0.1728 0.1728 0.1728 0.1728
0.1728 0.1728 0.1728 0.1728 0.1728 0.1728 0.1728 0.1728 0.1728 0.1728
0.1728 0.1728 0.1728 0.1728 0.1728 0.1728 0.1728 0.1728 0.1728 0.1728
0.1728 0.1728 0.1728 0.1728 0.1728 0.1728 0.1728 0.1728 0.1728 0.1728
0.1728 0.1728 0.1728 0.1728 0.1728 0.1728 0.1728 0.1728 0.1728 0.1728
0.1728 0.1728 0.1728 0.1728 0.1728 0.1728 0.1728 0.1728 0.1728 0.1728
0.1728 0.1728 0.1728 0.1728 0.1728 0.1728 0.1728 0.1728 0.1728 0.1728
0.1728 0.1728 0.1728 0.1728 0.1728 0.1728 0.1728 0.1728 0.1728 0.1728
0.1728 0.1728 0.1728 0.1728 0.1728 0.1728 0.1728 0.1728 0.1728 0.1728
0.1728 0.1728 0.1728 0.1728 0.1728 0.1728 0.1728 0.1728 0.1728 0.1728
0.1728 0.1728 0.1728 0.1728 0.1728 0.1728 0.1728 0.1728 0.1728 0.1728
0.1728 0.1728 0.1728 0.1728 0.1728 0.1728 0.1728 0.1728 0.1728 0.1728
0.1728 0.1728 0.1728 0.1728 0.1728 0.1728 0.1728 0.1728 0.1728 0.1728
0.1728 0.1728 0.1728 0.1728 0.1728 0.1728 0.1728 0.1728 0.1728 0.1728
0.1728 0.1728 0.1728 0.1728 0.1728 0.1728 0.1728 0.1728 0.1728 0.1728
0.1728 0.1728 0.1728 0.1728 0.1728 0.1728 0.1728 0.1728 0.1728 0.1728
0.1728 0.1728 0.1728 0.1728 0.1728 0.1728 0.1728 0.1728 0.1728 0.1728
0.1728 0.1728 0.1728 0.1728 0.1728 0.1728 0.1728 0.1728 0.1728 0.1728
0.1728 0.1728 0.1728 0.1728 0.1728 0.1728 0.1728 0.1728 0.1728 0.1728
0.1728 0.1728 0.1728 0.1728 0.1728 0.1728 0.1728 0.1728 0.1728 0.1728
0.1728 0.1728 0.1728 0.1728 0.1728 0.1728 0.1728 0.1728 0.1728 0.1728
0.1728 0.1728 0.1728 0.1728 0.1728 0.1728 0.1728 0.1728 0.1728 0.1728
0.1728 0.1728 0.1728 0.1728 0.1728 0.1728 0.1728 0.1728 
***
0.1728 0.1728 0.1728 0.1728 0.1728 0.1728 0.1728 0.1728 0.1728 0.1728
0.1728 0.1728 0.1728 0.1728 0.144 0.1728 0.1728 0.1728 0.1728 0.1728
0.1728 0.1728 0.1728 0.1728 0.1728 0.1728 0.1728 0.1728 0.1728 0.1728
0.1728 0.1728 0.1728 0.1728 0.144 0.1728 0.1728 0.1728 0.1728 0.1728
0.1728 0.1728 0.1728 0.1728 0.1728 0.1728 0.1728 0.1728 0.1728 0.1728
0.144 0.1728 0.1728 0.1728 0.1728 0.1728 0.1728 0.1728 0.1728 0.1728
0.1728 0.1728 0.1728 0.1728 0.144 0.1728 0.1728 0.1728 0.1728 0.1728
0.1728 0.1728 0.1728 0.1728 0.1728 0.1728 0.1728 0.1728 0.1728 0.1728
0.1728 0.1728 0.144 0.1728 0.1728 0.1728 0.1728 0.1728 0.1728 0.1728
0.1728 0.1728 0.144 0.1728 0.1728 0.1728 0.1728 0.1728 0.1728 0.1728
0.1728 0.1728 0.1728 0.1728 0.1728 0.1728 0.1728 0.1728 0.1728 0.1728
0.1728 0.1728 0.1728 0.1728 0.1728 0.1728 0.1728 0.1728 0.1728 0.1728
0.1728 0.1728 0.1728 0.1728 0.1728 0.1728 0.1728 0.1728 0.1728 0.1728
0.1728 0.1728 0.1728 0.1728 0.1728 0.1728 0.1728 0.1728 0.1728 0.1728
0.1728 0.1728 0.1728 0.1728 0.1728 0.1728 0.144 0.1728 0.1728 0.1728
0.1728 0.1728 0.1728 0.1728 0.1728 0.1728 0.144 0.1728 0.1728 0.1728
0.1728 0.1728 0.1728 0.1728 0.1728 0.1728 0.1728 0.1728 0.1728 0.1728
0.144 0.1728 0.1728 0.1728 0.1728 0.144 0.1728 0.1728 0.1728 0.1728
0.1728 0.1728 0.1728 0.1728 0.1728 0.1728 0.1728 0.1728 0.1728 0.1728
0.1728 0.1728 0.1728 0.1728 0.1728 0.1728 0.1728 0.1728 0.1728 0.1728
0.1728 0.1728 0.1728 0.1728 0.1728 0.1728 0.1728 0.1728 0.1728 0.1728
0.1728 0.1728 0.1728 0.1728 0.1728 0.144 0.1728 0.1728 0.1728 0.1728
0.1728 0.1728 0.1728 0.1728 0.1728 0.1728 0.1728 0.1728 0.1728 0.1728
0.1728 0.1728 0.1728 0.1728 0.1728 0.1728 0.1728 0.1728 0.1728 0.1728
0.1728 0.1728 0.1728 0.1728 0.144 0.1728 0.1728 0.1728 0.1728 0.1728
0.1728 0.1728 0.1728 0.1728 0.1728 0.1728 0.1728 0.1728 0.1728 0.1728
0.1728 0.1728 0.1728 0.1728 0.1728 0.1728 0.1728 0.1728 0.1728 0.1728
0.1728 0.1728 0.1728 0.1728 0.1728 0.1728 0.1728 0.1728 0.1728 0.1728
0.1728 0.1728 0.1728 0.1728 0.1728 0.1728 0.1728 0.1728 0.1728 0.1728
0.1728 0.1728 0.1728 0.1728 0.1728 0.1728 0.1728 0.1728 0.1728 0.1728
0.1728 0.1728 0.1728 0.1728 0.1728 0.1728 0.1728 0.1728 0.1728 0.1728
0.1728 0.1728 0.1728 0.1728 0.1728 0.1728 0.1728 0.1728 0.1728 0.1728
0.1728 0.1728 0.1728 0.1728 0.1728 0.1728 0.1728 0.1728 0.1728 0.1728
0.1728 0.1728 0.1728 0.1728 0.1728 0.1728 0.1728 0.1728 0.1728 0.1728
0.1728 0.1728 0.144 0.1728 0.1728 0.1728 0.1728 0.1728 0.1728 0.1728
0.1728 0.1728 0.1728 0.1728 0.1728 0.1728 0.1728 0.1728 0.1728 0.1728
0.1728 0.1728 0.1728 0.1728 0.1728 0.1728 0.1728 0.1728 0.1728 0.1728
0.1728 0.1728 0.1728 0.1728 0.1728 0.1728 0.1728 0.1728 0.1728 0.1728
0.1728 0.1728 0.1728 0.1728 0.1728 0.1728 0.1728 0.1728 0.1728 0.1728
0.1728 0.1728 0.1728 0.1728 0.1728 0.1728 0.1728 0.1728 0.1728 0.1728
0.1728 0.1728 0.1728 0.1728 0.1728 0.1728 0.144 0.1728 0.1728 0.1728
0.1728 0.1728 0.1728 0.1728 0.1728 0.1728 0.1728 0.1728 0.1728 0.1728
0.144 0.1728 0.1728 0.1728 0.1728 0.1728 0.1728 0.1728 0.144 0.144
0.1728 0.1728 0.1728 0.1728 0.1728 0.1728 0.1728 0.1728 0.1728 0.1728
0.1728 0.1728 0.1728 0.1728 0.1728 0.1728 0.1728 0.1728 0.1728 0.1728
0.1728 0.1728 0.1728 0.1728 0.1728 0.1728 0.1728 0.1728 0.1728 0.1728
0.1728 0.1728 0.1728 0.1728 0.1728 0.1728 0.1728 0.1728 0.1728 0.1728
0.1728 0.1728 0.1728 0.1728 0.1728 0.1728 0.1728 0.144 0.1728 0.144
0.1728 0.1728 0.1728 0.1728 0.1728 0.1728 0.1728 0.1728 0.1728 0.1728
0.1728 0.1728 0.1728 0.144 0.1728 0.1728 0.1728 0.1728 0.1728 0.1728
0.1728 0.1728 0.1728 0.1728 0.1728 0.1728 0.1728 0.1728 0.1728 0.1728
0.1728 0.1728 0.1728 0.1728 0.1728 0.1728 0.1728 0.1728 0.1728 0.1728
0.1728 0.1728 0.1728 0.1728 0.1728 0.1728 0.1728 0.1728 0.1728 0.1728
0.1728 0.1728 0.1728 0.1728 0.1728 0.1728 0.1728 0.1728 0.1728 0.12
0.1728 0.1728 0.1728 0.1728 0.1728 0.1728 0.1728 0.1728 0.1728 0.1728
0.1728 0.1728 0.1728 0.1728 0.1728 0.144 0.1728 0.1728 0.1728 0.1728
0.1728 0.1728 0.1728 0.1728 0.1728 0.1728 0.1728 0.1728 0.1728 0.1728
0.1728 0.1728 0.1728 0.1728 0.1728 0.1728 0.1728 0.1728 0.1728 0.1728
0.1728 0.1728 0.1728 0.1728 0.1728 0.1728 0.1728 0.144 0.1728 0.1728
0.1728 0.1728 0.1728 0.1728 0.1728 0.1728 0.1728 0.1728 0.1728 0.1728
0.1728 0.1728 0.1728 0.1728 0.1728 0.1728 0.144 0.1728 0.1728 0.1728
0.1728 0.1728 0.144 0.1728 0.1728 0.1728 0.1728 0.1728 0.1728 0.1728
0.1728 0.1728 0.1728 0.1728 0.1728 0.1728 0.1728 0.1728 0.1728 0.1728
0.1728 0.1728 0.1728 0.1728 0.1728 0.1728 0.1728 0.1728 0.1728 0.1728
0.1728 0.1728 0.1728 0.1728 0.1728 0.1728 0.1728 0.1728 0.1728 0.1728
0.1728 0.1728 0.1728 0.1728 0.1728 0.1728 0.1728 0.1728 0.1728 0.144
0.1728 0.1728 0.1728 0.1728 0.1728 0.1728 0.1728 0.1728 0.1728 0.1728
0.1728 0.1728 0.1728 0.1728 0.1728 0.1728 0.1728 0.1728 0.1728 0.1728
0.1728 0.1728 0.1728 0.1728 0.1728 0.1728 0.1728 0.1728 0.1728 0.1728
0.1728 0.1728 0.1728 0.1728 0.1728 0.1728 0.1728 0.1728 0.1728 0.1728
0.144 0.1728 0.1728 0.1728 0.1728 0.1728 0.1728 0.1728 0.1728 0.1728
0.1728 0.1728 0.1728 0.1728 0.1728 0.1728 0.1728 0.1728 0.1728 0.1728
0.1728 0.1728 0.1728 0.1728 0.1728 0.1728 0.1728 0.1728 0.1728 0.1728
0.1728 0.1728 0.1728 0.1728 0.1728 0.1728 0.1728 0.1728 0.1728 0.1728
0.1728 0.1728 0.1728 0.1728 0.1728 0.1728 0.1728 0.1728 0.1728 0.1728
0.1728 0.1728 0.1728 0.1728 0.1728 0.1728 0.1728 0.1728 0.1728 0.1728
0.1728 0.1728 0.1728 0.1728 0.1728 0.1728 0.1728 0.1728 0.1728 0.1728
0.1728 0.1728 0.1728 0.1728 0.1728 0.1728 0.1728 0.1728 0.1728 0.1728
0.1728 0.1728 0.1728 0.1728 0.1728 0.1728 0.1728 0.1728 0.1728 0.1728
0.1728 0.1728 0.1728 0.1728 0.1728 0.1728 0.1728 0.144 0.1728 0.1728
0.1728 0.1728 0.1728 0.1728 0.1728 0.1728 0.1728 0.1728 0.1728 0.1728
0.1728 0.1728 0.1728 0.1728 0.1728 0.1728 0.1728 0.1728 0.1728 0.1728
0.1728 0.1728 0.1728 0.1728 0.144 0.1728 0.1728 0.1728 0.1728 0.1728
0.1728 0.1728 0.1728 0.1728 0.1728 0.1728 0.1728 0.1728 0.1728 0.144
0.1728 0.1728 0.1728 0.1728 0.1728 0.1728 0.1728 0.1728 0.1728 0.1728
0.1728 0.1728 0.1728 0.1728 0.144 0.1728 0.1728 0.1728 0.144 0.1728
0.1728 0.1728 0.1728 0.1728 0.1728 0.1728 0.1728 0.1728 0.1728 0.1728
0.1728 0.1728 0.1728 0.1728 0.1728 0.1728 0.1728 0.1728 0.1728 0.144
0.1728 0.1728 0.1728 0.1728 0.1728 0.1728 0.1728 0.1728 0.1728 0.1728
0.1728 0.1728 0.1728 0.1728 0.1728 0.1728 0.1728 0.1728 0.1728 0.1728
0.1728 0.1728 0.1728 0.1728 0.1728 0.1728 0.1728 0.1728 0.1728 0.1728
0.1728 0.1728 0.1728 0.1728 0.1728 0.1728 0.1728 0.144 0.1728 0.1728
0.1728 0.1728 0.1728 0.1728 0.144 0.1728 0.1728 0.1728 0.1728 0.1728
0.1728 0.1728 0.1728 0.1728 0.1728 0.1728 0.1728 0.1728 0.1728 0.1728
0.1728 0.1728 0.1728 0.1728 0.1728 0.1728 0.1728 0.1728 0.1728 0.1728
0.1728 0.1728 0.1728 0.1728 0.1728 0.1728 0.1728 0.1728 0.1728 0.1728
0.1728 0.1728 0.1728 0.1728 0.1728 0.1728 0.1728 0.1728 0.1728 0.1728
0.1728 0.1728 0.1728 0.1728 0.1728 0.1728 0.1728 0.1728 0.1728 0.1728
0.1728 0.1728 0.1728 0.1728 0.1728 0.1728 0.1728 0.1728 0.1728 0.1728
0.1728 0.1728 0.1728 0.1728 0.1728 0.1728 0.1728 0.1728 0.1728 0.1728
0.1728 0.1728 0.1728 0.1728 0.1728 0.1728 0.1728 0.1728 0.1728 0.1728
0.1728 0.1728 0.1728 0.1728 0.1728 0.1728 0.1728 0.1728 0.1728 0.1728
0.1728 0.1728 0.1728 0.1728 0.1728 0.1728 0.1728 0.1728 0.1728 0.1728
0.1728 0.1728 0.1728 0.1728 0.1728 0.1728 0.1728 0.1728 0.1728 0.1728
0.1728 0.1728 0.1728 0.1728 0.1728 0.1728 0.1728 0.1728 0.1728 0.1728
0.1728 0.1728 0.1728 0.1728 0.1728 0.1728 0.1728 0.1728 0.1728 0.1728
0.1728 0.1728 0.1728 0.1728 0.1728 0.1728 0.1728 0.1728 0.1728 0.1728
0.1728 0.1728 0.1728 0.1728 0.1728 0.1728 0.1728 0.1728 0.1728 0.1728
0.1728 0.1728 0.1728 0.1728 0.1728 0.1728 0.1728 0.1728 0.1728 0.1728
0.1728 0.1728 0.1728 0.1728 0.1728 0.1728 0.1728 0.1728 0.1728 0.1728
0.1728 0.1728 0.1728 0.1728 0.1728 0.1728 0.1728 0.1728 0.1728 0.1728
0.1728 0.1728 0.1728 0.1728 0.1728 0.1728 0.1728 0.1728 0.1728 0.1728
0.1728 0.1728 0.1728 0.1728 0.1728 0.1728 0.1728 0.1728 0.1728 0.1728
0.1728 0.1728 0.1728 0.1728 0.1728 0.1728 0.1728 0.1728 0.1728 0.1728
0.1728 0.1728 0.1728 0.1728 0.1728 0.1728 0.1728 0.1728 0.1728 0.1728
0.1728 0.1728 0.1728 0.1728 0.1728 0.1728 0.1728 0.1728 0.1728 0.1728
0.1728 0.1728 0.1728 0.1728 0.1728 0.1728 0.1728 0.1728 0.1728 0.1728
0.1728 0.1728 0.1728 0.1728 0.1728 0.1728 0.1728 0.1728 0.1728 0.1728
0.1728 0.1728 0.1728 0.1728 0.1728 0.1728 0.1728 0.1728 0.1728 0.1728
0.1728 0.1728 0.1728 0.144 0.1728 0.1728 0.1728 0.1728 0.1728 0.1728
0.1728 0.1728 0.1728 0.1728 0.1728 0.1728 0.1728 0.1728 0.1728 0.1728
0.1728 0.1728 0.1728 0.1728 0.1728 0.1728 0.1728 0.1728 0.1728 0.1728
0.1728 0.1728 0.1728 0.1728 0.1728 0.1728 0.1728 0.1728 0.1728 0.1728
0.1728 0.1728 0.1728 0.1728 0.1728 0.1728 0.1728 0.1728 0.1728 0.1728
0.1728 0.1728 0.1728 0.1728 0.1728 0.1728 0.1728 0.1728 0.1728 0.1728
0.1728 0.1728 0.1728 0.1728 0.1728 0.1728 0.1728 0.1728 0.1728 0.1728
0.1728 0.1728 0.1728 0.1728 0.1728 0.1728 0.1728 0.1728 0.1728 0.1728
0.1728 0.1728 0.1728 0.1728 0.1728 0.1728 0.1728 0.1728 0.1728 0.1728
0.1728 0.1728 0.1728 0.1728 0.1728 0.1728 0.1728 0.1728 0.1728 0.1728
0.1728 0.1728 0.1728 0.1728 0.1728 0.1728 0.1728 0.1728 0.1728 0.1728
0.1728 0.1728 0.1728 0.1728 0.1728 0.1728 0.1728 0.1728 0.1728 0.1728
0.1728 0.1728 0.1728 0.1728 0.1728 0.1728 0.1728 0.1728 0.1728 0.1728
0.1728 0.1728 0.1728 0.1728 0.1728 0.1728 0.1728 0.1728 0.1728 0.1728
0.1728 0.1728 0.1728 0.1728 0.1728 0.1728 0.1728 0.1728 0.1728 0.1728
0.1728 0.1728 0.1728 0.1728 0.1728 0.1728 0.1728 0.1728 0.1728 0.1728
0.1728 0.1728 0.1728 0.1728 0.1728 0.1728 0.1728 0.1728 0.1728 0.1728
0.1728 0.1728 0.1728 0.1728 0.1728 0.1728 0.1728 0.1728 0.1728 0.1728
0.1728 0.1728 0.1728 0.1728 0.1728 0.1728 0.1728 0.1728 0.1728 0.1728
0.1728 0.1728 0.1728 0.1728 0.1728 0.1728 0.1728 0.1728 0.1728 0.1728
0.1728 0.1728 0.1728 0.1728 0.1728 0.1728 0.1728 0.1728 0.1728 0.1728
0.1728 0.1728 0.1728 0.1728 0.1728 0.1728 0.1728 0.1728 0.1728 0.1728
0.1728 0.1728 0.1728 0.1728 0.1728 0.1728 0.1728 0.1728 
>categories:
0 0
1 1
>mixtureAssignment:
0 1 0 0 0 0 0 0 0 0 0 0 0 0 0 0 0 0 0 0 0 0 0 0 0 0 0 0 0 0 0 0 0 0 0 0 0 0 0 0 0 0 0 0 0 0 0 0 0 0
0 0 0 0 0 0 0 0 0 0 0 0 0 0 0 0 0 0 0 0 0 0 0 0 0 0 0 0 0 0 0 0 0 0 0 1 0 0 0 0 0 0 0 0 0 0 0 0 0 0
0 0 0 0 0 0 0 0 0 0 0 0 1 0 0 0 0 0 0 0 0 0 0 0 0 0 0 0 0 0 0 0 0 0 0 0 0 0 0 0 0 0 0 0 0 0 0 1 0 0
0 0 0 0 0 0 0 0 0 0 0 0 0 0 0 0 0 0 0 0 0 0 0 0 0 0 0 0 0 0 0 0 0 0 0 0 0 0 0 0 0 0 0 0 0 0 0 0 0 0
0 0 0 0 0 0 0 0 0 0 0 0 0 0 0 0 0 0 0 0 0 0 0 0 0 0 0 0 0 0 0 0 0 0 0 0 0 0 0 0 1 0 1 1 0 0 0 0 0 0
0 0 0 0 0 0 0 0 0 0 0 0 0 0 0 0 0 0 0 0 0 0 0 0 0 0 0 0 0 0 0 0 0 0 0 0 0 1 0 0 0 0 0 0 1 0 0 0 0 0
0 0 0 0 0 0 0 0 0 0 0 0 0 0 0 0 0 0 0 0 1 0 0 0 0 0 0 0 0 0 0 0 0 0 0 0 0 0 0 0 0 0 0 0 0 0 1 1 0 0
0 0 0 0 0 0 0 0 0 0 0 0 0 0 0 0 0 0 0 0 0 0 0 0 0 0 0 0 0 0 0 0 0 0 0 0 0 0 0 0 0 0 0 1 0 0 0 0 0 0
0 0 0 0 1 0 0 0 0 0 0 0 0 0 0 0 0 0 1 0 0 0 0 0 0 0 0 0 0 0 0 0 0 0 0 0 0 0 0 0 1 1 1 0 0 1 1 1 1 0
0 0 0 0 0 0 0 0 0 0 0 0 0 0 0 0 0 0 1 0 0 0 0 0 0 0 0 0 0 0 0 0 0 0 0 0 0 0 0 0 0 0 0 0 0 0 0 0 0 0
0 0 0 0 0 0 0 0 0 0 0 0 0 0 0 0 0 0 0 0 0 0 0 0 0 0 0 0 0 0 0 0 0 0 0 0 0 0 0 0 0 0 0 0 0 0 0 0 0 0
0 0 0 0 0 0 0 0 0 0 0 0 0 0 0 0 0 0 0 0 0 0 0 0 0 0 0 0 0 0 0 0 0 0 0 0 0 1 1 0 0 0 0 0 0 0 0 0 0 0
0 0 0 0 0 0 0 0 0 0 0 0 0 0 0 0 0 0 0 0 0 0 0 0 1 0 0 0 0 1 0 0 0 0 0 0 0 0 0 0 0 0 0 0 0 0 0 0 0 0
0 0 0 0 0 0 0 0 0 0 0 0 0 0 0 0 0 0 0 0 0 0 0 0 0 0 0 0 0 0 0 0 0 0 0 0 0 0 0 1 0 0 0 0 0 0 0 0 0 0
0 0 0 0 0 0 0 0 0 0 0 1 0 0 0 0 0 0 0 0 0 0 0 0 0 1 0 0 0 0 0 0 0 0 0 0 0 0 0 0 0 0 0 0 0 0 0 0 0 1
0 0 0 0 0 0 0 0 0 0 0 0 0 0 0 0 0 0 0 0 0 0 0 0 0 0 0 0 0 0 0 0 0 0 0 0 0 0 0 0 0 0 0 0 0 0 0 0 0 0
0 0 0 0 0 0 0 0 0 0 0 0 0 0 0 0 0 1 0 0 0 0 0 0 0 0 0 0 0 1 0 0 0 0 0 0 0 0 0 0 0 0 0 0 0 0 0 0 0 0
0 1 0 0 0 0 0 0 0 0 0 0 0 0 0 0 0 0 0 0 0 0 0 0 0 0 0 0 0 0 0 0 0 0 0 0 0 0 0 0 0 0 0 0 0 0 0 0 0 0
0 0 0 0 0 0 0 0 0 0 0 0 0 0 0 0 0 0 0 0 0 0 0 0 0 0 0 1 1 0 0 0 0 0 0 0 0 0 0 0 0 0 0 0 0 1 0 0 0 0
0 0 0 0 0 0 0 0 0 0 0 0 1 1 0 0 1 1 1 0 1 0 1 1 1 1 1 1 0 1 1 1 1 1 1 1 1 1 1 1 1 1 1 1 1 0 1 1 1 1
1 1 1 1 1 1 1 1 1 1 0 1 1 1 1 1 1 1 1 1 1 1 1 1 0 0 1 1 1 0 1 1 1 1 1 1 1 1 1 1 1 0 1 1 0 0 1 1 1 0
1 1 1 1 1 1 1 1 1 1 1 1 1 1 1 1 0 1 1 1 1 1 1 1 0 1 1 1 1 1 1 1 1 1 1 1 0 1 1 1 1 1 1 1 1 1 1 1 1 1
1 1 1 1 1 1 1 1 1 1 1 1 1 1 1 1 1 0 0 1 1 1 1 1 1 0 1 1 1 1 1 1 0 1 1 1 1 1 1 1 1 1 1 1 1 1 1 0 0 1
1 1 1 1 1 1 1 1 1 1 1 1 0 1 1 1 1 1 1 1 1 1 1 1 1 1 1 1 1 1 1 1 1 1 1 1 1 1 1 1 1 1 1 1 1 1 1 1 1 1
1 1 1 1 1 1 1 1 1 1 1 1 0 0 1 1 1 1 1 1 1 0 1 1 1 1 1 1 1 1 1 1 1 1 1 1 0 1 1 1 1 1 1 1 1 1 1 1 1 1
1 1 1 1 1 1 1 1 1 0 1 1 1 1 1 1 1 1 1 1 1 1 1 1 1 1 1 1 1 1 1 1 1 1 1 1 1 1 1 1 1 1 1 1 1 1 1 1 1 1
1 1 0 1 1 1 1 1 1 1 1 1 1 1 1 1 1 1 1 1 1 1 1 1 1 1 1 1 1 1 1 1 1 1 1 0 1 1 1 1 0 1 1 1 1 1 1 1 1 1
1 1 1 1 1 1 1 1 1 1 1 1 1 1 1 1 1 1 1 1 1 1 1 1 1 1 1 1 1 1 1 1 1 0 0 1 1 1 1 1 0 1 1 1 1 1 1 1 1 1
1 1 1 1 1 0 1 0 1 1 0 1 1 1 0 1 0 1 
>numMutationCategories:
2
>numSelectionCategories:
2
>categoryProbabilities:
0.690779 0.309221 
>selectionIsInMixture:
***
0 
***
1 
>mutationIsInMixture:
***
0 
***
1 
>currentSynthesisRateLevel:
***
0.492497 1.30359 0.743993 0.638309 1.57682 0.788574 0.897236 0.0672201 2.83932 0.192452
0.965012 0.949853 1.30274 0.597283 0.984475 0.168133 0.62667 1.08184 0.168374 0.163003
0.993251 0.922563 1.44878 0.205548 1.56929 0.242018 0.248867 2.03037 1.32512 0.636368
1.09929 0.183192 0.541028 0.514994 0.376555 0.0622863 0.906799 0.45335 0.947194 1.28742
1.17937 0.438388 0.0818573 0.341434 0.608587 0.49261 0.460877 0.789542 0.931002 0.498531
0.59312 0.999615 0.707635 1.05751 0.481647 1.98383 0.27632 0.481257 0.542325 0.8355
0.518836 0.434448 0.239543 0.868629 0.559115 0.599085 0.810996 0.487284 0.958223 0.321343
2.43723 0.675148 1.30086 1.43004 0.766673 0.416173 0.842476 0.993517 1.57063 1.66562
0.461047 1.80576 2.53617 1.00339 0.405164 0.528151 0.998862 0.739207 0.454365 0.840959
0.402396 1.35039 3.00604 0.193764 2.47457 0.343576 2.12234 0.530435 0.92361 0.832935
0.0821774 0.342705 1.07006 0.946308 0.0317694 0.348531 0.613621 0.398967 0.819 0.884112
0.712987 0.438872 0.11474 0.357401 2.04269 7.63087 1.64749 0.674988 0.810038 0.314896
0.179149 0.511226 1.34938 1.20166 0.422832 1.39336 0.511509 0.616694 1.40768 0.642168
0.995081 0.178877 0.572826 0.28568 0.82917 0.213855 4.51246 0.481409 1.0308 2.19407
0.22384 0.280275 1.41042 1.17096 0.256966 1.3703 2.95992 0.5861 0.298474 0.987913
0.730864 0.448502 1.68704 0.703836 1.10369 0.876628 0.305665 1.17482 1.26644 0.283833
0.437343 0.216045 0.599654 1.09048 0.341791 1.38725 0.534814 6.42343 0.333916 2.93026
1.3457 0.733887 0.988819 0.938834 0.222979 0.554217 0.844573 1.25999 1.15264 1.6741
0.739872 0.36159 0.745098 0.563556 0.788046 0.378042 0.472042 0.675235 0.592095 0.218663
0.711713 1.13963 0.976412 3.59596 1.18899 0.234796 0.384724 0.365916 0.642333 0.227896
0.737974 7.22389 1.31127 1.71797 0.391662 0.193525 0.25035 1.93541 0.270708 0.875379
0.426614 0.445355 0.497471 0.165683 0.478395 0.875741 0.383786 0.946952 0.649325 0.124287
0.615442 1.06237 0.603459 1.31482 0.503027 0.60129 0.121181 0.62792 0.723935 0.318239
1.05788 0.621656 0.588879 0.164035 0.669485 0.292066 0.536931 0.898435 0.311673 0.821178
1.28614 1.20765 1.67916 3.44445 0.950035 1.14015 0.375098 1.41144 0.32067 1.26823
0.228284 1.17454 1.65513 1.09078 0.402868 1.35277 7.13473 0.498092 0.528522 1.92431
0.459065 1.34902 1.53849 0.214245 0.750259 0.365488 0.645975 0.361625 0.661499 1.24024
0.118287 1.01735 0.293075 0.132984 0.490251 0.424844 0.479811 0.681649 0.440695 1.4354
0.401208 0.565638 0.80099 1.64303 0.168489 1.44299 7.6782 1.97781 0.478814 0.3079
0.354819 0.393589 1.17661 0.807172 1.287 0.278382 1.29501 3.69394 0.69833 0.524836
0.691894 0.699987 2.69707 0.760942 0.0849079 0.749071 0.548518 0.9206 0.52882 0.0126808
0.638867 2.51925 0.49563 0.577984 0.631251 2.31095 0.307928 0.117005 1.10503 0.419894
3.15219 0.528761 0.390279 2.96018 0.630928 2.52903 0.0946413 4.72518 0.763857 0.727826
0.323284 0.756757 0.02747 2.09939 6.66287 0.666347 0.568784 1.29195 0.728009 0.572419
0.713846 0.0858764 0.605915 0.72284 1.207 0.879464 0.961053 1.30249 0.287222 0.611218
0.268663 0.610185 1.07251 0.990546 0.653461 0.683305 1.1312 0.813536 1.3053 0.49569
1.02759 1.3783 1.04679 0.305896 0.3285 0.218155 0.843496 0.283228 6.86609 0.370098
0.864064 1.04788 0.486938 1.42866 1.30728 0.745194 1.1569 0.152106 0.592201 0.359825
1.93006 0.195892 0.73668 0.372973 2.46953 0.694715 0.866419 0.333538 0.302178 0.0667287
0.347159 0.987352 0.821191 2.10459 0.619198 0.0614613 0.2179 0.236409 0.324848 0.950697
0.278382 1.03714 0.808327 2.6219 1.26891 0.341572 0.671617 0.738072 0.493018 0.603555
0.262131 1.78256 0.862563 0.541767 1.86553 0.572448 0.476207 0.830678 6.38255 1.21509
1.56043 1.02339 0.165466 0.920945 0.786461 0.586305 0.516252 0.994647 0.369805 1.72693
0.217386 1.37582 0.918214 0.389368 1.378 1.07737 0.854804 0.737726 4.50428 0.495236
0.702736 0.712127 0.274072 0.0826481 0.319817 0.163657 0.0276428 0.450644 0.0681375 0.126556
0.342937 0.710034 0.245625 1.29974 0.131295 1.23981 0.264726 0.907281 1.99131 1.02131
0.481012 0.853016 0.551542 0.406043 0.301609 0.322003 0.628638 0.5455 3.58643 8.07228
1.68252 0.17596 0.318241 0.363101 0.691552 1.61444 0.89711 1.74815 0.289968 0.467841
0.316744 0.30872 4.95188 0.658241 2.10324 0.589394 2.19708 0.0945422 0.0191154 0.371868
6.81471 0.554497 1.89895 0.576212 0.418452 1.34456 0.734151 1.40406 5.4955 0.403112
0.276846 0.410984 0.352195 0.0688178 0.375888 0.373593 2.01039 0.416038 0.516535 0.418819
0.408831 0.267351 0.4201 0.629857 0.431745 0.855703 2.53237 0.37102 0.0318354 0.890785
0.638947 0.120046 0.228657 2.41578 1.06121 1.2468 0.0563786 0.666823 0.970066 3.28397
0.757973 0.242374 0.329036 0.703557 0.653805 0.223885 1.31459 0.53302 1.0166 0.689463
1.32855 0.201256 1.15693 0.426064 0.439898 0.224595 0.76823 1.13565 0.229638 1.17369
1.05704 0.459157 0.0513017 0.492376 0.443527 0.647498 0.202742 2.86431 0.463989 0.804646
0.678092 0.339732 0.578572 1.22182 0.448297 1.0027 1.05465 0.37409 1.18822 0.468706
0.958236 0.306774 1.47016 0.477508 0.332094 0.546361 0.22351 0.128448 2.37847 0.405881
0.25731 1.02103 0.142475 0.498629 0.1095 0.996892 1.12799 1.79923 1.52888 1.30509
0.326506 0.478399 0.51559 4.95828 0.763283 0.657173 0.57452 0.223416 0.691143 0.602119
0.452193 0.282259 0.469774 5.15654 0.244024 0.70818 2.04941 0.277402 0.669256 7.01615
0.618713 0.495661 1.39855 3.56916 0.513367 0.718561 1.36101 0.288456 0.618472 0.208825
0.738446 0.863695 0.0920879 0.315569 5.54848 0.35592 0.604378 11.0816 0.295694 0.570317
0.262739 1.31529 0.297976 0.850735 3.89541 0.107301 0.0269445 0.621983 0.551002 1.11391
0.722493 0.229425 1.41747 0.513353 0.616752 0.144394 0.955892 0.0816505 1.01731 0.402478
1.77339 3.28934 0.704534 0.689231 1.0069 0.109769 0.137166 0.638177 1.98082 0.450356
0.855504 0.679688 0.8444 0.336494 0.165016 0.435882 0.719542 0.51093 2.49765 0.307655
0.426253 3.40414 0.729391 10.007 0.363606 0.189828 1.08497 2.03893 1.71849 1.58114
0.465226 1.97595 0.151632 0.163684 0.716428 0.599122 0.291507 0.909871 1.0224 3.82091
2.01407 2.04038 1.0056 0.562689 0.499273 0.501531 2.24746 0.0987253 1.30812 0.694808
1.57362 1.05974 6.48654 2.46701 0.965303 0.0431333 0.570868 6.4762 0.321827 0.925909
0.562028 2.43444 0.575299 0.721706 0.619279 0.795058 0.387138 0.83093 1.41793 0.55043
0.652792 0.345599 0.253537 0.275259 2.07603 2.32321 0.207834 1.01565 1.03793 0.398465
0.754773 0.485115 0.463299 0.572513 0.322528 0.845486 0.359563 0.539394 0.351156 0.783825
0.29657 1.01286 0.782294 0.303017 1.06588 0.0163911 0.655982 0.483799 1.38059 3.6001
0.465872 0.48636 0.0931117 0.244362 1.43666 0.484327 0.514763 2.49049 0.539788 1.07526
0.652205 0.865857 0.948901 1.47797 0.507415 1.10065 3.31895 0.791172 0.280427 0.258811
2.91919 0.262938 0.261523 6.65099 0.391736 1.75618 2.39967 0.504903 1.2043 0.445146
0.353589 1.31957 0.271376 2.53633 0.328767 0.12316 0.134783 0.361479 0.591061 1.1529
0.249807 0.265119 0.221489 0.320175 0.196347 0.61737 0.855523 0.444254 0.515578 0.172636
1.18201 0.116627 0.367253 0.398655 0.624892 1.15806 1.9994 0.842033 0.998511 1.1039
0.293279 0.289885 5.17506 1.66506 0.598438 0.517307 2.74805 0.788611 0.113543 0.427734
0.597565 0.565785 0.320055 0.378982 0.521894 0.675622 0.599544 0.57742 3.20496 8.84502
9.96659 0.231772 0.972693 0.319346 0.423532 0.255106 0.327575 0.797199 0.410958 0.571567
0.633793 0.405427 0.32607 0.807588 0.642163 0.866567 0.129009 0.90324 0.723421 1.51402
0.742951 1.80882 0.487064 0.997528 0.872351 1.41989 0.10436 0.358243 1.0626 1.98485
0.46656 0.130333 0.442352 2.26215 0.321473 0.265289 0.27631 0.643323 2.25188 0.373816
0.552798 0.538749 0.945939 0.139985 0.720081 0.4998 0.794636 1.75781 2.35918 2.41541
1.76464 0.662113 1.43642 0.717336 0.248357 7.6262 1.51051 0.665007 0.353508 0.435282
0.538928 0.418274 0.428163 0.893378 0.837742 1.13512 0.401027 0.163155 0.892398 0.399573
0.428633 0.210756 0.146935 0.381195 0.0981207 0.818807 0.684742 0.98747 0.701697 0.497459
0.78334 0.237161 0.695098 3.24238 0.923061 0.687444 0.663177 1.1934 0.512796 0.486489
1.83293 0.849133 0.137197 0.463409 0.999856 0.875056 0.24631 0.293566 2.25387 0.0976439
1.05512 0.388137 0.620983 0.557169 1.21952 0.370555 0.52831 0.494853 6.08325 0.371318
0.867879 0.14208 0.515214 0.503537 0.794733 0.451325 2.11262 0.836534 1.81967 0.792348
0.599654 0.809155 0.452169 0.522821 0.0792219 0.491807 0.410078 0.556809 0.405227 0.274605
0.347546 0.188403 0.946422 1.65668 0.086098 0.148902 0.516431 1.24852 1.06926 0.975696
0.973669 0.226525 2.20699 0.637971 0.117185 0.577674 1.00719 1.19483 0.987958 0.458173
0.178032 0.428229 0.0916915 0.109518 0.40285 1.2694 1.06901 0.417845 0.321531 2.90248
1.2796 0.968795 0.0991602 0.345543 0.500755 0.0775219 0.417906 0.565704 0.721789 0.444517
0.205595 1.1297 0.748054 0.2984 2.63451 0.605475 0.818547 0.198661 0.365058 1.43479
1.58234 0.0783146 4.71391 1.1513 0.593728 1.15376 0.300983 0.522182 0.451403 0.724259
1.03044 0.196058 1.13626 0.760274 0.0668128 0.0787472 0.259533 0.0948858 1.4595 0.131354
2.10318 0.842893 0.603308 0.460358 0.387336 0.86487 0.081777 4.91261 0.195781 0.399328
0.663893 5.07292 0.96589 0.139993 0.277868 0.432112 0.288025 1.28253 0.865749 0.31251
0.513371 0.223709 0.417588 0.266003 0.766742 0.344908 0.518711 0.207135 0.056364 0.0787365
0.897304 1.14122 0.35281 0.142155 0.4188 0.181596 0.512177 0.182929 0.246664 0.216129
0.32237 0.608536 0.719777 0.771588 0.0154173 0.725165 0.270481 0.535121 0.403356 0.497288
0.436379 0.267142 0.416695 0.181494 0.443665 0.149626 0.797089 0.125093 0.241768 0.392579
0.428965 1.49281 0.282504 0.0361623 0.120245 0.234573 0.259382 0.127095 0.192261 0.20242
1.54008 0.249307 0.357365 0.789282 0.794287 0.0354617 0.0394157 0.634293 0.161028 0.351956
0.711108 0.730315 0.705549 0.42466 0.281965 2.16776 0.638576 0.216665 0.521137 0.27872
0.230062 0.111539 0.664082 0.217849 0.157892 1.62794 0.105914 0.203037 0.401183 0.104355
0.168923 0.0922377 0.453467 0.349886 0.413472 0.162976 1.36289 0.47028 0.163506 0.610131
0.222076 0.959635 0.317812 0.411908 0.141486 0.0104565 0.507158 5.89304 6.8744 5.32617
0.104329 0.33799 0.306358 0.0642553 1.57166 0.189447 0.108462 0.593171 0.158022 0.717927
0.484326 0.405881 7.38995 0.273473 0.570918 0.0811652 0.168538 0.464234 0.361963 1.21302
1.03291 0.194716 0.194818 0.093189 1.37017 2.55886 4.55119 0.185309 1.14358 0.0918477
0.0693554 0.346656 1.0592 0.417645 0.614079 0.240697 0.379967 0.12102 0.166187 3.25005
3.58928 0.189383 0.427196 1.87033 2.42384 0.18428 0.200962 0.447395 0.306282 1.42655
0.716076 0.448418 0.220577 0.160664 0.0944602 0.234409 0.958388 0.305924 0.336212 0.290121
0.137089 0.289067 0.396618 0.118524 1.08626 0.0420933 1.65321 0.192643 0.851267 0.0583984
0.506953 7.61557 0.110073 5.94702 0.506952 0.259791 0.0507227 0.00935468 0.974422 0.658923
0.109144 0.133727 0.63519 1.11402 0.267754 0.0504116 0.0365517 0.651064 0.455329 0.319968
0.216062 0.3801 0.699904 0.334957 0.907804 0.293536 1.13871 0.678166 0.173909 0.195292
1.32681 1.62672 0.17706 0.221987 0.200585 0.838165 0.0606516 2.91466 0.121717 0.0851994
0.231882 0.100982 0.346412 0.63544 0.148038 0.13146 0.577663 0.261558 0.455646 2.54806
0.0745362 3.12643 0.799441 0.221326 0.854724 0.701222 0.104877 0.741822 0.536917 0.116818
0.16247 1.4501 0.30209 0.0925679 0.298961 0.269339 0.100289 0.368198 0.636534 2.94061
0.414826 0.470688 0.957195 0.161466 0.313171 0.154192 1.20825 0.340185 0.114954 0.817176
0.166051 1.3155 0.303895 2.16814 0.961024 0.307134 0.523492 0.480464 0.560897 0.541416
1.27487 0.927877 0.666235 0.0466401 0.297257 0.558806 0.0389894 0.118222 0.150646 0.385458
0.392323 0.775434 0.431511 0.226419 0.108941 0.748303 0.181644 0.908447 0.214275 0.698435
0.399312 0.20289 0.166238 0.835185 0.24984 0.538114 0.377166 1.08202 0.329735 0.259667
1.23 0.482097 0.195921 1.27208 1.2585 0.379517 1.07716 0.169983 1.57747 0.767577
0.285683 0.411596 0.656664 0.357256 0.599642 0.494817 0.359256 0.264685 0.0286117 0.456423
0.729112 1.0572 0.209062 0.342309 0.418552 0.18493 0.310292 0.342454 0.202773 1.21427
0.93482 0.353537 0.717519 0.222225 0.565182 0.596737 1.39529 0.224986 0.157284 1.65927
0.444156 0.167859 0.960852 6.35414 12.2753 0.117247 1.20537 0.686123 2.38577 1.05747
0.232631 0.293205 0.570319 0.435297 0.743771 1.74422 0.538246 0.603487 0.658785 0.360546
4.39 0.227226 0.386814 0.615836 0.357042 0.534603 1.35238 4.77854 0.861321 0.512951
0.381201 0.366765 1.33876 0.550142 0.171355 0.851489 0.38686 0.0766587 
***
1.74847 2.0948 2.16156 1.00193 2.84732 2.1342 2.04947 1.46824 3.6449 1.66108
2.34715 2.24446 2.2707 2.28559 2.28554 1.62835 1.99824 2.16064 1.39028 2.30814
2.29949 2.43538 2.11532 1.33472 2.54574 1.73988 1.7387 2.87435 2.10248 1.78127
2.44798 1.64968 1.81949 2.29619 2.05836 2.47218 2.75379 1.81446 2.05144 1.96508
2.52278 1.9078 0.840403 1.8787 1.53303 1.42965 1.7867 1.92933 2.51437 1.29893
2.09424 2.32483 2.18911 1.83194 1.29858 2.36577 1.37587 1.58124 1.69085 2.19783
2.17806 1.94797 2.00455 2.16484 1.98273 2.07268 2.10397 1.85384 2.28646 2.23962
3.18499 2.08055 2.04084 2.32934 1.74775 1.76464 1.6647 1.9153 2.27508 2.27128
1.9553 2.45129 3.33687 2.12511 1.48935 1.61361 1.69771 1.97801 2.02047 2.17405
1.11009 2.07515 3.37517 1.9334 3.19215 1.05105 2.57793 2.20796 2.19145 2.32903
1.81275 2.10328 2.35428 1.69474 1.72088 1.55324 1.59696 1.90641 2.45208 1.76288
1.64337 0.736726 1.00057 1.56148 2.95395 5.72352 2.91816 2.25155 1.54355 1.74426
1.34521 1.85192 2.36235 2.26642 1.60693 2.14225 1.67393 2.09498 2.27728 2.31645
2.40219 1.61017 1.71526 1.80364 2.05665 2.03918 4.34742 1.77666 2.0014 3.48092
2.06692 1.65905 2.07319 3.17596 2.09852 2.38594 3.58384 1.31744 1.31134 1.62745
1.63752 1.68775 2.84633 1.95204 2.82574 2.29463 1.85466 2.21689 2.35237 1.47815
1.8736 2.00674 1.78522 2.18861 1.96807 2.41868 1.61591 5.04225 1.67854 4.69255
2.70893 2.05249 2.24651 2.32775 1.84342 2.24894 2.17218 2.62479 2.52035 2.91757
2.18959 1.79308 1.82772 1.77558 2.57308 2.1176 1.93672 1.89318 1.44558 1.73166
1.62869 2.3188 2.15036 3.35794 1.85333 1.66619 1.26882 1.61945 1.90615 1.4714
2.087 5.28937 2.68475 3.10157 1.84148 1.34987 1.56846 3.80914 1.46706 1.90384
2.43671 1.56646 1.84828 1.88942 2.1023 2.65313 1.56804 2.14414 2.06863 2.01824
2.09846 2.51168 1.76018 0.301384 1.8807 1.84228 2.14432 0.110287 2.28419 1.82312
1.72267 2.0876 2.03621 1.83533 1.89818 1.79033 2.01949 2.3713 1.58434 2.21058
1.29492 2.493 1.82733 4.18238 2.32466 2.75544 1.65547 2.56644 2.41397 2.61469
1.75393 2.31971 3.08419 2.39309 1.68139 2.79583 5.73453 1.6796 1.34164 2.73002
1.51846 2.27651 2.17792 1.55571 2.01378 2.62041 1.88832 1.80384 2.06002 2.15329
1.39665 2.0666 2.07321 2.04134 2.20974 2.14937 1.9749 1.74262 1.98392 2.69
1.81973 2.08921 1.88128 2.78747 1.8813 2.19403 6.93612 2.71291 1.8901 2.28631
1.92359 1.67869 2.14627 1.73747 1.70733 1.67742 1.98776 3.93816 2.24338 2.14309
1.87126 2.17837 3.38482 1.85186 1.77264 2.29015 1.8858 1.75969 1.85206 2.35266
1.6703 3.15138 1.76065 1.44525 1.79009 2.85778 1.7645 1.45985 0.676952 1.9857
3.10261 1.96556 1.91809 3.72938 1.55232 4.42808 1.69742 5.44963 2.09705 2.05481
1.77076 1.988 1.42395 2.85801 5.66324 2.41747 2.03581 2.59848 1.76281 1.65168
1.38168 1.38076 2.0198 1.97668 2.15791 2.58187 1.19553 1.57863 2.1969 1.99564
1.99302 1.84766 1.96768 2.12198 1.94982 2.1838 2.1169 0.369977 1.72124 1.65369
2.22844 2.52878 2.14288 1.76589 1.94201 1.76703 2.23561 2.03555 4.97183 2.03795
2.34532 2.11227 2.02224 2.74617 2.76498 1.87671 2.31523 1.559 2.46333 2.3865
2.51576 1.77759 2.35649 1.93962 5.8578 2.01518 1.70521 1.7162 1.66376 0.449079
1.80643 2.15582 1.82935 2.8164 2.05499 1.42719 1.66544 1.25039 1.57317 2.02477
1.70026 2.16626 1.91917 3.18921 1.83131 1.89353 2.0927 1.7801 1.61435 1.95607
1.25537 2.81884 2.18418 1.89683 2.5449 1.78662 1.99058 2.19663 4.83842 2.17864
2.56548 2.28319 2.4115 1.99465 2.15149 2.01667 2.06897 2.16836 1.89463 2.72348
1.44585 2.16612 2.00014 1.4676 2.88933 2.70702 2.21499 2.03708 4.57441 2.05974
0.938268 1.62264 0.581991 0.144555 1.44397 0.362587 0.424232 0.870987 1.27504 2.01585
1.67884 1.95196 1.21658 3.01286 0.188222 2.70726 1.79601 2.29876 3.49558 3.03051
1.69991 2.20725 1.96347 2.06957 1.60221 1.85916 2.11072 1.82514 3.80028 7.67603
2.81028 1.66781 1.54979 1.859 1.88547 2.94249 2.16519 3.1883 2.15219 1.94153
1.60937 1.91528 4.60163 2.0108 2.685 2.04842 3.8653 2.32004 1.79211 2.19913
5.73413 1.99268 3.31562 2.00581 1.92945 2.18158 1.70902 2.14164 4.01046 1.24094
1.60801 1.37779 1.25049 0.105641 1.48002 2.20898 2.89371 2.08194 1.9651 1.71238
1.97907 1.86422 1.83513 1.66542 1.94127 2.09726 3.3334 1.47621 0.927954 2.0102
1.73518 1.44374 1.5909 3.36368 1.71096 2.17784 1.68495 1.7774 2.48309 3.22299
1.66568 1.76602 1.79811 2.04984 1.93287 0.31845 2.35387 2.06941 2.20199 2.2751
2.25972 1.66109 2.24493 1.98739 1.96753 1.75617 2.35834 2.48614 1.72221 2.68446
2.13085 1.71904 1.18649 1.53876 1.73097 2.09547 1.57961 3.79149 1.85427 2.23614
2.05356 1.75819 1.53894 2.18222 2.07392 2.35389 2.39992 1.25563 2.21799 2.07802
2.41848 2.11939 2.7269 2.27492 1.92642 1.85181 1.7834 1.49489 2.6333 1.87217
1.99938 2.28744 0.743853 1.77836 1.62364 2.12084 2.46272 2.13398 1.55533 1.87937
1.78596 1.46844 1.8469 4.38515 1.99251 2.37983 2.19294 1.88239 2.03511 2.02543
2.13572 2.1783 1.39622 6.06712 1.88615 1.41496 3.40371 1.986 2.06593 4.36687
1.98329 1.67594 2.44692 4.48366 1.73078 2.12298 2.16212 1.73751 2.08302 1.90213
1.89548 1.88253 1.56224 0.974518 3.74952 1.12316 0.0877242 5.20693 0.0745072 1.30531
1.01931 2.4195 1.74484 1.77408 3.71432 1.66175 0.454511 2.11656 1.80051 2.01845
1.88229 1.88031 2.53444 2.00597 2.07435 1.74978 2.3706 1.51799 2.54711 1.99751
2.94791 3.17147 1.75626 1.92912 2.31824 1.36763 1.02678 3.76671 2.93836 1.80695
2.36974 2.12097 1.94478 2.19522 2.24011 1.21743 1.99393 1.71795 3.64334 1.63912
1.83834 4.04182 2.14565 7.92215 1.18887 1.84053 2.0279 2.66318 2.16239 2.11305
1.55697 2.77115 1.47434 1.60881 2.28395 1.95757 1.50109 2.30265 1.85586 4.70972
2.92633 3.21346 2.41118 1.73862 2.08866 1.94917 2.30334 1.65573 2.41015 1.88318
2.72503 1.92788 6.3357 2.72044 1.98369 1.26908 1.66657 6.22698 1.36261 2.07744
1.4629 1.95427 1.82447 2.09141 1.99663 2.31248 1.77812 2.08373 2.15494 2.37834
2.30237 1.88591 1.7632 1.23431 3.25514 3.41657 0.879329 1.71409 2.38688 1.5614
2.21394 2.19719 1.96316 1.94163 2.01646 2.38303 2.06799 1.95322 1.92159 1.84849
1.62832 2.70604 2.42928 1.70784 2.58413 1.95742 1.93442 1.56612 2.16996 4.12608
1.5724 1.65632 2.17587 1.73651 3.08717 1.99217 2.03722 4.0477 1.78769 2.4786
2.04252 2.41476 2.15506 2.55375 2.09028 2.30305 4.34092 1.71778 1.46321 0.863711
3.62023 1.97262 1.13586 6.27526 2.11534 2.98035 3.54862 2.61452 1.84147 1.99674
1.77777 2.60365 1.93839 4.03148 1.46337 1.69227 1.76155 2.03641 2.22199 2.35825
1.49087 1.66603 1.79638 1.40537 1.70513 1.83507 2.00726 2.04862 1.8238 1.12418
2.41991 1.50316 1.8276 1.86344 1.90127 2.42872 3.33912 2.2758 2.08231 2.18843
1.80187 1.41142 7.09063 2.4973 2.02904 1.76989 2.63769 1.08102 1.32165 1.27363
2.28018 1.72961 1.23358 1.78954 2.18401 1.95375 2.23048 1.94974 3.87545 4.75451
6.59043 2.06402 2.18034 1.56921 1.63946 1.30975 1.69446 2.0081 1.44796 1.94224
1.80956 1.86554 2.25919 1.81479 2.18023 1.96715 1.31335 2.14198 1.49593 2.83832
1.79608 1.94557 1.82391 2.37814 2.40871 3.09059 1.78383 1.75032 2.61674 2.41673
2.00364 1.92468 1.78114 2.85238 1.44095 1.87693 1.95951 2.17568 3.39962 1.80303
1.64505 1.85875 2.21788 1.65096 1.02794 1.74605 1.70545 1.8787 3.84737 3.38046
3.2453 2.00943 2.45308 0.925919 1.59013 6.29042 2.48352 1.86426 1.88764 1.69013
1.96782 1.64172 1.96846 1.8646 2.34141 2.09803 2.17119 1.52666 1.79118 1.92821
1.42923 1.67845 1.52367 1.59391 1.22795 2.25753 1.47694 1.93189 1.72947 1.64619
2.33778 1.91494 2.08852 3.28424 2.12285 1.95523 2.1627 2.16506 1.8983 1.78891
3.08547 1.94236 1.89969 2.03936 2.29397 2.19966 1.52541 1.07294 2.15142 2.00053
2.37949 1.47932 1.80932 1.9641 2.70323 2.28321 1.92518 1.84754 5.33531 1.71468
2.02244 1.47557 1.74549 1.96482 1.48809 0.727039 3.17329 1.78354 3.42708 2.39729
2.28185 2.08588 1.85961 1.47298 1.90379 1.81628 1.42109 1.6542 1.57438 1.73853
1.75342 0.614542 1.19523 1.84924 1.01761 1.36853 0.831541 1.69221 1.39025 1.90172
1.6017 1.03486 2.42588 1.47934 0.292712 1.33924 1.06126 1.28717 1.95546 0.56255
1.02871 1.50956 0.294163 0.687167 0.531291 1.15906 0.88481 0.812274 0.836486 2.68574
1.49134 0.700304 0.505243 0.622222 0.756026 0.644962 0.399624 1.06195 1.01446 0.617286
0.377182 1.56719 0.730603 0.702703 1.9155 1.03758 0.678744 0.417838 0.539003 1.36862
2.15293 0.222231 3.33662 1.78193 0.320134 0.906415 0.216313 0.694084 0.390067 1.36439
0.97725 0.832396 1.56494 1.78576 0.702881 0.407354 0.680888 1.09378 1.61188 0.867625
1.97099 0.854308 1.04416 0.849895 1.13361 1.00196 0.758605 3.38014 0.467712 0.43174
0.979432 5.29902 1.33611 0.432552 1.27136 1.54354 0.924977 1.42037 0.742763 0.371545
0.788903 0.406595 0.667043 0.442356 0.89375 0.722138 0.76266 0.460944 0.126226 0.15778
0.794386 0.818908 0.291686 0.192775 1.07698 0.837205 2.03359 0.265564 0.0675805 0.535914
0.573373 1.13714 1.00937 0.434797 1.14932 0.891703 0.178102 0.247035 0.487224 0.0841179
0.684217 0.141519 0.569713 0.475943 0.237417 0.0440944 1.2841 0.366251 0.275262 0.819749
0.302947 2.24835 0.630374 0.552237 0.406095 0.182663 0.0370718 0.272948 0.0262004 0.265574
2.17033 0.645765 0.530946 0.935483 0.960685 0.160696 0.390592 0.595917 0.322788 0.308815
0.406322 0.297003 1.05117 0.895505 0.433596 2.43341 0.71033 2.05766 1.37908 0.154806
0.429973 0.118988 0.695649 0.250141 0.811033 2.55867 0.927352 0.243399 0.562954 0.11757
0.102341 0.587563 1.45085 0.527256 0.578989 0.590421 1.01886 0.368325 0.31754 0.642992
0.426899 1.0169 0.769396 0.347828 0.0505178 0.0591095 0.724553 6.14366 5.05683 2.52007
0.423515 0.293308 0.203296 0.5378 1.5899 0.413481 0.100993 0.453607 0.244876 0.441992
0.664316 0.904018 5.66335 0.252228 1.05542 0.516876 0.141147 0.718797 0.264818 1.12788
1.38437 1.04317 0.334384 0.0522716 1.23244 1.86171 3.14054 0.485778 1.6017 0.244832
0.440776 0.439325 1.32333 0.513648 0.880882 0.440436 0.276613 0.455639 0.406633 3.99807
4.45712 0.622411 0.840632 2.08001 2.09124 0.606122 0.469571 0.426385 0.596853 1.25264
1.07327 1.03747 0.299069 0.0926123 0.288006 0.23924 0.775577 0.255073 0.348555 0.258848
0.430063 0.74319 1.11432 1.45399 0.799128 0.210024 2.21822 0.408793 0.915775 0.18344
0.448698 3.68019 0.617193 3.72004 0.537781 0.115185 0.106565 0.105762 1.88356 0.777624
0.0304115 0.277392 0.526755 0.843247 0.329447 0.63042 1.48936 0.54699 0.637624 0.419678
0.157057 0.502842 0.56699 0.729912 0.938347 0.657341 1.22305 0.747977 0.0698458 1.00184
1.42025 1.21697 0.701553 0.636779 0.236305 1.06808 0.462667 2.86688 0.0678085 1.25555
0.936297 0.17305 0.415055 0.580095 0.488337 0.0507101 0.561632 0.237364 0.678218 2.49438
0.225036 2.32544 0.457518 0.157399 0.786557 0.659554 0.104575 0.685117 0.40897 0.168882
0.179665 0.971122 0.754316 0.553231 0.336469 0.255142 0.0505387 0.612536 0.900407 2.78124
0.469206 0.753687 2.14885 0.32905 0.62197 0.189454 1.20257 0.575717 0.422543 0.688366
0.436701 1.06144 1.67335 3.25207 2.93493 0.956668 1.04003 1.01129 0.433041 0.754144
1.50873 0.840317 1.52248 0.10719 0.408599 0.888137 0.477747 0.408315 0.41419 0.565478
0.479386 0.558023 0.292382 0.55516 0.487053 0.475717 0.477218 0.835889 0.677443 0.368262
0.216783 1.27342 0.393909 0.701441 0.498374 1.22513 0.890844 1.05121 0.790069 0.588269
1.748 0.775712 0.897927 0.650679 0.410022 0.668011 1.4687 0.554106 1.11871 1.11046
0.524147 0.525914 1.03006 0.800554 1.24694 0.535038 0.821452 0.183079 0.70674 0.464614
1.0167 0.844772 0.489283 0.526582 0.487208 0.595619 0.391119 0.54598 0.481099 1.03232
1.18179 0.0652962 0.694289 0.502096 0.840065 1.19703 1.74298 0.995726 0.548738 1.5656
0.361959 0.299209 1.02206 5.05157 5.11149 0.876052 1.31811 0.941187 1.87573 1.25259
0.835923 0.326103 1.04947 0.658614 0.628441 1.93212 0.679726 0.297463 0.94801 0.606762
3.6269 0.0742697 0.869377 1.07043 1.33018 0.908547 1.84627 5.22657 1.22038 1.47785
1.35234 0.76904 1.32102 1.28925 0.83318 1.26709 1.0061 0.554638 
>covarianceMatrix:
A
0.134218	0	0	0	0	0	0	0	0	0	0	0	
0	0.134218	0	0	0	0	0	0	0	0	0	0	
0	0	0.134218	0	0	0	0	0	0	0	0	0	
0	0	0	0.134218	0	0	0	0	0	0	0	0	
0	0	0	0	0.134218	0	0	0	0	0	0	0	
0	0	0	0	0	0.134218	0	0	0	0	0	0	
0	0	0	0	0	0	0.134218	0	0	0	0	0	
0	0	0	0	0	0	0	0.134218	0	0	0	0	
0	0	0	0	0	0	0	0	0.134218	0	0	0	
0	0	0	0	0	0	0	0	0	0.134218	0	0	
0	0	0	0	0	0	0	0	0	0	0.134218	0	
0	0	0	0	0	0	0	0	0	0	0	0.134218	
***
>covarianceMatrix:
C
0.512	0	0	0	
0	0.512	0	0	
0	0	0.512	0	
0	0	0	0.512	
***
>covarianceMatrix:
D
0.512	0	0	0	
0	0.512	0	0	
0	0	0.512	0	
0	0	0	0.512	
***
>covarianceMatrix:
E
0.512	0	0	0	
0	0.512	0	0	
0	0	0.512	0	
0	0	0	0.512	
***
>covarianceMatrix:
F
0.512	0	0	0	
0	0.512	0	0	
0	0	0.512	0	
0	0	0	0.512	
***
>covarianceMatrix:
G
0.134218	0	0	0	0	0	0	0	0	0	0	0	
0	0.134218	0	0	0	0	0	0	0	0	0	0	
0	0	0.134218	0	0	0	0	0	0	0	0	0	
0	0	0	0.134218	0	0	0	0	0	0	0	0	
0	0	0	0	0.134218	0	0	0	0	0	0	0	
0	0	0	0	0	0.134218	0	0	0	0	0	0	
0	0	0	0	0	0	0.134218	0	0	0	0	0	
0	0	0	0	0	0	0	0.134218	0	0	0	0	
0	0	0	0	0	0	0	0	0.134218	0	0	0	
0	0	0	0	0	0	0	0	0	0.134218	0	0	
0	0	0	0	0	0	0	0	0	0	0.134218	0	
0	0	0	0	0	0	0	0	0	0	0	0.134218	
***
>covarianceMatrix:
H
0.512	0	0	0	
0	0.512	0	0	
0	0	0.512	0	
0	0	0	0.512	
***
>covarianceMatrix:
I
0.262144	0	0	0	0	0	0	0	
0	0.262144	0	0	0	0	0	0	
0	0	0.262144	0	0	0	0	0	
0	0	0	0.262144	0	0	0	0	
0	0	0	0	0.262144	0	0	0	
0	0	0	0	0	0.262144	0	0	
0	0	0	0	0	0	0.262144	0	
0	0	0	0	0	0	0	0.262144	
***
>covarianceMatrix:
K
0.512	0	0	0	
0	0.512	0	0	
0	0	0.512	0	
0	0	0	0.512	
***
>covarianceMatrix:
L
0.0351844	0	0	0	0	0	0	0	0	0	0	0	0	0	0	0	0	0	0	0	
0	0.0351844	0	0	0	0	0	0	0	0	0	0	0	0	0	0	0	0	0	0	
0	0	0.0351844	0	0	0	0	0	0	0	0	0	0	0	0	0	0	0	0	0	
0	0	0	0.0351844	0	0	0	0	0	0	0	0	0	0	0	0	0	0	0	0	
0	0	0	0	0.0351844	0	0	0	0	0	0	0	0	0	0	0	0	0	0	0	
0	0	0	0	0	0.0351844	0	0	0	0	0	0	0	0	0	0	0	0	0	0	
0	0	0	0	0	0	0.0351844	0	0	0	0	0	0	0	0	0	0	0	0	0	
0	0	0	0	0	0	0	0.0351844	0	0	0	0	0	0	0	0	0	0	0	0	
0	0	0	0	0	0	0	0	0.0351844	0	0	0	0	0	0	0	0	0	0	0	
0	0	0	0	0	0	0	0	0	0.0351844	0	0	0	0	0	0	0	0	0	0	
0	0	0	0	0	0	0	0	0	0	0.0351844	0	0	0	0	0	0	0	0	0	
0	0	0	0	0	0	0	0	0	0	0	0.0351844	0	0	0	0	0	0	0	0	
0	0	0	0	0	0	0	0	0	0	0	0	0.0351844	0	0	0	0	0	0	0	
0	0	0	0	0	0	0	0	0	0	0	0	0	0.0351844	0	0	0	0	0	0	
0	0	0	0	0	0	0	0	0	0	0	0	0	0	0.0351844	0	0	0	0	0	
0	0	0	0	0	0	0	0	0	0	0	0	0	0	0	0.0351844	0	0	0	0	
0	0	0	0	0	0	0	0	0	0	0	0	0	0	0	0	0.0351844	0	0	0	
0	0	0	0	0	0	0	0	0	0	0	0	0	0	0	0	0	0.0351844	0	0	
0	0	0	0	0	0	0	0	0	0	0	0	0	0	0	0	0	0	0.0351844	0	
0	0	0	0	0	0	0	0	0	0	0	0	0	0	0	0	0	0	0	0.0351844	
***
>covarianceMatrix:
M

***
>covarianceMatrix:
N
0.512	0	0	0	
0	0.512	0	0	
0	0	0.512	0	
0	0	0	0.512	
***
>covarianceMatrix:
P
0.134218	0	0	0	0	0	0	0	0	0	0	0	
0	0.134218	0	0	0	0	0	0	0	0	0	0	
0	0	0.134218	0	0	0	0	0	0	0	0	0	
0	0	0	0.134218	0	0	0	0	0	0	0	0	
0	0	0	0	0.134218	0	0	0	0	0	0	0	
0	0	0	0	0	0.134218	0	0	0	0	0	0	
0	0	0	0	0	0	0.134218	0	0	0	0	0	
0	0	0	0	0	0	0	0.134218	0	0	0	0	
0	0	0	0	0	0	0	0	0.134218	0	0	0	
0	0	0	0	0	0	0	0	0	0.134218	0	0	
0	0	0	0	0	0	0	0	0	0	0.134218	0	
0	0	0	0	0	0	0	0	0	0	0	0.134218	
***
>covarianceMatrix:
Q
0.512	0	0	0	
0	0.512	0	0	
0	0	0.512	0	
0	0	0	0.512	
***
>covarianceMatrix:
R
0.0351844	0	0	0	0	0	0	0	0	0	0	0	0	0	0	0	0	0	0	0	
0	0.0351844	0	0	0	0	0	0	0	0	0	0	0	0	0	0	0	0	0	0	
0	0	0.0351844	0	0	0	0	0	0	0	0	0	0	0	0	0	0	0	0	0	
0	0	0	0.0351844	0	0	0	0	0	0	0	0	0	0	0	0	0	0	0	0	
0	0	0	0	0.0351844	0	0	0	0	0	0	0	0	0	0	0	0	0	0	0	
0	0	0	0	0	0.0351844	0	0	0	0	0	0	0	0	0	0	0	0	0	0	
0	0	0	0	0	0	0.0351844	0	0	0	0	0	0	0	0	0	0	0	0	0	
0	0	0	0	0	0	0	0.0351844	0	0	0	0	0	0	0	0	0	0	0	0	
0	0	0	0	0	0	0	0	0.0351844	0	0	0	0	0	0	0	0	0	0	0	
0	0	0	0	0	0	0	0	0	0.0351844	0	0	0	0	0	0	0	0	0	0	
0	0	0	0	0	0	0	0	0	0	0.0351844	0	0	0	0	0	0	0	0	0	
0	0	0	0	0	0	0	0	0	0	0	0.0351844	0	0	0	0	0	0	0	0	
0	0	0	0	0	0	0	0	0	0	0	0	0.0351844	0	0	0	0	0	0	0	
0	0	0	0	0	0	0	0	0	0	0	0	0	0.0351844	0	0	0	0	0	0	
0	0	0	0	0	0	0	0	0	0	0	0	0	0	0.0351844	0	0	0	0	0	
0	0	0	0	0	0	0	0	0	0	0	0	0	0	0	0.0351844	0	0	0	0	
0	0	0	0	0	0	0	0	0	0	0	0	0	0	0	0	0.0351844	0	0	0	
0	0	0	0	0	0	0	0	0	0	0	0	0	0	0	0	0	0.0351844	0	0	
0	0	0	0	0	0	0	0	0	0	0	0	0	0	0	0	0	0	0.0351844	0	
0	0	0	0	0	0	0	0	0	0	0	0	0	0	0	0	0	0	0	0.0351844	
***
>covarianceMatrix:
S
0.134218	0	0	0	0	0	0	0	0	0	0	0	
0	0.134218	0	0	0	0	0	0	0	0	0	0	
0	0	0.134218	0	0	0	0	0	0	0	0	0	
0	0	0	0.134218	0	0	0	0	0	0	0	0	
0	0	0	0	0.134218	0	0	0	0	0	0	0	
0	0	0	0	0	0.134218	0	0	0	0	0	0	
0	0	0	0	0	0	0.134218	0	0	0	0	0	
0	0	0	0	0	0	0	0.134218	0	0	0	0	
0	0	0	0	0	0	0	0	0.134218	0	0	0	
0	0	0	0	0	0	0	0	0	0.134218	0	0	
0	0	0	0	0	0	0	0	0	0	0.134218	0	
0	0	0	0	0	0	0	0	0	0	0	0.134218	
***
>covarianceMatrix:
T
0.134218	0	0	0	0	0	0	0	0	0	0	0	
0	0.134218	0	0	0	0	0	0	0	0	0	0	
0	0	0.134218	0	0	0	0	0	0	0	0	0	
0	0	0	0.134218	0	0	0	0	0	0	0	0	
0	0	0	0	0.134218	0	0	0	0	0	0	0	
0	0	0	0	0	0.134218	0	0	0	0	0	0	
0	0	0	0	0	0	0.134218	0	0	0	0	0	
0	0	0	0	0	0	0	0.134218	0	0	0	0	
0	0	0	0	0	0	0	0	0.134218	0	0	0	
0	0	0	0	0	0	0	0	0	0.134218	0	0	
0	0	0	0	0	0	0	0	0	0	0.134218	0	
0	0	0	0	0	0	0	0	0	0	0	0.134218	
***
>covarianceMatrix:
V
0.134218	0	0	0	0	0	0	0	0	0	0	0	
0	0.134218	0	0	0	0	0	0	0	0	0	0	
0	0	0.134218	0	0	0	0	0	0	0	0	0	
0	0	0	0.134218	0	0	0	0	0	0	0	0	
0	0	0	0	0.134218	0	0	0	0	0	0	0	
0	0	0	0	0	0.134218	0	0	0	0	0	0	
0	0	0	0	0	0	0.134218	0	0	0	0	0	
0	0	0	0	0	0	0	0.134218	0	0	0	0	
0	0	0	0	0	0	0	0	0.134218	0	0	0	
0	0	0	0	0	0	0	0	0	0.134218	0	0	
0	0	0	0	0	0	0	0	0	0	0.134218	0	
0	0	0	0	0	0	0	0	0	0	0	0.134218	
***
>covarianceMatrix:
W

***
>covarianceMatrix:
Y
0.512	0	0	0	
0	0.512	0	0	
0	0	0.512	0	
0	0	0	0.512	
***
>covarianceMatrix:
Z
0.512	0	0	0	
0	0.512	0	0	
0	0	0.512	0	
0	0	0	0.512	
***
>covarianceMatrix:
X
1	0	0	0	0	0	0	0	
0	1	0	0	0	0	0	0	
0	0	1	0	0	0	0	0	
0	0	0	1	0	0	0	0	
0	0	0	0	1	0	0	0	
0	0	0	0	0	1	0	0	
0	0	0	0	0	0	1	0	
0	0	0	0	0	0	0	1	
***
>std_csp:
0.0512 0.0512 0.0512 0.0512 0.0512 0.0512 0.0512 0.0512 0.0512 0.0512
0.0512 0.0512 0.0512 0.0512 0.0512 0.0512 0.0512 0.0512 0.0512 0.0512
0.0512 0.0512 0.0512 0.0512 0.0512 0.0512 0.0512 0.0512 0.0512 0.0512
0.0512 0.0512 0.0512 0.0512 0.0512 0.0512 0.0512 0.0512 0.0512 0.0512
>currentMutationParameter:
***
-0.351206 0.37804 0.482376 0.416119 0.58758 -0.501412 0.67819 -0.0882732 0.112046 0.308621
0.412653 -0.17967 0.374825 -0.594874 0.38867 0.85346 0.340444 0.463886 0.0192667 0.355606
-0.0444183 0.291683 0.359361 -0.162807 -0.882229 -0.699295 -0.196709 0.396872 0.197197 0.0236748
0.518833 0.360352 -0.333441 0.286959 0.318584 0.00969851 0.568325 0.19753 0.164234 0.18292
***
-0.878969 -1.16534 -1.30966 -1.23193 -1.52702 1.3054 0.135267 0.0490975 -1.70883 -0.786879
-1.37266 0.362823 -1.09341 0.987818 0.533375 -0.518988 -1.8007 0.46798 2.13151 -1.88395
-0.559724 -1.34065 -1.6078 1.63364 -0.804486 -1.42901 0.25319 -1.23271 -1.4008 0.403151
-0.768476 -1.19973 -0.914442 -1.39422 -1.60159 0.830381 -0.551901 -1.39379 -1.65497 -1.68175
>currentSelectionParameter:
***
0.683676 0.0264842 0.991072 0.463141 -0.216898 -0.0498582 -0.360526 1.24613 0.544507 1.31197
-0.253749 1.36071 -0.14625 0.496053 0.416273 1.25077 0.697492 0.872137 0.547614 -0.563987
-0.442261 0.561071 0.564528 -0.339588 -0.00905987 0.627371 2.54963 0.619098 1.82958 0.80367
-0.00135671 0.90203 0.74785 -0.0695889 0.873069 1.03039 -0.0513891 0.679159 -0.394585 0.0316733
***
0.728302 0.291632 1.27976 0.631074 0.257104 -0.821981 -0.106153 0.792277 0.977489 1.38051
0.087766 0.366362 0.0772738 -0.0356145 0.38398 1.17288 1.45748 0.577081 0.0878102 0.160379
0.0197491 1.02207 1.37508 -0.822982 -0.216048 0.70295 0.765411 0.812788 1.78176 0.390388
0.261017 1.18374 0.710871 0.287796 1.32583 0.334893 0.0720326 0.859539 0.0306561 0.635151
