>Sphi:
0.873368
>Aphi:
6.95322e-310
>numParam:
40
>numMixtures:
2
>std_sphi:
0.08
>std_phi:
***
0.248832 0.248832 0.248832 0.248832 0.248832 0.248832 0.248832 0.248832 0.248832 0.248832
0.248832 0.248832 0.248832 0.248832 0.248832 0.248832 0.248832 0.248832 0.248832 0.248832
0.248832 0.248832 0.248832 0.248832 0.248832 0.248832 0.248832 0.248832 0.248832 0.248832
0.248832 0.248832 0.248832 0.248832 0.248832 0.248832 0.248832 0.248832 0.248832 0.248832
0.248832 0.248832 0.248832 0.248832 0.248832 0.248832 0.248832 0.248832 0.248832 0.248832
0.248832 0.248832 0.248832 0.248832 0.248832 0.248832 0.248832 0.248832 0.248832 0.248832
0.248832 0.248832 0.248832 0.248832 0.248832 0.248832 0.248832 0.248832 0.248832 0.248832
0.248832 0.248832 0.248832 0.248832 0.248832 0.248832 0.248832 0.248832 0.248832 0.248832
0.248832 0.248832 0.20736 0.248832 0.248832 0.248832 0.248832 0.248832 0.248832 0.248832
0.248832 0.248832 0.20736 0.248832 0.248832 0.248832 0.248832 0.248832 0.248832 0.248832
0.248832 0.248832 0.248832 0.248832 0.248832 0.248832 0.248832 0.248832 0.248832 0.248832
0.248832 0.248832 0.248832 0.248832 0.248832 0.248832 0.248832 0.248832 0.248832 0.248832
0.248832 0.248832 0.248832 0.248832 0.248832 0.248832 0.248832 0.248832 0.248832 0.248832
0.248832 0.248832 0.248832 0.248832 0.248832 0.248832 0.248832 0.248832 0.248832 0.248832
0.248832 0.248832 0.248832 0.248832 0.248832 0.248832 0.1728 0.248832 0.248832 0.248832
0.248832 0.248832 0.20736 0.248832 0.248832 0.248832 0.248832 0.248832 0.248832 0.248832
0.248832 0.248832 0.248832 0.248832 0.248832 0.248832 0.248832 0.248832 0.248832 0.248832
0.248832 0.248832 0.248832 0.248832 0.248832 0.248832 0.248832 0.248832 0.248832 0.248832
0.248832 0.248832 0.248832 0.248832 0.248832 0.248832 0.248832 0.248832 0.248832 0.248832
0.248832 0.248832 0.248832 0.248832 0.248832 0.248832 0.248832 0.248832 0.248832 0.248832
0.248832 0.248832 0.248832 0.248832 0.248832 0.248832 0.248832 0.248832 0.248832 0.248832
0.248832 0.248832 0.248832 0.248832 0.248832 0.248832 0.248832 0.248832 0.248832 0.248832
0.248832 0.248832 0.248832 0.248832 0.248832 0.248832 0.248832 0.248832 0.248832 0.248832
0.248832 0.248832 0.248832 0.248832 0.248832 0.248832 0.248832 0.248832 0.248832 0.248832
0.248832 0.248832 0.248832 0.248832 0.248832 0.248832 0.248832 0.248832 0.248832 0.248832
0.248832 0.248832 0.248832 0.248832 0.248832 0.248832 0.248832 0.248832 0.248832 0.248832
0.248832 0.248832 0.248832 0.248832 0.248832 0.248832 0.248832 0.248832 0.248832 0.248832
0.248832 0.248832 0.248832 0.248832 0.248832 0.248832 0.248832 0.248832 0.248832 0.248832
0.248832 0.248832 0.248832 0.248832 0.248832 0.248832 0.248832 0.248832 0.248832 0.248832
0.248832 0.248832 0.248832 0.248832 0.248832 0.248832 0.248832 0.248832 0.248832 0.248832
0.248832 0.248832 0.20736 0.248832 0.248832 0.248832 0.248832 0.248832 0.248832 0.248832
0.248832 0.248832 0.248832 0.248832 0.248832 0.248832 0.248832 0.248832 0.248832 0.248832
0.248832 0.248832 0.248832 0.248832 0.248832 0.248832 0.248832 0.248832 0.248832 0.248832
0.248832 0.248832 0.248832 0.248832 0.248832 0.248832 0.248832 0.248832 0.248832 0.248832
0.248832 0.248832 0.248832 0.248832 0.248832 0.248832 0.248832 0.248832 0.248832 0.248832
0.248832 0.248832 0.248832 0.248832 0.248832 0.248832 0.248832 0.248832 0.248832 0.248832
0.248832 0.248832 0.248832 0.248832 0.248832 0.248832 0.248832 0.248832 0.248832 0.248832
0.248832 0.248832 0.248832 0.248832 0.248832 0.248832 0.248832 0.248832 0.248832 0.248832
0.248832 0.248832 0.248832 0.248832 0.248832 0.248832 0.248832 0.248832 0.248832 0.248832
0.248832 0.248832 0.248832 0.248832 0.248832 0.248832 0.248832 0.248832 0.248832 0.248832
0.248832 0.248832 0.248832 0.248832 0.248832 0.248832 0.248832 0.248832 0.248832 0.248832
0.248832 0.248832 0.248832 0.248832 0.248832 0.248832 0.248832 0.248832 0.248832 0.248832
0.248832 0.248832 0.248832 0.248832 0.248832 0.248832 0.248832 0.248832 0.248832 0.248832
0.248832 0.248832 0.248832 0.248832 0.248832 0.248832 0.248832 0.248832 0.248832 0.248832
0.248832 0.248832 0.248832 0.248832 0.248832 0.248832 0.248832 0.248832 0.248832 0.248832
0.248832 0.248832 0.248832 0.248832 0.248832 0.248832 0.248832 0.248832 0.248832 0.248832
0.248832 0.248832 0.248832 0.248832 0.248832 0.248832 0.248832 0.248832 0.248832 0.248832
0.248832 0.248832 0.248832 0.248832 0.248832 0.248832 0.248832 0.248832 0.248832 0.248832
0.248832 0.248832 0.248832 0.248832 0.248832 0.248832 0.248832 0.248832 0.248832 0.248832
0.248832 0.248832 0.248832 0.248832 0.248832 0.248832 0.248832 0.248832 0.248832 0.248832
0.248832 0.248832 0.248832 0.248832 0.248832 0.248832 0.248832 0.248832 0.248832 0.248832
0.248832 0.248832 0.248832 0.248832 0.248832 0.248832 0.248832 0.248832 0.248832 0.248832
0.248832 0.248832 0.248832 0.248832 0.248832 0.248832 0.248832 0.248832 0.248832 0.248832
0.248832 0.248832 0.248832 0.248832 0.248832 0.248832 0.248832 0.248832 0.248832 0.248832
0.248832 0.248832 0.248832 0.248832 0.248832 0.248832 0.248832 0.248832 0.248832 0.248832
0.248832 0.248832 0.248832 0.248832 0.248832 0.248832 0.248832 0.248832 0.248832 0.248832
0.248832 0.248832 0.248832 0.248832 0.248832 0.248832 0.248832 0.248832 0.248832 0.248832
0.248832 0.248832 0.248832 0.248832 0.248832 0.248832 0.248832 0.248832 0.248832 0.248832
0.248832 0.248832 0.248832 0.248832 0.248832 0.248832 0.248832 0.20736 0.248832 0.248832
0.248832 0.248832 0.248832 0.248832 0.248832 0.248832 0.248832 0.248832 0.248832 0.248832
0.248832 0.248832 0.248832 0.248832 0.248832 0.248832 0.20736 0.248832 0.248832 0.248832
0.248832 0.248832 0.248832 0.248832 0.248832 0.248832 0.248832 0.248832 0.248832 0.248832
0.248832 0.248832 0.248832 0.248832 0.248832 0.248832 0.248832 0.248832 0.248832 0.248832
0.248832 0.248832 0.248832 0.248832 0.248832 0.248832 0.248832 0.248832 0.248832 0.248832
0.248832 0.248832 0.248832 0.248832 0.248832 0.248832 0.248832 0.248832 0.248832 0.248832
0.248832 0.248832 0.248832 0.248832 0.248832 0.248832 0.248832 0.248832 0.248832 0.248832
0.248832 0.248832 0.248832 0.248832 0.248832 0.248832 0.248832 0.248832 0.248832 0.248832
0.248832 0.248832 0.248832 0.248832 0.248832 0.248832 0.248832 0.248832 0.248832 0.248832
0.248832 0.248832 0.248832 0.248832 0.248832 0.248832 0.248832 0.248832 0.248832 0.248832
0.248832 0.20736 0.248832 0.248832 0.248832 0.248832 0.248832 0.248832 0.248832 0.248832
0.20736 0.248832 0.248832 0.248832 0.248832 0.248832 0.248832 0.248832 0.248832 0.248832
0.248832 0.248832 0.248832 0.248832 0.248832 0.248832 0.248832 0.248832 0.248832 0.248832
0.248832 0.248832 0.248832 0.248832 0.248832 0.248832 0.248832 0.248832 0.248832 0.248832
0.248832 0.248832 0.248832 0.248832 0.248832 0.248832 0.248832 0.248832 0.248832 0.248832
0.248832 0.248832 0.248832 0.248832 0.248832 0.248832 0.248832 0.248832 0.248832 0.248832
0.248832 0.248832 0.248832 0.248832 0.248832 0.248832 0.248832 0.248832 0.248832 0.248832
0.248832 0.248832 0.248832 0.248832 0.248832 0.248832 0.248832 0.248832 0.248832 0.248832
0.248832 0.248832 0.248832 0.248832 0.248832 0.248832 0.248832 0.248832 0.248832 0.248832
0.248832 0.248832 0.248832 0.248832 0.248832 0.248832 0.248832 0.248832 0.248832 0.248832
0.248832 0.248832 0.248832 0.248832 0.248832 0.248832 0.248832 0.248832 0.248832 0.248832
0.248832 0.248832 0.248832 0.248832 0.248832 0.248832 0.248832 0.248832 0.248832 0.248832
0.248832 0.248832 0.248832 0.248832 0.248832 0.248832 0.248832 0.248832 0.248832 0.248832
0.248832 0.248832 0.248832 0.248832 0.248832 0.248832 0.248832 0.248832 0.248832 0.248832
0.248832 0.248832 0.248832 0.248832 0.248832 0.248832 0.248832 0.248832 0.248832 0.248832
0.248832 0.248832 0.248832 0.248832 0.248832 0.248832 0.248832 0.248832 0.248832 0.248832
0.248832 0.248832 0.248832 0.248832 0.248832 0.248832 0.248832 0.248832 0.248832 0.248832
0.248832 0.248832 0.248832 0.248832 0.248832 0.248832 0.248832 0.248832 0.248832 0.248832
0.248832 0.248832 0.248832 0.248832 0.248832 0.248832 0.248832 0.248832 0.1728 0.248832
0.248832 0.248832 0.248832 0.248832 0.248832 0.248832 0.248832 0.248832 0.248832 0.248832
0.248832 0.248832 0.248832 0.248832 0.248832 0.248832 0.248832 0.248832 0.248832 0.248832
0.248832 0.248832 0.248832 0.248832 0.248832 0.248832 0.248832 0.248832 0.248832 0.248832
0.248832 0.248832 0.248832 0.248832 0.248832 0.248832 0.248832 0.248832 0.248832 0.248832
0.248832 0.248832 0.248832 0.248832 0.248832 0.248832 0.248832 0.248832 0.248832 0.248832
0.248832 0.248832 0.248832 0.248832 0.248832 0.248832 0.248832 0.248832 0.248832 0.248832
0.248832 0.248832 0.248832 0.248832 0.248832 0.248832 0.248832 0.248832 0.248832 0.248832
0.248832 0.248832 0.248832 0.248832 0.248832 0.248832 0.248832 0.248832 0.248832 0.248832
0.248832 0.248832 0.248832 0.248832 0.248832 0.248832 0.248832 0.248832 0.248832 0.248832
0.248832 0.248832 0.248832 0.248832 0.248832 0.248832 0.248832 0.248832 0.248832 0.248832
0.248832 0.248832 0.248832 0.248832 0.248832 0.248832 0.248832 0.248832 0.248832 0.248832
0.248832 0.248832 0.248832 0.248832 0.248832 0.248832 0.248832 0.248832 0.248832 0.248832
0.248832 0.248832 0.248832 0.248832 0.248832 0.248832 0.248832 0.248832 0.248832 0.248832
0.248832 0.248832 0.248832 0.248832 0.248832 0.248832 0.248832 0.248832 0.248832 0.248832
0.248832 0.248832 0.248832 0.248832 0.248832 0.248832 0.248832 0.248832 0.248832 0.248832
0.248832 0.248832 0.248832 0.248832 0.248832 0.248832 0.248832 0.248832 0.248832 0.248832
0.248832 0.248832 0.248832 0.248832 0.248832 0.248832 0.248832 0.248832 0.248832 0.248832
0.248832 0.248832 0.248832 0.248832 0.248832 0.248832 0.248832 0.248832 0.248832 0.248832
0.248832 0.248832 0.248832 0.248832 0.248832 0.248832 0.248832 0.248832 0.248832 0.248832
0.248832 0.248832 0.248832 0.248832 0.248832 0.248832 0.248832 0.248832 0.248832 0.248832
0.248832 0.248832 0.248832 0.248832 0.248832 0.248832 0.248832 0.248832 0.248832 0.248832
0.248832 0.248832 0.248832 0.248832 0.248832 0.248832 0.248832 0.248832 0.248832 0.248832
0.248832 0.248832 0.248832 0.248832 0.248832 0.248832 0.248832 0.248832 0.248832 0.248832
0.248832 0.248832 0.248832 0.248832 0.248832 0.248832 0.248832 0.248832 0.248832 0.248832
0.248832 0.248832 0.248832 0.248832 0.248832 0.248832 0.248832 0.248832 0.248832 0.248832
0.248832 0.248832 0.248832 0.248832 0.248832 0.248832 0.248832 0.248832 0.248832 0.248832
0.248832 0.248832 0.248832 0.248832 0.248832 0.248832 0.248832 0.248832 0.248832 0.248832
0.248832 0.248832 0.248832 0.248832 0.248832 0.248832 0.248832 0.248832 0.248832 0.248832
0.248832 0.248832 0.248832 0.248832 0.248832 0.248832 0.248832 0.248832 0.248832 0.248832
0.248832 0.248832 0.248832 0.248832 0.248832 0.248832 0.248832 0.248832 0.248832 0.248832
0.248832 0.248832 0.248832 0.248832 0.248832 0.248832 0.248832 0.248832 0.248832 0.248832
0.248832 0.248832 0.248832 0.20736 0.248832 0.248832 0.248832 0.248832 0.248832 0.248832
0.248832 0.248832 0.248832 0.248832 0.248832 0.248832 0.248832 0.248832 0.248832 0.248832
0.248832 0.248832 0.248832 0.248832 0.248832 0.248832 0.248832 0.248832 0.248832 0.248832
0.248832 0.248832 0.248832 0.248832 0.248832 0.248832 0.248832 0.248832 0.248832 0.248832
0.248832 0.248832 0.248832 0.248832 0.248832 0.248832 0.248832 0.248832 0.248832 0.248832
0.248832 0.248832 0.248832 0.248832 0.248832 0.248832 0.248832 0.248832 0.248832 0.248832
0.248832 0.248832 0.248832 0.248832 0.248832 0.248832 0.248832 0.248832 0.248832 0.248832
0.248832 0.248832 0.248832 0.248832 0.248832 0.248832 0.248832 0.248832 0.248832 0.20736
0.248832 0.248832 0.248832 0.248832 0.248832 0.248832 0.248832 0.248832 0.248832 0.248832
0.248832 0.248832 0.248832 0.248832 0.248832 0.248832 0.248832 0.248832 0.248832 0.248832
0.248832 0.248832 0.248832 0.248832 0.248832 0.248832 0.248832 0.248832 0.248832 0.248832
0.248832 0.248832 0.248832 0.20736 0.248832 0.248832 0.248832 0.248832 0.248832 0.248832
0.248832 0.248832 0.248832 0.248832 0.248832 0.248832 0.248832 0.248832 0.248832 0.248832
0.248832 0.248832 0.248832 0.248832 0.248832 0.248832 0.248832 0.248832 0.248832 0.248832
0.248832 0.248832 0.248832 0.248832 0.248832 0.248832 0.248832 0.248832 0.248832 0.248832
0.248832 0.248832 0.248832 0.248832 0.248832 0.248832 0.248832 0.248832 0.248832 0.248832
0.248832 0.248832 0.248832 0.248832 0.248832 0.248832 0.248832 0.248832 0.248832 0.248832
0.248832 0.248832 0.248832 0.248832 0.248832 0.248832 0.248832 0.248832 0.248832 0.248832
0.248832 0.248832 0.248832 0.248832 0.248832 0.248832 0.248832 0.248832 0.248832 0.248832
0.248832 0.248832 0.248832 0.248832 0.248832 0.248832 0.248832 0.248832 0.248832 0.248832
0.248832 0.248832 0.248832 0.248832 0.248832 0.248832 0.248832 0.248832 0.248832 0.248832
0.248832 0.248832 0.248832 0.248832 0.248832 0.248832 0.248832 0.248832 0.248832 0.248832
0.248832 0.248832 0.248832 0.248832 0.248832 0.248832 0.248832 0.248832 
***
0.248832 0.248832 0.248832 0.248832 0.20736 0.248832 0.165888 0.248832 0.20736 0.248832
0.248832 0.248832 0.248832 0.248832 0.1152 0.248832 0.20736 0.248832 0.248832 0.248832
0.20736 0.248832 0.248832 0.248832 0.248832 0.20736 0.248832 0.248832 0.248832 0.248832
0.248832 0.248832 0.248832 0.248832 0.144 0.248832 0.248832 0.248832 0.248832 0.248832
0.20736 0.248832 0.248832 0.248832 0.248832 0.248832 0.248832 0.20736 0.248832 0.248832
0.144 0.248832 0.248832 0.248832 0.248832 0.248832 0.20736 0.248832 0.248832 0.20736
0.248832 0.248832 0.248832 0.20736 0.144 0.248832 0.248832 0.248832 0.20736 0.20736
0.248832 0.248832 0.248832 0.248832 0.248832 0.248832 0.248832 0.248832 0.248832 0.248832
0.248832 0.248832 0.144 0.248832 0.20736 0.248832 0.248832 0.248832 0.248832 0.20736
0.248832 0.248832 0.20736 0.248832 0.20736 0.248832 0.248832 0.248832 0.248832 0.248832
0.248832 0.248832 0.248832 0.248832 0.248832 0.248832 0.248832 0.248832 0.248832 0.248832
0.20736 0.248832 0.248832 0.248832 0.248832 0.248832 0.248832 0.20736 0.248832 0.248832
0.248832 0.165888 0.20736 0.20736 0.248832 0.248832 0.248832 0.248832 0.248832 0.248832
0.248832 0.248832 0.20736 0.248832 0.20736 0.248832 0.20736 0.165888 0.248832 0.20736
0.248832 0.248832 0.248832 0.248832 0.248832 0.248832 0.144 0.248832 0.248832 0.248832
0.248832 0.248832 0.13824 0.248832 0.248832 0.248832 0.1728 0.248832 0.248832 0.248832
0.248832 0.248832 0.20736 0.20736 0.248832 0.20736 0.248832 0.248832 0.248832 0.248832
0.1728 0.1728 0.248832 0.20736 0.248832 0.1728 0.248832 0.20736 0.248832 0.248832
0.248832 0.248832 0.248832 0.248832 0.1728 0.248832 0.248832 0.20736 0.248832 0.248832
0.248832 0.248832 0.248832 0.248832 0.248832 0.248832 0.248832 0.248832 0.248832 0.248832
0.248832 0.248832 0.20736 0.20736 0.248832 0.248832 0.248832 0.248832 0.248832 0.20736
0.248832 0.248832 0.248832 0.248832 0.248832 0.20736 0.248832 0.248832 0.248832 0.248832
0.20736 0.248832 0.20736 0.248832 0.248832 0.248832 0.248832 0.248832 0.165888 0.20736
0.248832 0.20736 0.20736 0.248832 0.248832 0.248832 0.248832 0.248832 0.248832 0.20736
0.248832 0.20736 0.20736 0.248832 0.20736 0.248832 0.248832 0.248832 0.248832 0.20736
0.248832 0.20736 0.248832 0.248832 0.248832 0.248832 0.248832 0.248832 0.248832 0.248832
0.248832 0.248832 0.248832 0.248832 0.248832 0.248832 0.165888 0.248832 0.248832 0.248832
0.248832 0.248832 0.20736 0.248832 0.248832 0.248832 0.248832 0.248832 0.248832 0.248832
0.248832 0.248832 0.248832 0.20736 0.248832 0.248832 0.248832 0.248832 0.248832 0.248832
0.20736 0.248832 0.248832 0.248832 0.248832 0.248832 0.248832 0.248832 0.248832 0.248832
0.248832 0.248832 0.1728 0.248832 0.248832 0.248832 0.248832 0.248832 0.248832 0.248832
0.248832 0.20736 0.248832 0.248832 0.248832 0.248832 0.20736 0.248832 0.248832 0.1728
0.20736 0.1728 0.248832 0.248832 0.248832 0.248832 0.248832 0.248832 0.248832 0.248832
0.248832 0.20736 0.248832 0.248832 0.248832 0.248832 0.20736 0.1728 0.248832 0.248832
0.248832 0.248832 0.1728 0.165888 0.248832 0.248832 0.248832 0.248832 0.248832 0.20736
0.248832 0.165888 0.248832 0.248832 0.248832 0.248832 0.248832 0.248832 0.248832 0.248832
0.20736 0.248832 0.248832 0.248832 0.248832 0.248832 0.248832 0.248832 0.248832 0.248832
0.248832 0.248832 0.248832 0.248832 0.20736 0.20736 0.248832 0.248832 0.248832 0.20736
0.248832 0.248832 0.248832 0.248832 0.248832 0.248832 0.248832 0.248832 0.248832 0.248832
0.248832 0.20736 0.248832 0.20736 0.248832 0.248832 0.248832 0.248832 0.248832 0.248832
0.20736 0.248832 0.248832 0.20736 0.248832 0.248832 0.1728 0.248832 0.248832 0.248832
0.248832 0.248832 0.248832 0.248832 0.20736 0.20736 0.248832 0.248832 0.248832 0.248832
0.20736 0.248832 0.248832 0.248832 0.248832 0.248832 0.248832 0.248832 0.1728 0.1728
0.248832 0.248832 0.248832 0.248832 0.20736 0.20736 0.1728 0.248832 0.248832 0.248832
0.248832 0.248832 0.248832 0.248832 0.248832 0.248832 0.248832 0.248832 0.248832 0.248832
0.248832 0.248832 0.248832 0.20736 0.248832 0.20736 0.248832 0.20736 0.248832 0.248832
0.248832 0.248832 0.248832 0.248832 0.248832 0.248832 0.20736 0.248832 0.248832 0.248832
0.248832 0.248832 0.248832 0.248832 0.20736 0.248832 0.248832 0.1728 0.248832 0.1728
0.248832 0.20736 0.248832 0.248832 0.248832 0.248832 0.248832 0.20736 0.248832 0.248832
0.248832 0.20736 0.20736 0.1728 0.248832 0.248832 0.248832 0.248832 0.20736 0.248832
0.248832 0.248832 0.248832 0.248832 0.248832 0.248832 0.248832 0.248832 0.248832 0.248832
0.248832 0.20736 0.20736 0.248832 0.248832 0.248832 0.248832 0.248832 0.248832 0.248832
0.248832 0.248832 0.248832 0.20736 0.248832 0.248832 0.248832 0.248832 0.248832 0.248832
0.20736 0.248832 0.20736 0.248832 0.248832 0.248832 0.248832 0.248832 0.165888 0.144
0.248832 0.248832 0.20736 0.248832 0.20736 0.248832 0.20736 0.248832 0.248832 0.1728
0.248832 0.248832 0.248832 0.248832 0.248832 0.20736 0.248832 0.248832 0.248832 0.20736
0.248832 0.248832 0.248832 0.248832 0.248832 0.248832 0.165888 0.248832 0.248832 0.248832
0.20736 0.248832 0.248832 0.248832 0.248832 0.20736 0.20736 0.248832 0.248832 0.20736
0.248832 0.248832 0.248832 0.248832 0.248832 0.248832 0.20736 0.1728 0.248832 0.248832
0.248832 0.248832 0.248832 0.248832 0.248832 0.1728 0.248832 0.248832 0.248832 0.20736
0.248832 0.248832 0.248832 0.248832 0.248832 0.248832 0.144 0.248832 0.248832 0.248832
0.248832 0.248832 0.144 0.248832 0.248832 0.248832 0.248832 0.248832 0.20736 0.248832
0.248832 0.248832 0.248832 0.248832 0.248832 0.248832 0.248832 0.248832 0.248832 0.248832
0.248832 0.20736 0.248832 0.20736 0.20736 0.248832 0.248832 0.248832 0.248832 0.20736
0.248832 0.248832 0.248832 0.248832 0.20736 0.248832 0.248832 0.248832 0.248832 0.248832
0.20736 0.248832 0.248832 0.20736 0.248832 0.248832 0.248832 0.248832 0.248832 0.1728
0.1728 0.248832 0.20736 0.248832 0.248832 0.248832 0.248832 0.248832 0.248832 0.248832
0.248832 0.248832 0.248832 0.248832 0.248832 0.248832 0.248832 0.248832 0.248832 0.248832
0.248832 0.20736 0.248832 0.248832 0.1728 0.248832 0.248832 0.248832 0.248832 0.248832
0.248832 0.165888 0.20736 0.248832 0.248832 0.1728 0.248832 0.248832 0.20736 0.20736
0.1728 0.248832 0.248832 0.248832 0.248832 0.248832 0.20736 0.248832 0.248832 0.248832
0.248832 0.248832 0.20736 0.20736 0.20736 0.248832 0.20736 0.248832 0.248832 0.248832
0.248832 0.248832 0.248832 0.248832 0.248832 0.248832 0.248832 0.248832 0.248832 0.248832
0.248832 0.248832 0.1728 0.20736 0.248832 0.248832 0.20736 0.248832 0.248832 0.248832
0.248832 0.248832 0.248832 0.248832 0.248832 0.248832 0.248832 0.248832 0.248832 0.248832
0.248832 0.248832 0.248832 0.20736 0.248832 0.248832 0.248832 0.248832 0.248832 0.248832
0.248832 0.1728 0.20736 0.20736 0.20736 0.248832 0.20736 0.248832 0.248832 0.248832
0.248832 0.20736 0.248832 0.248832 0.248832 0.248832 0.20736 0.248832 0.248832 0.20736
0.248832 0.20736 0.20736 0.20736 0.248832 0.248832 0.248832 0.248832 0.248832 0.248832
0.20736 0.248832 0.248832 0.248832 0.248832 0.20736 0.248832 0.144 0.20736 0.248832
0.248832 0.248832 0.248832 0.20736 0.20736 0.248832 0.248832 0.248832 0.248832 0.248832
0.248832 0.248832 0.248832 0.20736 0.248832 0.20736 0.248832 0.248832 0.248832 0.248832
0.20736 0.248832 0.248832 0.248832 0.20736 0.248832 0.248832 0.248832 0.20736 0.248832
0.248832 0.248832 0.248832 0.248832 0.248832 0.248832 0.248832 0.248832 0.248832 0.1728
0.248832 0.248832 0.248832 0.248832 0.20736 0.20736 0.248832 0.20736 0.248832 0.248832
0.1728 0.248832 0.20736 0.248832 0.20736 0.20736 0.248832 0.248832 0.144 0.248832
0.248832 0.248832 0.20736 0.248832 0.248832 0.20736 0.248832 0.248832 0.248832 0.1728
0.248832 0.248832 0.248832 0.248832 0.248832 0.248832 0.248832 0.248832 0.13824 0.13824
0.20736 0.248832 0.248832 0.248832 0.20736 0.20736 0.20736 0.248832 0.20736 0.20736
0.248832 0.248832 0.20736 0.248832 0.248832 0.20736 0.248832 0.248832 0.248832 0.248832
0.248832 0.248832 0.248832 0.248832 0.248832 0.248832 0.248832 0.248832 0.248832 0.248832
0.248832 0.1728 0.248832 0.248832 0.248832 0.248832 0.248832 0.1728 0.248832 0.20736
0.20736 0.248832 0.248832 0.248832 0.20736 0.20736 0.248832 0.248832 0.248832 0.248832
0.248832 0.248832 0.248832 0.248832 0.20736 0.248832 0.248832 0.248832 0.248832 0.248832
0.248832 0.248832 0.248832 0.248832 0.248832 0.248832 0.248832 0.248832 0.20736 0.248832
0.248832 0.248832 0.248832 0.248832 0.248832 0.248832 0.248832 0.248832 0.248832 0.248832
0.248832 0.248832 0.248832 0.248832 0.248832 0.248832 0.248832 0.248832 0.248832 0.20736
0.248832 0.248832 0.248832 0.248832 0.248832 0.248832 0.248832 0.248832 0.248832 0.248832
0.248832 0.248832 0.248832 0.248832 0.248832 0.248832 0.248832 0.248832 0.248832 0.248832
0.248832 0.248832 0.248832 0.248832 0.248832 0.248832 0.248832 0.248832 0.248832 0.248832
0.248832 0.248832 0.248832 0.248832 0.248832 0.248832 0.248832 0.248832 0.248832 0.248832
0.248832 0.248832 0.20736 0.248832 0.248832 0.248832 0.248832 0.248832 0.248832 0.248832
0.248832 0.248832 0.248832 0.248832 0.248832 0.248832 0.248832 0.248832 0.248832 0.248832
0.248832 0.248832 0.248832 0.248832 0.248832 0.248832 0.248832 0.20736 0.248832 0.248832
0.248832 0.248832 0.248832 0.248832 0.248832 0.248832 0.248832 0.248832 0.248832 0.248832
0.248832 0.248832 0.248832 0.248832 0.248832 0.248832 0.248832 0.248832 0.248832 0.248832
0.248832 0.248832 0.248832 0.248832 0.248832 0.248832 0.248832 0.248832 0.248832 0.248832
0.248832 0.248832 0.248832 0.248832 0.248832 0.248832 0.248832 0.248832 0.248832 0.248832
0.248832 0.248832 0.248832 0.248832 0.248832 0.248832 0.248832 0.248832 0.248832 0.248832
0.248832 0.248832 0.248832 0.248832 0.248832 0.248832 0.248832 0.248832 0.248832 0.248832
0.248832 0.248832 0.248832 0.248832 0.248832 0.248832 0.248832 0.248832 0.248832 0.248832
0.248832 0.248832 0.248832 0.248832 0.248832 0.248832 0.248832 0.248832 0.248832 0.248832
0.248832 0.248832 0.248832 0.248832 0.248832 0.248832 0.248832 0.248832 0.248832 0.248832
0.248832 0.248832 0.248832 0.248832 0.248832 0.248832 0.248832 0.248832 0.248832 0.248832
0.248832 0.248832 0.248832 0.248832 0.248832 0.248832 0.248832 0.248832 0.248832 0.248832
0.248832 0.248832 0.248832 0.248832 0.248832 0.248832 0.248832 0.248832 0.248832 0.248832
0.248832 0.248832 0.248832 0.248832 0.248832 0.248832 0.248832 0.248832 0.248832 0.248832
0.248832 0.248832 0.248832 0.248832 0.248832 0.248832 0.248832 0.248832 0.248832 0.248832
0.248832 0.248832 0.248832 0.248832 0.248832 0.248832 0.248832 0.248832 0.248832 0.248832
0.248832 0.248832 0.248832 0.144 0.248832 0.248832 0.248832 0.248832 0.248832 0.248832
0.248832 0.248832 0.248832 0.248832 0.248832 0.248832 0.248832 0.248832 0.248832 0.248832
0.248832 0.248832 0.248832 0.248832 0.248832 0.248832 0.248832 0.248832 0.248832 0.248832
0.248832 0.20736 0.248832 0.248832 0.248832 0.248832 0.248832 0.248832 0.248832 0.248832
0.248832 0.248832 0.248832 0.248832 0.248832 0.248832 0.248832 0.248832 0.248832 0.248832
0.248832 0.248832 0.248832 0.248832 0.248832 0.248832 0.248832 0.248832 0.248832 0.248832
0.248832 0.248832 0.248832 0.248832 0.248832 0.248832 0.248832 0.248832 0.248832 0.248832
0.248832 0.248832 0.248832 0.248832 0.248832 0.248832 0.248832 0.248832 0.248832 0.248832
0.248832 0.248832 0.248832 0.248832 0.248832 0.248832 0.248832 0.248832 0.248832 0.248832
0.248832 0.248832 0.248832 0.248832 0.248832 0.248832 0.248832 0.248832 0.248832 0.248832
0.248832 0.248832 0.248832 0.248832 0.248832 0.248832 0.248832 0.248832 0.248832 0.248832
0.248832 0.248832 0.248832 0.1728 0.248832 0.248832 0.248832 0.248832 0.248832 0.248832
0.248832 0.248832 0.248832 0.248832 0.248832 0.248832 0.248832 0.248832 0.248832 0.248832
0.248832 0.248832 0.248832 0.248832 0.248832 0.248832 0.248832 0.248832 0.248832 0.248832
0.248832 0.248832 0.248832 0.248832 0.248832 0.248832 0.248832 0.248832 0.248832 0.248832
0.20736 0.248832 0.248832 0.248832 0.248832 0.248832 0.248832 0.248832 0.248832 0.248832
0.248832 0.248832 0.248832 0.248832 0.248832 0.248832 0.248832 0.248832 0.248832 0.248832
0.248832 0.248832 0.248832 0.248832 0.248832 0.248832 0.248832 0.248832 0.248832 0.248832
0.248832 0.248832 0.248832 0.248832 0.248832 0.248832 0.248832 0.248832 0.248832 0.248832
0.248832 0.248832 0.248832 0.20736 0.248832 0.248832 0.20736 0.248832 0.248832 0.248832
0.248832 0.248832 0.248832 0.248832 0.248832 0.248832 0.248832 0.248832 0.248832 0.248832
0.248832 0.248832 0.248832 0.248832 0.248832 0.248832 0.248832 0.248832 0.248832 0.248832
0.248832 0.248832 0.248832 0.248832 0.248832 0.248832 0.248832 0.248832 
>categories:
0 0
1 1
>mixtureAssignment:
0 1 0 0 0 0 0 0 0 0 0 0 0 0 0 0 0 0 0 0 0 0 0 0 0 0 0 0 0 0 0 0 0 0 0 0 0 0 0 0 0 0 0 0 0 0 0 0 0 0
0 0 0 0 0 0 0 0 0 0 0 0 0 0 0 0 0 0 0 0 0 0 0 0 0 0 0 0 0 0 0 0 0 0 0 1 0 0 0 0 0 0 0 0 0 0 0 0 0 0
0 0 0 0 0 0 0 0 0 0 0 1 1 0 0 0 0 0 0 0 0 0 0 0 0 0 0 0 0 0 0 0 0 0 0 0 0 0 0 0 0 0 0 0 0 0 0 1 0 0
0 0 0 0 0 0 0 0 0 0 0 0 0 0 0 0 0 0 0 0 0 0 0 0 0 0 0 0 0 0 0 0 0 0 0 0 0 0 0 0 0 0 0 0 0 0 0 0 0 0
0 0 0 0 0 0 0 0 0 0 0 0 0 0 0 0 0 0 0 0 0 0 0 0 0 0 0 0 0 0 0 0 0 0 0 0 0 0 0 0 1 0 1 0 0 0 0 0 0 0
0 0 0 0 0 0 0 0 0 0 0 0 1 0 0 0 0 0 0 0 0 0 0 0 0 0 0 0 0 0 0 0 0 0 0 0 0 0 0 0 0 0 0 0 1 0 0 0 0 0
0 0 0 0 0 0 0 0 0 0 0 0 0 0 0 0 0 0 0 0 1 0 0 0 0 0 0 0 0 0 0 0 0 0 0 0 0 0 0 0 0 0 0 0 0 0 1 1 0 0
0 0 0 0 0 0 0 0 0 0 0 0 0 0 0 0 0 0 0 0 0 0 0 0 0 0 0 0 0 0 0 0 0 0 0 0 0 0 0 0 0 0 0 0 0 0 0 0 0 0
0 0 0 0 1 0 0 0 0 0 0 0 0 0 0 0 0 0 1 0 0 0 0 0 0 0 0 0 0 0 0 0 0 0 0 0 0 0 0 0 1 1 1 0 0 1 1 1 1 0
0 0 0 0 0 0 0 0 0 0 0 0 0 0 0 0 0 0 1 0 0 0 0 0 0 0 0 0 0 0 0 0 0 0 0 0 0 0 0 0 0 0 0 0 0 0 0 1 0 0
0 0 0 0 0 0 0 0 0 0 0 0 0 0 0 0 0 0 0 0 0 0 0 0 0 0 0 0 0 0 0 0 0 0 0 0 0 0 0 0 0 0 0 0 0 0 0 0 0 0
0 0 0 0 0 0 0 0 0 0 0 0 0 0 0 0 0 0 0 0 0 0 0 0 0 0 0 0 0 0 0 0 0 0 0 0 0 1 1 0 0 0 0 0 0 0 0 0 0 0
0 0 0 0 0 0 0 0 0 0 0 0 0 0 0 0 0 0 0 0 0 0 0 0 0 0 0 0 1 1 0 0 0 0 0 0 0 0 0 0 0 0 0 0 0 0 0 0 0 0
0 0 0 0 0 0 0 0 0 0 0 0 0 0 0 0 0 0 0 0 0 0 0 0 0 0 0 0 0 0 0 0 0 0 0 0 0 0 0 0 0 0 0 0 0 0 0 0 0 0
0 0 0 0 0 0 0 0 0 0 0 1 0 0 0 0 0 0 0 0 0 0 0 0 0 0 0 1 0 0 0 0 0 0 0 0 0 0 0 0 0 0 0 0 0 0 0 0 0 0
0 0 0 0 0 0 0 0 0 0 0 0 0 0 0 0 0 0 0 0 0 0 0 0 0 0 0 0 0 0 0 0 0 0 0 0 0 0 0 0 0 0 0 0 0 0 0 0 0 0
0 0 0 0 0 0 0 0 0 0 0 0 0 0 0 0 1 1 0 0 0 0 0 0 0 0 0 0 0 0 0 0 0 0 0 0 0 0 0 0 0 0 0 0 0 0 0 0 0 0
0 1 0 0 0 0 0 0 0 0 0 0 0 0 0 0 0 0 0 0 0 0 0 0 0 0 0 0 0 0 0 0 0 0 0 0 0 0 0 0 0 0 0 0 0 0 0 0 0 0
0 0 0 0 0 0 0 0 0 0 0 0 0 0 0 0 0 0 0 0 0 0 0 0 0 0 0 1 1 0 0 0 0 0 0 0 0 0 0 0 0 0 0 0 0 1 0 0 0 0
0 0 0 0 0 0 0 0 0 0 0 0 1 1 0 0 1 1 1 0 1 0 1 1 1 1 1 1 0 1 1 1 1 1 1 1 1 1 1 1 1 1 1 1 1 0 1 1 1 1
1 1 1 1 1 1 1 1 1 1 0 1 0 1 1 1 1 1 1 1 1 1 1 1 0 1 1 1 1 0 1 1 1 1 1 1 1 1 1 1 1 0 1 1 0 0 1 1 1 0
1 1 1 1 1 1 1 1 1 1 1 1 1 1 1 1 0 1 1 1 1 1 1 1 0 1 1 1 1 1 1 1 1 1 1 1 0 1 1 1 1 1 1 1 1 1 1 1 1 1
1 1 1 1 1 1 1 1 1 1 1 1 1 1 1 1 1 0 0 1 1 1 1 1 1 0 1 1 1 1 1 1 0 1 1 1 1 1 1 1 1 1 1 1 1 1 1 0 0 0
1 1 1 1 1 1 1 1 1 1 1 1 0 1 1 1 1 1 1 1 1 1 1 1 1 1 1 1 1 1 1 1 1 1 1 1 1 1 1 0 0 1 1 1 1 1 1 1 1 1
1 1 1 1 1 1 1 1 1 1 1 1 0 0 1 1 1 1 1 1 1 1 1 0 1 1 1 1 1 1 1 1 1 1 1 1 0 1 1 1 1 1 1 1 1 1 1 1 1 1
1 1 1 1 1 1 1 1 1 0 1 1 1 1 1 1 1 1 1 1 1 1 1 1 1 1 1 1 1 1 1 1 1 1 1 1 1 1 1 1 1 1 1 1 1 1 1 1 1 1
1 1 0 1 1 1 1 1 1 1 1 1 1 1 1 1 1 1 1 1 1 1 1 1 1 1 1 1 1 1 1 1 1 1 1 0 1 1 1 1 1 1 1 1 1 1 1 1 1 1
1 1 1 1 1 1 0 1 1 1 1 1 1 1 1 1 1 1 1 1 1 1 1 1 1 1 1 1 1 1 1 1 1 0 0 1 1 1 1 1 0 1 1 1 1 1 1 1 1 1
1 1 1 1 1 0 1 0 1 1 0 1 1 1 0 1 0 1 
>numMutationCategories:
2
>numSelectionCategories:
2
>categoryProbabilities:
0.683179 0.316821 
>selectionIsInMixture:
***
0 
***
1 
>mutationIsInMixture:
***
0 
***
1 
>currentSynthesisRateLevel:
***
0.358046 1.42116 0.565014 0.766563 1.58837 0.85147 1.01804 0.150339 2.39876 0.350023
0.842098 0.711381 0.885327 0.67317 0.883999 0.158544 0.624229 1.01165 0.332036 0.512438
0.890887 1.24672 0.862003 0.209395 1.37771 0.406869 0.553872 1.98914 0.885375 0.838698
1.52829 0.339995 0.796528 0.538504 0.356297 0.956001 0.590248 0.342636 0.957535 1.31263
1.20651 0.225163 0.263284 0.41044 0.592041 0.365882 0.559655 0.796855 0.363461 0.352625
0.563519 1.02695 0.727513 0.899742 0.68218 1.35129 0.333819 0.463079 0.629056 0.847038
0.350719 0.299433 0.35102 0.980917 0.467761 0.563874 0.519121 0.693144 0.870579 0.47798
2.74307 0.507962 1.36125 1.50561 0.462919 0.390777 0.823485 0.9723 1.62055 2.15679
0.437368 1.60384 2.42016 0.786568 0.358607 0.835971 0.903817 0.69783 0.497692 0.918373
0.295423 0.985627 2.86653 0.244898 2.65007 0.132424 2.34325 0.627524 0.93929 0.542682
0.183527 0.590158 1.30719 0.892757 0.448993 0.205873 0.369564 0.545403 1.22778 0.492091
0.763536 0.992984 0.366647 0.4766 2.16678 5.85604 1.74154 0.403994 0.645937 0.364305
0.23877 0.454278 1.12487 1.30194 0.24644 1.31448 0.808754 0.553353 1.0199 0.449605
1.34829 0.29596 0.466554 0.22072 0.628415 0.260386 4.70268 0.67353 0.796691 1.975
0.196337 0.244803 1.28979 1.18733 0.123274 1.32593 2.82496 0.599168 0.166873 0.690888
0.764467 0.382646 1.80129 0.502866 1.70164 0.931855 0.280523 1.03982 1.38914 0.368061
0.292627 0.24595 0.639885 0.951201 0.258919 1.26738 0.649416 6.19307 0.294314 2.47469
1.21839 0.580456 0.932802 0.874842 0.295173 0.493267 0.85927 1.21786 1.24594 1.50964
0.765145 0.590789 0.472261 0.625091 1.0702 0.38215 0.649786 0.627266 0.48034 0.20923
0.732307 1.692 0.939249 2.75603 1.23835 0.451139 0.141161 0.296955 0.608622 0.251027
0.771707 7.58053 1.15361 1.81488 0.251196 0.0991635 0.482953 1.76431 0.163832 0.537369
0.726554 0.580329 0.595167 0.434418 0.532115 0.849356 0.421833 0.571298 0.945634 0.204988
0.383937 1.57397 0.628475 1.46806 0.542646 0.713933 0.400087 0.864496 0.651403 0.354644
1.09701 0.755078 0.563041 0.247332 0.40466 0.272796 0.602816 1.02705 0.551434 0.762422
1.2913 1.32822 1.35112 3.16764 1.15501 1.13114 0.209464 1.46113 0.49015 1.54578
0.649652 1.15969 2.13561 0.904387 0.582196 0.922954 8.23871 0.540801 0.289873 2.58701
0.444506 1.23264 1.52714 0.141245 0.499361 0.478395 0.481848 0.235874 0.575504 1.15585
0.365686 0.864931 0.350962 0.540843 0.316932 0.542665 0.340082 0.906569 0.441843 1.34486
0.649898 0.583894 0.836682 1.30093 0.551218 1.25672 8.21481 1.86205 0.535197 0.160243
0.520243 0.197836 0.986216 0.838278 1.25755 0.430209 1.39581 3.9211 0.455823 0.527348
0.409225 0.833212 2.96069 0.532603 0.214043 0.714767 0.6185 0.64976 0.371465 0.617516
0.811011 2.93601 0.489468 0.507686 0.365283 1.58253 0.382681 0.713214 1.27895 0.564725
2.96973 0.410025 0.633933 3.06627 0.258715 2.28267 0.333548 4.32407 0.866928 1.02222
0.541592 0.577672 0.376377 1.6029 7.76611 0.683035 0.507278 1.34771 1.1417 0.643499
0.6464 0.117683 0.628921 0.672035 1.30387 0.623603 0.877908 1.23882 0.560546 0.713626
0.442721 0.629258 0.87774 0.982666 0.454808 0.408801 0.780385 0.899128 1.10322 0.390131
0.977182 1.20628 0.796281 0.439903 0.410599 0.290732 0.797262 0.726746 6.32933 0.535825
0.754614 0.931798 0.706267 1.78284 1.09335 0.697149 1.21753 0.246281 0.641391 0.610534
1.6316 0.23204 0.894926 0.555806 1.84327 0.817935 0.926886 0.554542 0.568478 1.2074
0.470991 1.07313 0.879452 2.1891 0.853683 0.219925 0.21158 0.299216 0.608272 1.19906
0.506544 1.03814 0.667255 2.30614 0.869586 0.327846 0.590466 0.614918 0.487702 0.575984
0.33645 2.1573 0.752353 0.680603 2.04268 0.606852 0.514531 0.813606 3.6019 1.32101
1.469 1.05866 0.586797 0.838554 0.350271 0.595778 0.551622 1.32335 0.512393 1.51231
0.118531 1.0299 0.89968 0.326633 1.58217 1.20155 0.750021 0.329788 4.45907 0.257601
0.44287 0.787108 0.325217 0.112194 0.669146 0.101945 0.11865 0.377396 0.295444 0.775736
0.50886 0.710452 0.271821 1.68319 0.21307 1.01866 0.197914 0.820765 2.25786 1.18962
0.257904 0.793118 0.326701 0.541604 0.206482 0.290241 0.719747 0.276507 4.2138 8.64764
1.45846 0.503969 0.168645 0.37498 0.65769 2.03362 0.655236 1.94952 0.559709 0.495936
0.403116 0.207633 5.35864 0.827077 1.94486 0.314806 2.07901 0.739078 0.261167 0.591487
6.56667 0.472049 2.04296 0.487921 0.378236 0.878071 0.406659 1.86406 5.02192 0.223601
0.294816 0.405049 0.256145 0.327258 0.362097 0.508489 1.83008 0.559486 0.486905 0.136075
0.438592 0.406207 0.54973 0.364595 0.293676 0.378615 2.75029 0.0361512 0.0879926 0.976321
0.737665 0.0499959 0.315689 2.81583 1.37873 0.541942 0.266476 0.236395 1.292 3.15792
0.609947 0.410484 0.496091 0.848692 0.871724 0.269914 1.0585 1.16785 0.925411 0.820155
1.5792 0.367452 1.17075 0.329242 0.267062 0.647433 0.711077 1.28619 0.24733 1.20426
0.568637 0.576668 0.268175 0.279498 0.469612 0.648991 0.303384 2.32574 0.228863 0.903258
0.42944 0.189174 0.475362 1.07047 0.589943 0.929088 0.997642 0.150931 1.16624 0.610603
1.00784 0.555188 1.45364 0.61681 0.245147 0.579301 0.260209 0.134645 1.95057 0.415921
0.246445 1.03248 0.0651431 0.751892 0.546827 0.952685 1.17693 1.66499 1.43386 0.931202
0.35238 0.541654 0.623255 7.05993 0.881115 0.668495 0.885108 0.796711 0.738147 0.572924
0.683897 0.332654 0.581726 6.4234 0.226852 0.843153 2.1315 0.432997 0.650874 6.66722
0.519929 0.482697 1.27722 1.98224 0.572127 0.953813 1.2303 0.390103 0.567152 0.230911
0.842288 0.983642 0.280628 0.192 4.74194 0.236238 0.640301 9.5412 0.116895 0.524291
0.270808 1.42341 0.151486 0.765385 3.13406 0.348129 0.431215 0.522122 0.692297 0.908875
0.652019 0.400246 1.80282 0.542815 0.61409 0.184859 0.76434 0.434868 0.872152 0.314912
1.78013 3.21372 1.18754 0.841847 0.94845 0.418151 0.235618 1.18359 2.01547 0.491285
0.930945 0.376821 0.736164 0.598745 1.02891 0.292584 0.695032 0.25214 1.957 0.552521
0.332317 3.38719 0.871191 9.42359 0.637505 0.957778 1.14999 1.79955 1.42687 1.32155
1.06389 2.04755 0.383062 0.289567 0.862346 0.693815 0.279313 1.46091 0.774638 3.92682
1.98911 2.21717 0.832549 0.798173 0.387981 0.328891 2.3072 0.177283 1.28458 0.583699
1.45557 0.633061 5.91971 2.37218 0.888579 0.312828 0.486099 6.28505 0.304483 0.613942
0.727593 2.11475 0.537324 0.463915 0.851223 0.742749 0.399524 0.864834 1.49483 0.850027
0.52568 0.39145 0.371414 0.227224 2.49719 4.36684 0.260429 0.642731 0.871206 0.5543
0.461615 0.524702 0.351453 0.418388 0.350758 0.649834 0.553194 0.701399 0.32535 0.624296
0.142139 1.2565 1.52769 0.316261 0.507955 0.677466 0.500322 0.383196 1.31863 3.25469
0.540701 0.275515 0.16117 0.322969 1.01834 0.687339 0.338607 2.39164 0.569424 1.10236
0.433424 0.857809 0.748498 1.34694 0.662167 1.24617 3.22203 0.556947 0.312049 0.211956
2.55601 0.224538 0.190429 5.61942 0.500579 1.41647 2.72557 0.392302 0.702678 0.45458
0.500625 1.27598 0.549306 2.59486 0.177376 0.499826 0.164067 0.490128 0.629986 1.20771
0.604837 0.382224 0.580159 0.324313 0.375932 0.522926 0.769898 0.426296 0.654061 0.514432
1.1619 0.308012 0.194879 0.496685 0.617453 0.819643 1.83599 1.09348 1.71851 1.15631
0.708396 0.301062 6.0112 1.39414 0.340368 0.552552 2.88762 0.450225 0.0839912 0.493813
0.566813 0.528949 0.120939 0.292815 0.609762 0.759107 0.346555 0.477672 3.18301 6.94598
8.21978 0.332074 1.39068 0.317163 0.356063 0.315527 0.35372 0.778529 0.270935 0.53516
0.642118 0.723871 0.0795873 0.448455 0.672872 0.954986 0.392186 0.832782 0.367543 1.705
0.741287 1.54284 0.44682 1.11325 0.843911 1.61727 0.263804 0.429722 1.09969 2.3352
0.606351 0.612285 0.39959 2.40232 0.390827 0.606042 0.260746 0.393494 2.16184 0.312591
0.584027 0.825086 1.14493 0.498493 0.967642 0.46607 0.222158 2.02201 2.24696 2.37199
1.55702 0.813285 1.52868 0.557626 0.350939 7.40777 1.61334 0.700752 0.369844 0.233487
0.399689 0.0862396 0.325302 0.575266 1.21655 1.09799 0.495384 0.16156 0.653561 0.648047
0.569804 0.237194 0.0894815 0.564045 0.166779 0.539597 0.77865 0.717523 0.55381 0.678966
1.27373 0.428453 0.374865 3.28061 1.06715 0.669983 0.477657 1.15486 0.306894 0.435229
1.78306 0.517246 0.510023 0.164168 0.933623 0.87669 0.437717 0.286317 2.13325 0.661773
1.35221 0.424964 0.746482 0.597401 1.21084 0.756528 0.484672 0.619978 8.26923 0.233971
1.06193 0.47296 0.524398 0.648072 0.382404 0.613855 2.60355 0.75341 1.87836 1.07525
0.702686 0.336742 0.39105 0.186792 0.566328 0.695957 0.530708 0.691621 0.435753 0.218527
0.287241 0.05093 0.897298 1.64031 0.123393 0.315741 0.390777 1.27127 0.745716 0.944925
1.04271 0.333174 2.29488 0.965333 0.111317 0.51566 1.00581 1.2316 1.53032 0.505111
0.280057 0.830773 0.067679 0.167298 0.470843 1.29813 1.0269 0.243904 0.101597 3.16014
1.47881 0.714657 0.151287 0.288493 0.694486 0.11842 0.472664 0.700321 0.572281 0.450183
0.460159 0.735466 0.623735 0.495825 2.61694 0.441742 0.568734 0.254869 0.48877 1.26804
1.57605 0.0540907 4.32134 1.25503 0.191589 0.660453 0.133956 0.30638 0.232739 0.376684
0.982002 0.142679 0.966825 1.08239 0.237341 0.106348 0.203834 0.451525 1.4244 0.155365
2.38869 0.660123 0.590517 0.498999 0.511226 0.969295 0.188163 4.30069 0.108977 0.365583
0.746258 5.3711 1.05983 0.269808 0.675919 0.533763 0.267066 1.6116 0.579931 0.148718
0.831544 0.217037 0.44492 0.174741 0.455892 0.244789 0.390605 0.183941 0.139212 0.0875405
0.634522 0.903603 0.227382 0.198062 0.514753 0.406886 0.376149 0.186822 0.0733502 0.0983388
0.277716 0.662161 0.544402 0.797708 0.167035 0.674255 0.42357 0.51945 0.44672 0.36166
0.368539 0.0758656 0.502921 0.148191 0.242833 0.120009 0.588402 0.173459 0.28344 0.233478
0.0682729 1.35955 0.121452 0.263391 0.127547 0.25083 0.0883482 0.223619 0.105651 0.0739353
1.63428 0.0891738 0.27458 0.759263 0.688689 0.173534 0.118917 0.82644 0.167581 0.320112
0.535949 0.423185 0.705893 0.345481 0.352293 3.04812 0.6337 0.434194 0.247197 0.138551
0.24242 0.0798676 0.870476 0.107805 0.156767 1.67964 0.108368 0.245656 0.475375 0.178339
0.187801 0.446805 0.471192 0.329754 0.290558 0.286883 1.11827 0.360541 0.0662376 0.263478
0.490091 0.810363 0.199709 0.168168 0.0980211 0.0535472 0.613352 4.13569 6.94623 3.37365
0.267282 0.330072 0.177128 0.222669 1.09183 0.648138 0.268832 0.428026 0.272908 0.612479
0.21331 0.364095 5.59516 0.182742 0.580307 0.25209 0.138256 0.398106 0.278024 1.16847
1.20189 0.106494 0.193281 0.124934 1.31354 1.93715 4.05567 0.264955 1.27771 0.218917
0.17734 0.374652 1.02252 0.425116 0.196053 0.294009 0.359289 0.125539 0.117798 4.19336
4.41152 0.163043 0.546545 1.91791 2.16106 0.155716 0.32777 0.234395 0.313468 1.31584
0.859916 0.375325 0.137141 0.164733 0.118578 0.292132 0.446596 0.452906 0.256403 0.354773
0.51843 0.239574 0.33304 0.103709 1.1256 0.415823 1.68563 0.189266 0.355873 0.0986976
0.246103 6.18185 0.155565 6.01991 0.4438 0.202685 0.0749552 0.0955097 0.878986 0.618647
0.124246 0.0540004 0.518464 0.897733 0.246924 0.355198 0.256105 0.191554 0.508911 0.128473
0.551295 0.410646 0.340825 0.745459 0.59571 0.569062 1.01205 0.654127 0.23643 0.308909
0.910367 1.31176 0.190825 0.239417 0.174635 1.07855 0.126742 2.40811 0.117482 0.324295
0.233776 0.0535332 0.169846 0.303647 0.289981 0.1166 0.691305 0.112543 0.398509 2.57148
0.0806147 2.51045 0.427789 0.247335 0.672961 0.605622 0.208414 0.548611 0.5594 0.189097
0.110197 1.28793 0.218992 0.196887 0.326389 0.396557 0.304326 0.650549 0.864076 3.13954
0.210322 0.287873 1.72644 0.170342 0.413151 0.0890838 1.47206 0.120351 0.106597 0.840718
0.209917 0.654639 0.516799 2.13884 1.41987 0.563123 0.32391 0.467687 0.241711 0.730196
1.54572 0.379705 0.212879 0.0937168 0.240443 0.462556 0.141218 0.182438 0.123525 0.471564
0.303802 0.750173 0.302946 0.112443 0.150686 0.628289 0.164762 0.856091 0.152197 0.749174
0.782932 0.523264 0.22275 0.665673 0.200926 0.483243 0.409604 1.28277 0.540319 0.270744
1.1057 0.43316 0.150659 0.437192 0.817695 0.406493 1.02686 0.105418 1.30629 0.714968
0.508099 0.429488 0.650117 0.848256 0.43385 0.382849 0.151248 0.240581 0.355461 0.351721
0.568815 0.937374 0.131093 0.624208 0.272895 0.0902772 0.203996 0.713219 0.177301 1.11218
0.646987 0.348545 0.651909 0.253948 0.534198 0.49769 1.24334 0.420136 0.176749 1.1271
0.37134 0.200468 1.0814 6.26406 11.7344 0.0916276 1.09672 0.841165 2.11462 0.85935
0.27326 0.233259 0.695439 0.413798 0.454048 2.00783 0.316314 0.589453 0.864408 0.298779
4.71305 0.413544 0.201837 0.362514 0.458043 0.245714 1.28434 4.05383 0.873153 0.537386
0.273545 0.421623 1.21899 1.02983 0.252659 0.615092 0.495378 0.0878987 
***
1.58106 2.02795 2.58841 2.02238 2.99318 2.18027 2.20342 1.38863 4.27094 1.71281
2.32329 1.91763 2.1509 1.91362 2.22732 1.75131 1.92825 2.2483 1.67396 2.44131
2.26184 2.31723 2.22989 1.48743 2.68455 1.72945 1.73118 2.68072 2.38436 1.73626
2.66322 1.68187 1.4582 1.74968 1.76295 2.66918 2.39931 1.6852 2.65039 2.1525
2.35849 1.69995 2.57496 1.74172 1.8421 1.68973 2.03033 1.83904 2.62299 1.68474
2.04239 2.19231 2.24363 2.01107 1.25445 2.32026 1.37997 1.78127 1.92232 2.10581
2.43532 1.88226 1.60282 1.97262 2.00154 1.64888 2.0149 1.79491 2.37989 1.82587
3.54155 1.89499 1.61809 2.41269 1.5663 1.77211 1.98126 1.99795 3.0318 2.92204
1.84492 2.48576 3.23522 1.98415 1.54291 1.45094 1.69511 1.86157 1.93551 2.08668
1.80305 2.02636 3.27605 2.02554 3.44191 1.31486 2.67328 1.88475 1.91717 1.80947
2.0374 2.03328 2.31371 1.85284 1.3536 1.65643 1.80059 1.80997 2.61859 1.68405
1.81632 2.13661 0.762966 1.40848 2.99129 4.52898 2.55791 2.11028 1.32046 1.62619
1.19637 1.84752 2.41372 2.42418 1.61462 1.98551 2.0404 2.31262 2.1639 2.00153
2.25333 1.56833 1.74925 1.79342 2.03761 1.64573 3.98397 1.72819 2.67321 3.1089
2.25763 1.84803 2.43273 3.0082 1.58716 2.33545 3.60907 1.29626 1.37379 1.70244
2.17434 1.73094 2.86098 1.82094 3.68231 2.42054 1.74389 2.14858 2.86607 1.50571
1.9201 1.88214 1.69899 1.98805 1.87478 2.48522 1.46156 4.80236 1.81234 4.11817
2.66844 2.02527 2.36185 2.39795 2.0292 2.23211 2.02561 2.66327 2.70959 2.49248
2.13419 1.98618 1.65307 1.9137 2.64846 2.19821 2.03763 1.99976 1.35057 1.59199
2.09773 2.22691 1.93871 3.51298 1.79584 1.56067 1.06875 1.39103 2.01144 1.68809
1.79911 6.27641 2.09538 3.0799 1.97185 1.1501 1.52494 3.53046 1.60757 2.09246
2.3397 1.95535 2.1926 1.97938 2.18452 2.29364 1.71825 2.11026 1.95009 1.74665
1.94924 1.96742 1.9603 1.95308 1.99755 1.82292 1.91371 1.92335 2.2575 1.79756
2.09618 2.29415 2.0166 1.86889 1.63349 1.76029 1.73924 2.08639 1.1949 1.92934
1.47939 2.32373 1.90477 3.77747 2.38291 2.60166 1.4804 2.64554 2.339 2.62064
1.99059 2.28319 2.89546 2.39943 1.82313 2.64748 6.50427 1.66073 1.33307 2.52986
1.48316 2.67112 2.24994 1.13948 2.13031 2.20854 1.8084 1.66351 2.25021 2.10263
1.60933 2.17357 1.70774 2.19558 2.12679 1.61516 1.65086 1.98139 1.62917 2.19382
1.99739 2.03439 1.92968 2.61503 1.85285 2.208 5.09615 2.69164 1.80423 2.29782
1.81178 1.7368 2.47462 1.84045 1.96315 1.77449 2.16671 3.70437 2.09166 2.1163
2.02888 2.46073 3.52383 2.01992 1.42312 2.21004 2.14777 1.96219 1.78673 2.22448
1.85449 3.5862 1.75237 1.5192 1.67592 2.7218 1.61057 1.44742 2.56971 1.90347
3.34712 1.70168 2.02813 3.34965 1.56967 3.14083 1.37583 6.09676 1.94504 2.29018
1.89257 2.09226 1.63013 2.85183 6.71784 2.5115 2.17604 2.71276 1.86549 1.78447
1.40101 1.25117 1.98423 2.0714 2.24804 1.75663 1.13167 1.69579 2.03613 1.86638
2.07323 1.86227 2.21943 2.08475 1.83653 2.33673 2.0712 1.61632 1.88701 1.68992
2.41956 2.65559 2.39102 1.91648 2.60637 1.76177 1.94545 2.1858 5.10356 2.03779
2.02972 2.01849 2.76855 2.71238 2.76698 1.92649 2.14826 1.57492 2.44592 2.00655
2.69135 1.73749 2.08456 2.07339 3.67088 2.2513 1.6422 1.95731 1.62753 2.13951
1.873 2.05308 1.49232 2.52984 2.07757 1.0993 1.48696 1.24402 1.37388 2.10146
1.53788 1.96751 1.98015 3.10655 1.54421 1.65131 1.91195 1.74663 1.57801 1.79798
1.23047 2.67026 2.39376 1.92222 2.53801 1.79756 2.24251 2.46689 4.21244 2.13285
2.57038 2.29092 2.08351 1.76523 2.16295 2.09465 2.14241 2.13656 1.79425 2.51942
1.39172 2.2216 2.15358 1.00237 2.69992 2.29557 2.12299 2.00953 4.87282 1.80134
1.27998 1.22986 0.502347 0.732195 1.59527 0.350983 0.354696 0.730438 1.23854 1.38369
1.59117 1.70129 1.05325 2.93868 1.53333 2.684 1.61639 2.00036 3.12222 2.70871
1.49952 1.81705 1.55568 1.88272 1.62267 2.10526 2.287 2.14084 3.7393 6.28494
2.32487 1.57733 2.28899 1.98823 2.03585 2.53759 2.10009 3.5964 2.34854 2.19812
2.11684 1.68817 5.39862 1.79324 2.80358 1.99501 3.59845 2.11838 1.66983 2.34921
4.73395 1.91933 3.22081 2.01237 1.49294 2.039 1.84069 1.93107 3.91375 1.45538
1.57073 1.48279 1.40982 0.627423 1.54234 2.33319 2.73097 1.91951 2.1591 1.77462
1.69717 1.97943 1.98769 1.38553 1.7022 2.55046 3.40424 1.72046 0.808521 2.45667
1.93238 1.48171 1.73333 3.3515 1.82017 2.25475 1.68228 1.74433 2.04776 4.11668
1.78042 1.28855 1.95783 1.9103 2.27679 1.51472 2.30017 1.98376 2.24654 2.23573
2.52985 2.07437 2.23857 1.97869 2.04178 1.71257 2.11738 2.57883 1.85621 2.53587
1.97462 1.75136 1.42043 1.62816 1.69077 2.04653 1.96616 3.69735 1.74737 2.22544
1.87977 1.89793 1.96525 2.49891 2.01544 2.52114 2.50828 1.69176 2.17337 2.14478
2.37376 1.87713 2.63683 1.77418 1.93362 1.76667 1.72066 1.29882 2.92277 1.60287
1.77373 2.20865 0.469085 1.50412 1.47984 2.0408 2.41981 2.20393 1.69846 1.79666
1.68139 1.3267 2.00126 4.79753 2.25671 2.18815 2.27042 1.97893 2.00385 1.99513
2.32517 1.78128 1.51287 4.88476 1.74574 1.12806 3.27676 2.09917 2.38445 5.01335
1.78944 1.40179 2.38391 3.04822 1.77921 2.19674 2.02191 1.44421 1.96467 1.85795
1.79983 1.94891 1.4924 1.25441 3.63772 1.17516 1.87099 5.07911 0.688574 1.38387
0.957268 2.48771 1.69177 1.78912 4.00327 1.36902 1.53102 2.21523 1.30354 2.03254
1.91043 1.77945 3.18932 1.90008 2.05861 1.7874 2.28951 1.49658 2.38204 1.85018
3.28557 3.34681 1.59748 2.03837 2.1411 1.22431 1.17944 1.46431 2.65771 1.74473
2.5041 2.11304 1.95622 2.05649 2.10478 1.3255 2.07313 1.61076 3.20917 1.73445
1.77293 4.46046 2.09362 5.58335 1.6573 1.80025 1.80035 2.8333 2.40072 2.19888
1.65252 2.7701 1.45256 1.96774 2.27715 1.86995 1.69867 2.28522 1.64048 4.39772
3.14721 3.26712 2.29606 1.93172 1.92764 1.88429 2.70857 1.56506 2.38243 1.91478
2.98673 1.98051 5.55077 2.7375 1.84616 0.843869 1.81851 6.05829 1.51179 2.11952
1.55327 2.14016 1.71849 2.349 2.18239 2.05837 1.78236 1.94175 1.91816 2.05455
2.15569 1.74426 1.67832 1.46158 3.53861 4.17345 0.39958 1.15401 2.28184 1.75014
1.95079 1.95643 2.05364 1.88544 1.79083 2.14211 2.05113 1.8216 1.64873 1.77914
1.50739 2.16767 2.39363 1.86865 2.16247 1.95077 1.78869 1.38458 2.33977 4.03745
1.57242 2.15828 1.97017 1.83537 2.56932 1.93507 1.88242 3.52346 1.95874 2.57105
2.60998 2.3095 2.15333 2.75676 1.77385 2.29786 3.89872 2.01379 1.27532 0.937478
3.55914 2.12943 1.39794 6.60835 2.11271 3.19306 3.72083 2.49171 2.09656 2.01055
1.82369 2.49521 2.07834 3.98662 1.16247 1.4214 1.79762 2.0694 2.12772 2.59208
1.51945 1.34795 1.84188 1.63301 2.01632 1.958 1.54736 2.0359 1.89545 1.4779
2.21653 1.43191 1.58732 1.87118 1.71591 2.11663 3.14974 2.35394 1.86265 2.30731
1.75886 1.31679 6.2689 2.64569 2.02918 1.7674 3.05337 1.13541 1.25704 1.66917
2.04779 1.68765 1.20873 1.67174 2.14632 2.01005 1.60155 1.88652 3.62306 4.37453
6.17402 1.88992 1.90221 1.43349 1.6393 1.40659 1.7193 2.03492 1.48875 1.91416
1.853 1.72351 1.90468 1.81128 2.22902 1.92407 1.3271 2.1448 1.65095 2.65177
1.92409 1.90769 1.74309 2.28268 2.43052 2.96725 2.0793 1.77323 2.44639 2.62319
2.12982 2.23665 1.73499 2.77814 1.71526 1.93644 1.91188 2.17141 3.33994 2.03065
1.37758 2.00148 2.27999 1.92883 2.36997 1.54264 1.55546 2.06854 3.59906 3.64116
3.24711 2.12382 2.40357 1.40163 1.69165 6.10988 2.36798 1.79477 1.99637 1.72366
1.83416 1.75094 1.75941 2.06598 2.46219 2.40829 1.86232 1.35118 1.91833 1.64661
1.20477 1.81385 1.45566 1.7014 1.0253 1.8272 1.43096 1.87608 1.76657 1.85137
2.2755 1.92642 2.33225 3.58368 2.10061 2.06724 1.77357 2.2304 1.88721 1.71973
2.88686 2.12949 2.02964 1.6899 2.573 2.47297 1.59238 0.88508 2.26378 1.93374
2.45667 1.40955 1.94349 1.94281 2.51287 2.00752 1.81709 1.54154 4.87327 1.42711
2.18925 1.87429 1.79801 1.87578 1.34336 0.835164 3.27738 1.96418 3.11165 2.25628
2.27983 1.65842 1.75452 1.88815 1.63778 1.70914 1.68305 1.70478 1.26557 1.26045
1.62738 0.615655 0.928049 1.58636 1.07829 1.27642 1.00766 1.80218 1.40258 2.00045
1.57212 1.17085 2.63019 1.26244 0.265497 1.13518 1.25443 1.29934 2.36781 0.59058
0.857742 1.1692 0.252011 0.72834 0.619708 1.30715 0.746239 0.510012 0.874557 2.81866
1.50616 0.690552 0.449392 0.755731 0.967619 1.03684 0.600217 1.11837 1.22612 0.702715
0.460256 1.33816 0.926332 0.890479 2.01234 1.10382 1.03406 0.459515 0.575536 1.3679
2.00992 0.182528 3.69901 2.04443 0.126746 1.10934 0.478556 0.450143 0.237439 0.914421
0.847641 0.615233 1.32989 1.7768 1.3231 0.30332 0.533257 1.03457 1.65522 1.09
1.46838 0.75165 0.879374 0.87918 1.108 1.13351 0.572839 3.15614 0.603312 0.419716
0.992912 5.82319 1.47703 0.542873 1.45159 1.28002 0.940966 1.40969 0.959082 1.00275
0.719417 0.579797 0.753914 0.5112 0.875337 0.542654 0.720004 0.266784 0.116004 0.135247
0.77801 0.772562 0.452283 0.447763 1.01964 0.718869 1.83997 0.294325 0.115051 0.425473
0.576776 0.865753 0.793693 0.648055 1.46994 0.629337 0.161758 0.198232 0.774961 0.169522
0.846557 0.125777 0.506695 0.544492 0.403296 0.0334882 1.34737 0.516777 0.345795 0.810136
0.250209 0.669983 0.818546 0.566747 0.257606 0.136513 0.147169 0.495191 0.155856 0.184634
1.61614 0.175383 0.464073 0.678303 0.942697 0.294494 0.409519 0.651854 0.514838 0.388379
0.440442 0.417696 0.48712 0.946028 0.593076 2.96025 0.872994 2.00379 1.37144 0.404835
0.433161 0.318308 0.851977 0.266919 0.801525 2.47942 0.476331 0.346188 0.473045 0.152616
0.0117349 0.920083 1.31264 0.589774 0.603579 0.384612 1.05374 0.424701 0.293375 0.674125
0.503851 0.964304 0.77692 0.267456 0.0894769 0.0907418 0.946163 4.64131 4.3869 3.76474
0.216809 0.411622 0.492648 0.412353 1.52428 0.204987 0.231088 0.473212 0.399938 0.456804
0.875005 0.928618 5.4554 0.246778 1.04417 0.515089 0.614542 0.617501 0.131547 1.6679
1.34682 0.80725 0.317443 0.0888105 1.4709 1.46283 3.63308 0.333926 1.20436 0.326697
0.534046 0.474325 1.08185 0.48742 1.09347 0.526908 0.290645 0.534457 0.261985 3.88529
4.14453 0.72618 0.921509 2.1537 1.96216 0.718381 0.409354 0.116152 0.532371 1.21424
1.23513 1.0623 0.215516 0.242826 0.2673 0.344705 1.21772 0.606134 0.335917 0.502226
0.405813 0.529409 1.41874 0.863344 0.886636 0.537918 1.49438 0.511883 0.861399 0.0896914
0.233557 3.51137 0.580536 4.14195 0.490826 0.420568 0.143148 0.135412 1.5908 0.577405
0.185225 0.272928 0.825273 0.717607 0.253698 0.478374 1.18743 0.206811 0.683226 0.449416
0.323998 0.226315 0.711381 0.751484 0.960755 0.706654 0.778537 0.445237 0.0641096 0.957626
1.19528 0.834366 0.654938 0.743524 0.17836 0.955196 0.414843 2.22312 0.174201 1.48346
1.0527 0.271082 0.613604 0.860191 0.76194 0.115014 0.530465 0.326097 0.512894 2.52433
0.285538 2.14468 0.429166 0.167436 0.851394 0.487612 0.0968796 0.721037 0.489131 0.111057
0.165387 1.05269 0.718621 0.391624 0.413563 0.483795 0.270494 0.680904 0.871097 3.25573
0.608833 0.791668 1.69136 0.486174 1.24051 0.161028 0.625296 0.393745 0.465962 1.07941
0.455984 1.10711 1.68437 3.07405 3.42492 0.83065 1.15626 1.10024 0.40638 0.904862
1.58288 1.11574 0.920226 0.196127 0.740671 0.815501 0.306199 0.521512 0.31171 0.314834
0.498199 0.80945 0.421543 0.599698 0.379128 0.531996 0.405025 0.958549 0.62695 0.507221
0.377717 1.04024 0.498256 0.219412 0.473805 1.26478 0.734223 1.2382 0.977517 0.429564
1.76149 0.589211 0.775807 0.509131 0.633073 0.288864 1.49735 0.370957 0.999796 1.05786
0.68351 0.812464 0.989136 0.889538 1.11196 0.512056 0.715566 0.477611 0.826199 0.313556
0.95459 0.859181 0.263894 0.458707 0.787645 0.680166 0.233696 0.394406 0.281366 0.932534
1.05369 0.157115 0.707085 0.398134 0.967342 0.927688 1.60864 1.06933 0.570096 1.80336
0.369711 0.651724 1.00088 4.39351 5.5576 0.817286 1.33563 0.902507 1.92681 1.23725
0.920046 0.41367 1.07804 0.860413 0.657222 1.81086 0.790578 0.481224 1.38293 0.289864
3.93583 0.387227 0.844272 1.14888 1.08587 0.85318 1.60117 4.63147 1.38021 1.28479
1.26492 1.00452 1.18456 1.07087 1.04936 0.965143 0.80154 0.377166 
>covarianceMatrix:
A
0.0351844	0	0	0	0	0	0	0	0	0	0	0	
0	0.0351844	0	0	0	0	0	0	0	0	0	0	
0	0	0.0351844	0	0	0	0	0	0	0	0	0	
0	0	0	0.0351844	0	0	0	0	0	0	0	0	
0	0	0	0	0.0351844	0	0	0	0	0	0	0	
0	0	0	0	0	0.0351844	0	0	0	0	0	0	
0	0	0	0	0	0	0.0351844	0	0	0	0	0	
0	0	0	0	0	0	0	0.0351844	0	0	0	0	
0	0	0	0	0	0	0	0	0.0351844	0	0	0	
0	0	0	0	0	0	0	0	0	0.0351844	0	0	
0	0	0	0	0	0	0	0	0	0	0.0351844	0	
0	0	0	0	0	0	0	0	0	0	0	0.0351844	
***
>covarianceMatrix:
C
0.32768	0	0	0	
0	0.32768	0	0	
0	0	0.32768	0	
0	0	0	0.32768	
***
>covarianceMatrix:
D
0.32768	0	0	0	
0	0.32768	0	0	
0	0	0.32768	0	
0	0	0	0.32768	
***
>covarianceMatrix:
E
0.32768	0	0	0	
0	0.32768	0	0	
0	0	0.32768	0	
0	0	0	0.32768	
***
>covarianceMatrix:
F
0.32768	0	0	0	
0	0.32768	0	0	
0	0	0.32768	0	
0	0	0	0.32768	
***
>covarianceMatrix:
G
0.0351844	0	0	0	0	0	0	0	0	0	0	0	
0	0.0351844	0	0	0	0	0	0	0	0	0	0	
0	0	0.0351844	0	0	0	0	0	0	0	0	0	
0	0	0	0.0351844	0	0	0	0	0	0	0	0	
0	0	0	0	0.0351844	0	0	0	0	0	0	0	
0	0	0	0	0	0.0351844	0	0	0	0	0	0	
0	0	0	0	0	0	0.0351844	0	0	0	0	0	
0	0	0	0	0	0	0	0.0351844	0	0	0	0	
0	0	0	0	0	0	0	0	0.0351844	0	0	0	
0	0	0	0	0	0	0	0	0	0.0351844	0	0	
0	0	0	0	0	0	0	0	0	0	0.0351844	0	
0	0	0	0	0	0	0	0	0	0	0	0.0351844	
***
>covarianceMatrix:
H
0.32768	0	0	0	
0	0.32768	0	0	
0	0	0.32768	0	
0	0	0	0.32768	
***
>covarianceMatrix:
I
0.107374	0	0	0	0	0	0	0	
0	0.107374	0	0	0	0	0	0	
0	0	0.107374	0	0	0	0	0	
0	0	0	0.107374	0	0	0	0	
0	0	0	0	0.107374	0	0	0	
0	0	0	0	0	0.107374	0	0	
0	0	0	0	0	0	0.107374	0	
0	0	0	0	0	0	0	0.107374	
***
>covarianceMatrix:
K
0.32768	0	0	0	
0	0.32768	0	0	
0	0	0.32768	0	
0	0	0	0.32768	
***
>covarianceMatrix:
L
0.00377789	0	0	0	0	0	0	0	0	0	0	0	0	0	0	0	0	0	0	0	
0	0.00377789	0	0	0	0	0	0	0	0	0	0	0	0	0	0	0	0	0	0	
0	0	0.00377789	0	0	0	0	0	0	0	0	0	0	0	0	0	0	0	0	0	
0	0	0	0.00377789	0	0	0	0	0	0	0	0	0	0	0	0	0	0	0	0	
0	0	0	0	0.00377789	0	0	0	0	0	0	0	0	0	0	0	0	0	0	0	
0	0	0	0	0	0.00377789	0	0	0	0	0	0	0	0	0	0	0	0	0	0	
0	0	0	0	0	0	0.00377789	0	0	0	0	0	0	0	0	0	0	0	0	0	
0	0	0	0	0	0	0	0.00377789	0	0	0	0	0	0	0	0	0	0	0	0	
0	0	0	0	0	0	0	0	0.00377789	0	0	0	0	0	0	0	0	0	0	0	
0	0	0	0	0	0	0	0	0	0.00377789	0	0	0	0	0	0	0	0	0	0	
0	0	0	0	0	0	0	0	0	0	0.00377789	0	0	0	0	0	0	0	0	0	
0	0	0	0	0	0	0	0	0	0	0	0.00377789	0	0	0	0	0	0	0	0	
0	0	0	0	0	0	0	0	0	0	0	0	0.00377789	0	0	0	0	0	0	0	
0	0	0	0	0	0	0	0	0	0	0	0	0	0.00377789	0	0	0	0	0	0	
0	0	0	0	0	0	0	0	0	0	0	0	0	0	0.00377789	0	0	0	0	0	
0	0	0	0	0	0	0	0	0	0	0	0	0	0	0	0.00377789	0	0	0	0	
0	0	0	0	0	0	0	0	0	0	0	0	0	0	0	0	0.00377789	0	0	0	
0	0	0	0	0	0	0	0	0	0	0	0	0	0	0	0	0	0.00377789	0	0	
0	0	0	0	0	0	0	0	0	0	0	0	0	0	0	0	0	0	0.00377789	0	
0	0	0	0	0	0	0	0	0	0	0	0	0	0	0	0	0	0	0	0.00377789	
***
>covarianceMatrix:
M

***
>covarianceMatrix:
N
0.32768	0	0	0	
0	0.32768	0	0	
0	0	0.32768	0	
0	0	0	0.32768	
***
>covarianceMatrix:
P
0.0351844	0	0	0	0	0	0	0	0	0	0	0	
0	0.0351844	0	0	0	0	0	0	0	0	0	0	
0	0	0.0351844	0	0	0	0	0	0	0	0	0	
0	0	0	0.0351844	0	0	0	0	0	0	0	0	
0	0	0	0	0.0351844	0	0	0	0	0	0	0	
0	0	0	0	0	0.0351844	0	0	0	0	0	0	
0	0	0	0	0	0	0.0351844	0	0	0	0	0	
0	0	0	0	0	0	0	0.0351844	0	0	0	0	
0	0	0	0	0	0	0	0	0.0351844	0	0	0	
0	0	0	0	0	0	0	0	0	0.0351844	0	0	
0	0	0	0	0	0	0	0	0	0	0.0351844	0	
0	0	0	0	0	0	0	0	0	0	0	0.0351844	
***
>covarianceMatrix:
Q
0.32768	0	0	0	
0	0.32768	0	0	
0	0	0.32768	0	
0	0	0	0.32768	
***
>covarianceMatrix:
R
0.00377789	0	0	0	0	0	0	0	0	0	0	0	0	0	0	0	0	0	0	0	
0	0.00377789	0	0	0	0	0	0	0	0	0	0	0	0	0	0	0	0	0	0	
0	0	0.00377789	0	0	0	0	0	0	0	0	0	0	0	0	0	0	0	0	0	
0	0	0	0.00377789	0	0	0	0	0	0	0	0	0	0	0	0	0	0	0	0	
0	0	0	0	0.00377789	0	0	0	0	0	0	0	0	0	0	0	0	0	0	0	
0	0	0	0	0	0.00377789	0	0	0	0	0	0	0	0	0	0	0	0	0	0	
0	0	0	0	0	0	0.00377789	0	0	0	0	0	0	0	0	0	0	0	0	0	
0	0	0	0	0	0	0	0.00377789	0	0	0	0	0	0	0	0	0	0	0	0	
0	0	0	0	0	0	0	0	0.00377789	0	0	0	0	0	0	0	0	0	0	0	
0	0	0	0	0	0	0	0	0	0.00377789	0	0	0	0	0	0	0	0	0	0	
0	0	0	0	0	0	0	0	0	0	0.00377789	0	0	0	0	0	0	0	0	0	
0	0	0	0	0	0	0	0	0	0	0	0.00377789	0	0	0	0	0	0	0	0	
0	0	0	0	0	0	0	0	0	0	0	0	0.00377789	0	0	0	0	0	0	0	
0	0	0	0	0	0	0	0	0	0	0	0	0	0.00377789	0	0	0	0	0	0	
0	0	0	0	0	0	0	0	0	0	0	0	0	0	0.00377789	0	0	0	0	0	
0	0	0	0	0	0	0	0	0	0	0	0	0	0	0	0.00377789	0	0	0	0	
0	0	0	0	0	0	0	0	0	0	0	0	0	0	0	0	0.00377789	0	0	0	
0	0	0	0	0	0	0	0	0	0	0	0	0	0	0	0	0	0.00377789	0	0	
0	0	0	0	0	0	0	0	0	0	0	0	0	0	0	0	0	0	0.00377789	0	
0	0	0	0	0	0	0	0	0	0	0	0	0	0	0	0	0	0	0	0.00377789	
***
>covarianceMatrix:
S
0.0351844	0	0	0	0	0	0	0	0	0	0	0	
0	0.0351844	0	0	0	0	0	0	0	0	0	0	
0	0	0.0351844	0	0	0	0	0	0	0	0	0	
0	0	0	0.0351844	0	0	0	0	0	0	0	0	
0	0	0	0	0.0351844	0	0	0	0	0	0	0	
0	0	0	0	0	0.0351844	0	0	0	0	0	0	
0	0	0	0	0	0	0.0351844	0	0	0	0	0	
0	0	0	0	0	0	0	0.0351844	0	0	0	0	
0	0	0	0	0	0	0	0	0.0351844	0	0	0	
0	0	0	0	0	0	0	0	0	0.0351844	0	0	
0	0	0	0	0	0	0	0	0	0	0.0351844	0	
0	0	0	0	0	0	0	0	0	0	0	0.0351844	
***
>covarianceMatrix:
T
0.0351844	0	0	0	0	0	0	0	0	0	0	0	
0	0.0351844	0	0	0	0	0	0	0	0	0	0	
0	0	0.0351844	0	0	0	0	0	0	0	0	0	
0	0	0	0.0351844	0	0	0	0	0	0	0	0	
0	0	0	0	0.0351844	0	0	0	0	0	0	0	
0	0	0	0	0	0.0351844	0	0	0	0	0	0	
0	0	0	0	0	0	0.0351844	0	0	0	0	0	
0	0	0	0	0	0	0	0.0351844	0	0	0	0	
0	0	0	0	0	0	0	0	0.0351844	0	0	0	
0	0	0	0	0	0	0	0	0	0.0351844	0	0	
0	0	0	0	0	0	0	0	0	0	0.0351844	0	
0	0	0	0	0	0	0	0	0	0	0	0.0351844	
***
>covarianceMatrix:
V
0.0351844	0	0	0	0	0	0	0	0	0	0	0	
0	0.0351844	0	0	0	0	0	0	0	0	0	0	
0	0	0.0351844	0	0	0	0	0	0	0	0	0	
0	0	0	0.0351844	0	0	0	0	0	0	0	0	
0	0	0	0	0.0351844	0	0	0	0	0	0	0	
0	0	0	0	0	0.0351844	0	0	0	0	0	0	
0	0	0	0	0	0	0.0351844	0	0	0	0	0	
0	0	0	0	0	0	0	0.0351844	0	0	0	0	
0	0	0	0	0	0	0	0	0.0351844	0	0	0	
0	0	0	0	0	0	0	0	0	0.0351844	0	0	
0	0	0	0	0	0	0	0	0	0	0.0351844	0	
0	0	0	0	0	0	0	0	0	0	0	0.0351844	
***
>covarianceMatrix:
W

***
>covarianceMatrix:
Y
0.32768	0	0	0	
0	0.32768	0	0	
0	0	0.32768	0	
0	0	0	0.32768	
***
>covarianceMatrix:
Z
0.32768	0	0	0	
0	0.32768	0	0	
0	0	0.32768	0	
0	0	0	0.32768	
***
>covarianceMatrix:
X
1	0	0	0	0	0	0	0	
0	1	0	0	0	0	0	0	
0	0	1	0	0	0	0	0	
0	0	0	1	0	0	0	0	
0	0	0	0	1	0	0	0	
0	0	0	0	0	1	0	0	
0	0	0	0	0	0	1	0	
0	0	0	0	0	0	0	1	
***
>std_csp:
0.032768 0.032768 0.032768 0.032768 0.032768 0.032768 0.032768 0.032768 0.032768 0.032768
0.032768 0.032768 0.032768 0.032768 0.032768 0.032768 0.032768 0.032768 0.032768 0.032768
0.032768 0.032768 0.032768 0.032768 0.032768 0.032768 0.032768 0.032768 0.032768 0.032768
0.032768 0.032768 0.032768 0.032768 0.032768 0.032768 0.032768 0.032768 0.032768 0.032768
>currentMutationParameter:
***
-0.351206 0.37804 0.482376 -0.107301 0.58758 -0.397923 0.67819 -0.0882732 0.112046 0.308621
0.412653 -0.17967 0.374825 -0.594874 0.38867 0.85346 0.340444 0.463886 0.0192667 0.355606
-0.0444183 0.291683 0.359361 -0.162807 -0.882229 -0.699295 -0.196709 0.396872 0.197197 0.0236748
0.518833 0.360352 -0.333441 0.286959 0.318584 0.00969851 0.568325 0.19753 0.164234 0.18292
***
-0.878969 -1.16534 -1.30966 -1.49912 -1.52702 1.18986 0.135267 0.0490975 -1.70883 -0.786879
-1.37266 0.362823 -1.09341 0.987818 0.533375 -0.518988 -1.8007 0.46798 2.13151 -1.88395
-0.559724 -1.34065 -1.6078 1.63364 -0.804486 -1.42901 0.25319 -1.23271 -1.4008 0.403151
-0.768476 -1.19973 -0.914442 -1.39422 -1.60159 0.830381 -0.551901 -1.39379 -1.65497 -1.68175
>currentSelectionParameter:
***
0.683676 0.0264842 0.991072 0.613568 -0.216898 -0.397271 -0.360526 1.24613 0.544507 1.31197
-0.253749 1.36071 -0.14625 0.496053 0.416273 1.25077 0.697492 0.872137 0.547614 -0.563987
-0.442261 0.561071 0.564528 -0.339588 -0.00905987 0.627371 2.54963 0.619098 1.82958 0.80367
-0.00135671 0.90203 0.74785 -0.0695889 0.873069 1.03039 -0.0513891 0.679159 -0.394585 0.0316733
***
0.728302 0.291632 1.27976 0.781232 0.257104 -0.81271 -0.106153 0.792277 0.977489 1.38051
0.087766 0.366362 0.0772738 -0.0356145 0.38398 1.17288 1.45748 0.577081 0.0878102 0.160379
0.0197491 1.02207 1.37508 -0.822982 -0.216048 0.70295 0.765411 0.812788 1.78176 0.390388
0.261017 1.18374 0.710871 0.287796 1.32583 0.334893 0.0720326 0.859539 0.0306561 0.635151
