>Sphi:
0.878581
>Aphi:
6.95322e-310
>numParam:
40
>numMixtures:
2
>std_sphi:
0.08
>std_phi:
***
0.358318 0.358318 0.358318 0.358318 0.358318 0.358318 0.298598 0.358318 0.298598 0.358318
0.358318 0.358318 0.358318 0.358318 0.298598 0.358318 0.358318 0.358318 0.358318 0.358318
0.358318 0.358318 0.358318 0.358318 0.358318 0.358318 0.358318 0.358318 0.358318 0.358318
0.358318 0.358318 0.358318 0.358318 0.358318 0.358318 0.358318 0.358318 0.358318 0.358318
0.358318 0.358318 0.358318 0.358318 0.358318 0.358318 0.358318 0.358318 0.358318 0.358318
0.358318 0.358318 0.358318 0.358318 0.358318 0.358318 0.358318 0.358318 0.358318 0.358318
0.358318 0.358318 0.358318 0.358318 0.358318 0.358318 0.358318 0.358318 0.358318 0.358318
0.298598 0.358318 0.358318 0.358318 0.358318 0.358318 0.358318 0.358318 0.358318 0.358318
0.358318 0.358318 0.165888 0.358318 0.358318 0.358318 0.358318 0.358318 0.358318 0.358318
0.358318 0.358318 0.20736 0.358318 0.358318 0.358318 0.358318 0.358318 0.358318 0.358318
0.358318 0.358318 0.358318 0.358318 0.358318 0.358318 0.358318 0.358318 0.358318 0.358318
0.358318 0.358318 0.358318 0.358318 0.358318 0.358318 0.358318 0.358318 0.358318 0.358318
0.358318 0.358318 0.358318 0.358318 0.358318 0.358318 0.358318 0.358318 0.358318 0.358318
0.358318 0.358318 0.358318 0.358318 0.358318 0.358318 0.298598 0.358318 0.358318 0.298598
0.358318 0.358318 0.358318 0.358318 0.358318 0.358318 0.1728 0.358318 0.358318 0.358318
0.358318 0.358318 0.248832 0.358318 0.358318 0.358318 0.358318 0.358318 0.358318 0.358318
0.358318 0.358318 0.358318 0.358318 0.358318 0.358318 0.358318 0.358318 0.358318 0.358318
0.358318 0.358318 0.358318 0.358318 0.358318 0.358318 0.358318 0.358318 0.358318 0.358318
0.358318 0.358318 0.358318 0.358318 0.298598 0.358318 0.358318 0.358318 0.358318 0.358318
0.358318 0.358318 0.358318 0.358318 0.358318 0.358318 0.358318 0.358318 0.358318 0.358318
0.358318 0.358318 0.358318 0.298598 0.358318 0.358318 0.358318 0.358318 0.358318 0.358318
0.358318 0.358318 0.358318 0.358318 0.358318 0.358318 0.358318 0.358318 0.358318 0.358318
0.358318 0.358318 0.358318 0.358318 0.358318 0.358318 0.358318 0.358318 0.358318 0.358318
0.358318 0.358318 0.358318 0.358318 0.358318 0.358318 0.358318 0.358318 0.358318 0.358318
0.358318 0.358318 0.358318 0.298598 0.358318 0.358318 0.358318 0.358318 0.358318 0.358318
0.358318 0.358318 0.358318 0.358318 0.358318 0.358318 0.358318 0.358318 0.358318 0.358318
0.358318 0.358318 0.358318 0.358318 0.358318 0.358318 0.358318 0.358318 0.358318 0.358318
0.358318 0.358318 0.358318 0.358318 0.358318 0.358318 0.358318 0.358318 0.358318 0.358318
0.358318 0.358318 0.358318 0.358318 0.358318 0.358318 0.358318 0.358318 0.358318 0.358318
0.358318 0.358318 0.358318 0.358318 0.358318 0.358318 0.358318 0.298598 0.358318 0.358318
0.358318 0.358318 0.20736 0.358318 0.358318 0.358318 0.358318 0.358318 0.358318 0.358318
0.358318 0.298598 0.358318 0.358318 0.358318 0.358318 0.358318 0.358318 0.358318 0.358318
0.298598 0.358318 0.358318 0.298598 0.358318 0.358318 0.358318 0.358318 0.358318 0.358318
0.358318 0.358318 0.358318 0.358318 0.358318 0.358318 0.358318 0.298598 0.358318 0.358318
0.358318 0.358318 0.358318 0.358318 0.358318 0.358318 0.358318 0.358318 0.358318 0.358318
0.358318 0.358318 0.358318 0.358318 0.358318 0.358318 0.358318 0.358318 0.358318 0.358318
0.358318 0.358318 0.358318 0.358318 0.358318 0.358318 0.358318 0.358318 0.358318 0.358318
0.358318 0.358318 0.358318 0.358318 0.358318 0.358318 0.358318 0.358318 0.358318 0.358318
0.358318 0.358318 0.358318 0.358318 0.358318 0.358318 0.358318 0.358318 0.358318 0.358318
0.358318 0.358318 0.358318 0.248832 0.358318 0.358318 0.358318 0.358318 0.358318 0.358318
0.358318 0.358318 0.358318 0.248832 0.358318 0.358318 0.358318 0.358318 0.358318 0.358318
0.358318 0.358318 0.358318 0.358318 0.358318 0.358318 0.358318 0.358318 0.358318 0.358318
0.298598 0.358318 0.358318 0.358318 0.358318 0.358318 0.358318 0.358318 0.358318 0.298598
0.358318 0.358318 0.358318 0.358318 0.358318 0.358318 0.358318 0.358318 0.358318 0.358318
0.358318 0.358318 0.358318 0.358318 0.358318 0.358318 0.358318 0.358318 0.358318 0.358318
0.358318 0.358318 0.358318 0.358318 0.358318 0.358318 0.358318 0.358318 0.358318 0.358318
0.358318 0.358318 0.358318 0.358318 0.358318 0.358318 0.358318 0.358318 0.358318 0.358318
0.358318 0.358318 0.358318 0.358318 0.358318 0.358318 0.358318 0.298598 0.358318 0.358318
0.358318 0.358318 0.358318 0.358318 0.358318 0.358318 0.248832 0.358318 0.358318 0.358318
0.358318 0.358318 0.298598 0.358318 0.358318 0.358318 0.358318 0.298598 0.238879 0.358318
0.358318 0.358318 0.358318 0.358318 0.358318 0.358318 0.358318 0.358318 0.358318 0.358318
0.358318 0.358318 0.358318 0.358318 0.358318 0.358318 0.298598 0.358318 0.358318 0.358318
0.358318 0.358318 0.358318 0.298598 0.358318 0.358318 0.358318 0.358318 0.358318 0.358318
0.358318 0.358318 0.358318 0.358318 0.358318 0.358318 0.358318 0.358318 0.358318 0.298598
0.358318 0.358318 0.358318 0.358318 0.358318 0.358318 0.358318 0.358318 0.358318 0.298598
0.358318 0.358318 0.358318 0.358318 0.358318 0.358318 0.358318 0.358318 0.358318 0.358318
0.358318 0.358318 0.358318 0.358318 0.358318 0.358318 0.358318 0.358318 0.358318 0.358318
0.358318 0.358318 0.358318 0.358318 0.358318 0.358318 0.358318 0.358318 0.298598 0.358318
0.358318 0.298598 0.358318 0.358318 0.358318 0.358318 0.298598 0.298598 0.358318 0.358318
0.358318 0.358318 0.358318 0.358318 0.358318 0.358318 0.358318 0.358318 0.358318 0.358318
0.358318 0.358318 0.358318 0.358318 0.358318 0.358318 0.20736 0.358318 0.358318 0.358318
0.358318 0.358318 0.298598 0.358318 0.358318 0.358318 0.358318 0.358318 0.358318 0.358318
0.358318 0.358318 0.358318 0.358318 0.298598 0.358318 0.358318 0.358318 0.358318 0.358318
0.358318 0.358318 0.358318 0.358318 0.248832 0.358318 0.358318 0.358318 0.358318 0.358318
0.358318 0.358318 0.358318 0.358318 0.358318 0.358318 0.358318 0.358318 0.358318 0.358318
0.358318 0.358318 0.358318 0.358318 0.358318 0.358318 0.358318 0.358318 0.298598 0.358318
0.358318 0.358318 0.358318 0.358318 0.358318 0.358318 0.358318 0.358318 0.358318 0.358318
0.358318 0.298598 0.358318 0.358318 0.358318 0.358318 0.358318 0.358318 0.358318 0.358318
0.358318 0.298598 0.358318 0.358318 0.358318 0.358318 0.358318 0.358318 0.358318 0.298598
0.358318 0.248832 0.358318 0.358318 0.358318 0.358318 0.358318 0.358318 0.298598 0.358318
0.298598 0.358318 0.358318 0.358318 0.358318 0.358318 0.358318 0.358318 0.358318 0.358318
0.358318 0.358318 0.358318 0.358318 0.358318 0.358318 0.358318 0.358318 0.358318 0.358318
0.358318 0.358318 0.358318 0.358318 0.358318 0.358318 0.358318 0.358318 0.358318 0.358318
0.358318 0.358318 0.358318 0.358318 0.358318 0.358318 0.358318 0.358318 0.358318 0.358318
0.358318 0.358318 0.358318 0.358318 0.358318 0.358318 0.358318 0.358318 0.358318 0.358318
0.358318 0.358318 0.358318 0.358318 0.358318 0.358318 0.358318 0.358318 0.358318 0.358318
0.358318 0.358318 0.358318 0.298598 0.358318 0.358318 0.298598 0.358318 0.358318 0.358318
0.298598 0.358318 0.358318 0.358318 0.358318 0.358318 0.298598 0.358318 0.358318 0.358318
0.358318 0.358318 0.358318 0.358318 0.358318 0.358318 0.358318 0.358318 0.358318 0.358318
0.358318 0.358318 0.358318 0.358318 0.358318 0.358318 0.358318 0.358318 0.358318 0.358318
0.358318 0.358318 0.358318 0.358318 0.358318 0.358318 0.358318 0.358318 0.358318 0.358318
0.358318 0.358318 0.358318 0.358318 0.358318 0.358318 0.298598 0.358318 0.358318 0.358318
0.358318 0.358318 0.358318 0.358318 0.358318 0.358318 0.358318 0.358318 0.358318 0.358318
0.358318 0.358318 0.358318 0.358318 0.358318 0.358318 0.358318 0.358318 0.358318 0.358318
0.358318 0.358318 0.358318 0.358318 0.358318 0.358318 0.358318 0.358318 0.358318 0.358318
0.358318 0.298598 0.358318 0.358318 0.358318 0.358318 0.358318 0.358318 0.298598 0.358318
0.358318 0.358318 0.358318 0.358318 0.358318 0.358318 0.358318 0.358318 0.248832 0.358318
0.358318 0.358318 0.358318 0.358318 0.358318 0.358318 0.358318 0.358318 0.20736 0.248832
0.358318 0.358318 0.358318 0.358318 0.358318 0.298598 0.358318 0.358318 0.358318 0.358318
0.358318 0.358318 0.358318 0.358318 0.358318 0.358318 0.358318 0.358318 0.358318 0.358318
0.358318 0.358318 0.358318 0.358318 0.358318 0.358318 0.358318 0.358318 0.358318 0.358318
0.358318 0.358318 0.358318 0.358318 0.358318 0.358318 0.358318 0.298598 0.358318 0.358318
0.298598 0.358318 0.358318 0.358318 0.358318 0.358318 0.358318 0.358318 0.298598 0.358318
0.358318 0.358318 0.358318 0.358318 0.358318 0.358318 0.358318 0.358318 0.358318 0.358318
0.358318 0.358318 0.358318 0.358318 0.358318 0.358318 0.298598 0.358318 0.298598 0.358318
0.358318 0.358318 0.358318 0.358318 0.358318 0.358318 0.358318 0.358318 0.358318 0.358318
0.358318 0.358318 0.358318 0.358318 0.358318 0.358318 0.358318 0.358318 0.358318 0.298598
0.358318 0.358318 0.298598 0.358318 0.358318 0.358318 0.358318 0.358318 0.358318 0.358318
0.358318 0.358318 0.358318 0.358318 0.358318 0.298598 0.358318 0.358318 0.358318 0.358318
0.358318 0.358318 0.358318 0.358318 0.358318 0.358318 0.358318 0.358318 0.358318 0.358318
0.358318 0.358318 0.358318 0.358318 0.298598 0.358318 0.358318 0.358318 0.358318 0.358318
0.358318 0.358318 0.298598 0.358318 0.358318 0.358318 0.358318 0.358318 0.358318 0.358318
0.358318 0.358318 0.358318 0.358318 0.358318 0.358318 0.358318 0.358318 0.298598 0.358318
0.358318 0.358318 0.358318 0.358318 0.358318 0.358318 0.358318 0.298598 0.358318 0.358318
0.358318 0.358318 0.358318 0.358318 0.358318 0.358318 0.358318 0.358318 0.358318 0.358318
0.358318 0.358318 0.358318 0.358318 0.358318 0.358318 0.358318 0.358318 0.358318 0.358318
0.358318 0.358318 0.358318 0.358318 0.358318 0.358318 0.358318 0.358318 0.358318 0.358318
0.358318 0.358318 0.358318 0.358318 0.358318 0.358318 0.358318 0.358318 0.358318 0.358318
0.358318 0.358318 0.358318 0.358318 0.358318 0.358318 0.358318 0.358318 0.358318 0.358318
0.358318 0.358318 0.358318 0.358318 0.358318 0.358318 0.358318 0.358318 0.358318 0.358318
0.358318 0.358318 0.358318 0.358318 0.358318 0.358318 0.358318 0.358318 0.358318 0.358318
0.358318 0.358318 0.358318 0.358318 0.358318 0.358318 0.358318 0.358318 0.358318 0.358318
0.358318 0.358318 0.358318 0.358318 0.358318 0.298598 0.358318 0.358318 0.358318 0.358318
0.358318 0.358318 0.358318 0.358318 0.358318 0.358318 0.358318 0.358318 0.358318 0.358318
0.358318 0.358318 0.358318 0.358318 0.358318 0.358318 0.358318 0.358318 0.358318 0.358318
0.358318 0.358318 0.358318 0.358318 0.358318 0.358318 0.358318 0.358318 0.358318 0.358318
0.358318 0.358318 0.358318 0.358318 0.358318 0.358318 0.358318 0.358318 0.358318 0.358318
0.358318 0.358318 0.358318 0.358318 0.358318 0.358318 0.358318 0.358318 0.358318 0.358318
0.358318 0.358318 0.358318 0.358318 0.358318 0.358318 0.358318 0.358318 0.358318 0.358318
0.358318 0.358318 0.358318 0.20736 0.358318 0.358318 0.358318 0.358318 0.358318 0.358318
0.358318 0.358318 0.358318 0.358318 0.358318 0.358318 0.358318 0.358318 0.358318 0.358318
0.358318 0.358318 0.358318 0.358318 0.358318 0.358318 0.358318 0.358318 0.358318 0.358318
0.358318 0.298598 0.358318 0.358318 0.358318 0.358318 0.358318 0.358318 0.358318 0.358318
0.358318 0.358318 0.358318 0.298598 0.358318 0.358318 0.358318 0.358318 0.358318 0.358318
0.358318 0.358318 0.358318 0.358318 0.358318 0.358318 0.358318 0.358318 0.358318 0.358318
0.358318 0.358318 0.358318 0.358318 0.358318 0.358318 0.358318 0.358318 0.358318 0.358318
0.358318 0.358318 0.358318 0.358318 0.358318 0.358318 0.358318 0.358318 0.358318 0.248832
0.358318 0.298598 0.358318 0.358318 0.358318 0.358318 0.358318 0.358318 0.358318 0.358318
0.358318 0.358318 0.358318 0.358318 0.358318 0.358318 0.358318 0.358318 0.358318 0.358318
0.358318 0.358318 0.358318 0.358318 0.358318 0.358318 0.358318 0.358318 0.358318 0.358318
0.358318 0.358318 0.358318 0.248832 0.358318 0.358318 0.358318 0.358318 0.358318 0.358318
0.358318 0.358318 0.358318 0.358318 0.358318 0.358318 0.358318 0.358318 0.358318 0.358318
0.358318 0.358318 0.358318 0.358318 0.358318 0.358318 0.358318 0.358318 0.358318 0.358318
0.358318 0.358318 0.358318 0.358318 0.358318 0.358318 0.358318 0.358318 0.358318 0.358318
0.358318 0.358318 0.358318 0.358318 0.358318 0.358318 0.358318 0.358318 0.358318 0.358318
0.358318 0.358318 0.358318 0.358318 0.358318 0.358318 0.358318 0.358318 0.358318 0.358318
0.358318 0.358318 0.358318 0.358318 0.358318 0.358318 0.358318 0.358318 0.358318 0.358318
0.358318 0.358318 0.358318 0.358318 0.358318 0.358318 0.358318 0.358318 0.358318 0.358318
0.358318 0.358318 0.358318 0.298598 0.358318 0.358318 0.358318 0.358318 0.358318 0.358318
0.358318 0.358318 0.358318 0.358318 0.358318 0.358318 0.358318 0.358318 0.358318 0.358318
0.358318 0.358318 0.358318 0.358318 0.358318 0.358318 0.358318 0.358318 0.358318 0.358318
0.358318 0.358318 0.358318 0.358318 0.358318 0.358318 0.358318 0.358318 
***
0.358318 0.248832 0.358318 0.358318 0.248832 0.298598 0.165888 0.358318 0.248832 0.358318
0.298598 0.248832 0.358318 0.248832 0.1152 0.248832 0.248832 0.358318 0.298598 0.358318
0.20736 0.248832 0.358318 0.358318 0.199066 0.298598 0.248832 0.248832 0.248832 0.358318
0.358318 0.358318 0.298598 0.298598 0.1728 0.298598 0.358318 0.238879 0.358318 0.358318
0.248832 0.358318 0.358318 0.248832 0.298598 0.358318 0.358318 0.248832 0.358318 0.358318
0.1728 0.298598 0.358318 0.238879 0.298598 0.358318 0.298598 0.358318 0.358318 0.20736
0.248832 0.298598 0.358318 0.248832 0.144 0.358318 0.358318 0.358318 0.199066 0.248832
0.238879 0.298598 0.358318 0.358318 0.358318 0.358318 0.298598 0.358318 0.358318 0.358318
0.298598 0.298598 0.1152 0.298598 0.248832 0.358318 0.238879 0.298598 0.199066 0.20736
0.358318 0.358318 0.20736 0.298598 0.248832 0.358318 0.358318 0.358318 0.248832 0.358318
0.358318 0.248832 0.298598 0.358318 0.358318 0.358318 0.298598 0.298598 0.358318 0.358318
0.248832 0.358318 0.358318 0.358318 0.298598 0.358318 0.298598 0.20736 0.298598 0.298598
0.358318 0.165888 0.248832 0.199066 0.358318 0.358318 0.298598 0.298598 0.358318 0.298598
0.238879 0.358318 0.248832 0.358318 0.165888 0.358318 0.248832 0.199066 0.358318 0.248832
0.358318 0.298598 0.248832 0.358318 0.358318 0.358318 0.144 0.358318 0.358318 0.358318
0.358318 0.298598 0.165888 0.358318 0.358318 0.248832 0.1728 0.358318 0.358318 0.358318
0.238879 0.298598 0.20736 0.248832 0.358318 0.20736 0.358318 0.358318 0.298598 0.298598
0.13824 0.1728 0.238879 0.298598 0.298598 0.20736 0.298598 0.20736 0.298598 0.358318
0.298598 0.248832 0.358318 0.298598 0.20736 0.358318 0.298598 0.248832 0.358318 0.298598
0.298598 0.199066 0.358318 0.358318 0.358318 0.298598 0.358318 0.298598 0.298598 0.358318
0.298598 0.358318 0.199066 0.248832 0.248832 0.358318 0.358318 0.358318 0.298598 0.298598
0.298598 0.358318 0.298598 0.358318 0.199066 0.248832 0.248832 0.298598 0.298598 0.358318
0.248832 0.358318 0.298598 0.358318 0.358318 0.248832 0.358318 0.298598 0.199066 0.20736
0.358318 0.20736 0.20736 0.248832 0.298598 0.358318 0.298598 0.298598 0.298598 0.248832
0.358318 0.298598 0.248832 0.199066 0.298598 0.248832 0.358318 0.199066 0.358318 0.248832
0.298598 0.20736 0.298598 0.298598 0.358318 0.298598 0.358318 0.298598 0.298598 0.248832
0.298598 0.358318 0.298598 0.358318 0.248832 0.298598 0.165888 0.298598 0.248832 0.298598
0.358318 0.248832 0.248832 0.358318 0.298598 0.248832 0.298598 0.298598 0.298598 0.248832
0.358318 0.298598 0.248832 0.20736 0.358318 0.248832 0.298598 0.358318 0.298598 0.298598
0.248832 0.358318 0.199066 0.248832 0.358318 0.298598 0.248832 0.358318 0.298598 0.298598
0.358318 0.358318 0.165888 0.358318 0.358318 0.248832 0.298598 0.298598 0.358318 0.358318
0.298598 0.248832 0.358318 0.298598 0.358318 0.358318 0.248832 0.358318 0.358318 0.13824
0.20736 0.20736 0.248832 0.298598 0.358318 0.358318 0.358318 0.358318 0.358318 0.298598
0.358318 0.248832 0.358318 0.248832 0.358318 0.248832 0.248832 0.20736 0.358318 0.358318
0.358318 0.358318 0.1728 0.199066 0.298598 0.358318 0.298598 0.248832 0.248832 0.298598
0.238879 0.199066 0.298598 0.248832 0.358318 0.298598 0.298598 0.358318 0.298598 0.298598
0.248832 0.358318 0.358318 0.298598 0.358318 0.298598 0.358318 0.358318 0.358318 0.298598
0.298598 0.358318 0.358318 0.358318 0.20736 0.248832 0.298598 0.298598 0.248832 0.248832
0.298598 0.358318 0.248832 0.298598 0.358318 0.199066 0.298598 0.248832 0.358318 0.298598
0.298598 0.298598 0.298598 0.20736 0.199066 0.358318 0.358318 0.358318 0.358318 0.358318
0.248832 0.248832 0.358318 0.248832 0.358318 0.298598 0.20736 0.298598 0.199066 0.298598
0.358318 0.358318 0.358318 0.298598 0.248832 0.248832 0.358318 0.298598 0.358318 0.248832
0.248832 0.248832 0.358318 0.358318 0.358318 0.238879 0.298598 0.358318 0.20736 0.20736
0.358318 0.358318 0.298598 0.358318 0.298598 0.298598 0.248832 0.358318 0.298598 0.298598
0.358318 0.298598 0.358318 0.358318 0.358318 0.358318 0.358318 0.358318 0.358318 0.358318
0.358318 0.298598 0.358318 0.248832 0.358318 0.248832 0.358318 0.20736 0.358318 0.298598
0.298598 0.298598 0.358318 0.248832 0.298598 0.358318 0.248832 0.358318 0.298598 0.358318
0.358318 0.358318 0.358318 0.248832 0.20736 0.248832 0.298598 0.1728 0.358318 0.248832
0.358318 0.298598 0.298598 0.358318 0.298598 0.358318 0.238879 0.20736 0.358318 0.298598
0.358318 0.248832 0.248832 0.1728 0.358318 0.358318 0.358318 0.298598 0.248832 0.358318
0.298598 0.358318 0.358318 0.358318 0.298598 0.358318 0.298598 0.358318 0.298598 0.298598
0.298598 0.20736 0.248832 0.358318 0.298598 0.298598 0.238879 0.358318 0.358318 0.358318
0.298598 0.248832 0.248832 0.248832 0.358318 0.358318 0.298598 0.358318 0.248832 0.358318
0.298598 0.358318 0.298598 0.358318 0.298598 0.358318 0.298598 0.358318 0.165888 0.1152
0.358318 0.358318 0.20736 0.298598 0.20736 0.298598 0.20736 0.298598 0.358318 0.165888
0.358318 0.298598 0.358318 0.358318 0.298598 0.20736 0.298598 0.298598 0.298598 0.248832
0.298598 0.358318 0.358318 0.358318 0.298598 0.248832 0.199066 0.358318 0.358318 0.298598
0.298598 0.248832 0.248832 0.358318 0.248832 0.248832 0.248832 0.358318 0.248832 0.20736
0.298598 0.248832 0.358318 0.358318 0.358318 0.358318 0.20736 0.20736 0.358318 0.298598
0.358318 0.358318 0.358318 0.358318 0.298598 0.1728 0.248832 0.358318 0.298598 0.248832
0.358318 0.358318 0.358318 0.298598 0.298598 0.358318 0.144 0.298598 0.358318 0.358318
0.298598 0.358318 0.20736 0.358318 0.298598 0.248832 0.358318 0.358318 0.248832 0.248832
0.298598 0.298598 0.358318 0.358318 0.248832 0.358318 0.358318 0.358318 0.358318 0.298598
0.358318 0.248832 0.358318 0.20736 0.248832 0.358318 0.358318 0.358318 0.358318 0.248832
0.199066 0.298598 0.298598 0.358318 0.199066 0.298598 0.298598 0.358318 0.358318 0.298598
0.248832 0.358318 0.358318 0.248832 0.248832 0.298598 0.358318 0.358318 0.298598 0.1728
0.20736 0.298598 0.298598 0.358318 0.358318 0.358318 0.298598 0.358318 0.298598 0.298598
0.238879 0.298598 0.358318 0.358318 0.358318 0.358318 0.358318 0.248832 0.358318 0.358318
0.358318 0.20736 0.298598 0.358318 0.13824 0.298598 0.358318 0.358318 0.238879 0.248832
0.358318 0.165888 0.248832 0.358318 0.298598 0.1728 0.358318 0.358318 0.20736 0.248832
0.1728 0.358318 0.358318 0.358318 0.358318 0.358318 0.20736 0.298598 0.358318 0.298598
0.298598 0.358318 0.199066 0.248832 0.248832 0.298598 0.248832 0.298598 0.298598 0.298598
0.248832 0.248832 0.358318 0.358318 0.298598 0.358318 0.358318 0.358318 0.298598 0.358318
0.358318 0.298598 0.20736 0.20736 0.248832 0.358318 0.248832 0.298598 0.298598 0.358318
0.298598 0.298598 0.298598 0.358318 0.358318 0.358318 0.358318 0.358318 0.298598 0.358318
0.298598 0.358318 0.358318 0.248832 0.358318 0.248832 0.298598 0.298598 0.298598 0.298598
0.358318 0.20736 0.248832 0.165888 0.248832 0.358318 0.165888 0.358318 0.358318 0.358318
0.248832 0.199066 0.358318 0.298598 0.298598 0.358318 0.20736 0.358318 0.358318 0.248832
0.358318 0.248832 0.298598 0.248832 0.358318 0.298598 0.358318 0.358318 0.248832 0.298598
0.248832 0.358318 0.298598 0.298598 0.248832 0.248832 0.358318 0.144 0.248832 0.358318
0.358318 0.358318 0.358318 0.20736 0.248832 0.358318 0.358318 0.358318 0.358318 0.238879
0.358318 0.358318 0.358318 0.298598 0.238879 0.248832 0.298598 0.358318 0.358318 0.358318
0.20736 0.358318 0.358318 0.248832 0.199066 0.298598 0.358318 0.248832 0.248832 0.358318
0.358318 0.248832 0.298598 0.358318 0.358318 0.358318 0.358318 0.248832 0.358318 0.20736
0.358318 0.358318 0.358318 0.298598 0.20736 0.248832 0.298598 0.248832 0.298598 0.248832
0.20736 0.248832 0.165888 0.358318 0.165888 0.20736 0.358318 0.248832 0.144 0.358318
0.248832 0.298598 0.20736 0.358318 0.298598 0.20736 0.298598 0.358318 0.199066 0.20736
0.248832 0.298598 0.358318 0.298598 0.358318 0.298598 0.358318 0.358318 0.13271 0.165888
0.298598 0.298598 0.298598 0.358318 0.248832 0.248832 0.248832 0.298598 0.20736 0.298598
0.298598 0.298598 0.20736 0.358318 0.248832 0.20736 0.298598 0.358318 0.298598 0.358318
0.358318 0.298598 0.298598 0.298598 0.358318 0.358318 0.358318 0.248832 0.358318 0.358318
0.358318 0.165888 0.358318 0.298598 0.298598 0.358318 0.298598 0.20736 0.358318 0.298598
0.20736 0.358318 0.358318 0.248832 0.20736 0.20736 0.358318 0.358318 0.298598 0.298598
0.238879 0.358318 0.298598 0.199066 0.248832 0.298598 0.358318 0.298598 0.358318 0.248832
0.199066 0.358318 0.298598 0.248832 0.358318 0.358318 0.358318 0.298598 0.20736 0.248832
0.298598 0.358318 0.298598 0.358318 0.358318 0.358318 0.298598 0.298598 0.358318 0.358318
0.298598 0.358318 0.358318 0.238879 0.358318 0.358318 0.358318 0.358318 0.298598 0.20736
0.358318 0.358318 0.298598 0.358318 0.358318 0.298598 0.358318 0.358318 0.358318 0.358318
0.358318 0.358318 0.358318 0.358318 0.358318 0.358318 0.358318 0.358318 0.358318 0.298598
0.358318 0.358318 0.358318 0.358318 0.358318 0.358318 0.358318 0.358318 0.358318 0.358318
0.358318 0.358318 0.358318 0.358318 0.248832 0.358318 0.358318 0.358318 0.358318 0.358318
0.238879 0.358318 0.248832 0.358318 0.358318 0.358318 0.358318 0.358318 0.358318 0.358318
0.358318 0.358318 0.298598 0.298598 0.358318 0.358318 0.358318 0.358318 0.298598 0.358318
0.358318 0.298598 0.358318 0.358318 0.298598 0.358318 0.358318 0.248832 0.358318 0.358318
0.358318 0.358318 0.358318 0.358318 0.358318 0.358318 0.358318 0.298598 0.358318 0.358318
0.358318 0.358318 0.358318 0.358318 0.358318 0.358318 0.358318 0.358318 0.358318 0.358318
0.358318 0.358318 0.358318 0.358318 0.358318 0.358318 0.358318 0.358318 0.358318 0.358318
0.298598 0.358318 0.358318 0.358318 0.358318 0.358318 0.358318 0.358318 0.358318 0.358318
0.358318 0.358318 0.358318 0.358318 0.358318 0.358318 0.358318 0.358318 0.358318 0.358318
0.358318 0.358318 0.358318 0.358318 0.358318 0.358318 0.358318 0.358318 0.358318 0.358318
0.358318 0.358318 0.358318 0.358318 0.358318 0.358318 0.358318 0.358318 0.358318 0.358318
0.358318 0.358318 0.358318 0.298598 0.358318 0.358318 0.358318 0.358318 0.358318 0.358318
0.358318 0.358318 0.358318 0.358318 0.358318 0.199066 0.358318 0.358318 0.358318 0.358318
0.358318 0.358318 0.298598 0.358318 0.358318 0.358318 0.358318 0.358318 0.358318 0.358318
0.358318 0.358318 0.358318 0.358318 0.358318 0.358318 0.358318 0.358318 0.358318 0.358318
0.358318 0.358318 0.358318 0.358318 0.358318 0.358318 0.358318 0.358318 0.358318 0.358318
0.358318 0.358318 0.358318 0.358318 0.358318 0.358318 0.358318 0.358318 0.358318 0.358318
0.358318 0.358318 0.358318 0.358318 0.358318 0.358318 0.358318 0.358318 0.358318 0.358318
0.358318 0.358318 0.358318 0.358318 0.358318 0.358318 0.358318 0.358318 0.358318 0.298598
0.298598 0.358318 0.358318 0.144 0.358318 0.358318 0.358318 0.358318 0.358318 0.358318
0.358318 0.358318 0.358318 0.358318 0.358318 0.358318 0.358318 0.358318 0.358318 0.358318
0.358318 0.358318 0.358318 0.358318 0.358318 0.358318 0.358318 0.358318 0.358318 0.358318
0.358318 0.298598 0.358318 0.358318 0.358318 0.358318 0.358318 0.358318 0.358318 0.358318
0.358318 0.358318 0.358318 0.298598 0.358318 0.358318 0.358318 0.358318 0.358318 0.358318
0.358318 0.358318 0.358318 0.358318 0.358318 0.358318 0.358318 0.358318 0.358318 0.358318
0.358318 0.358318 0.358318 0.358318 0.358318 0.358318 0.358318 0.298598 0.358318 0.358318
0.358318 0.358318 0.358318 0.358318 0.358318 0.358318 0.358318 0.358318 0.358318 0.248832
0.358318 0.248832 0.358318 0.358318 0.358318 0.358318 0.358318 0.358318 0.358318 0.358318
0.358318 0.358318 0.358318 0.358318 0.358318 0.358318 0.358318 0.358318 0.358318 0.298598
0.358318 0.358318 0.358318 0.358318 0.358318 0.358318 0.358318 0.358318 0.358318 0.358318
0.358318 0.358318 0.358318 0.20736 0.248832 0.358318 0.358318 0.358318 0.358318 0.358318
0.358318 0.358318 0.358318 0.358318 0.358318 0.358318 0.358318 0.358318 0.358318 0.358318
0.358318 0.358318 0.358318 0.358318 0.358318 0.358318 0.358318 0.358318 0.358318 0.358318
0.358318 0.358318 0.358318 0.358318 0.358318 0.358318 0.358318 0.358318 0.358318 0.358318
0.20736 0.358318 0.358318 0.358318 0.358318 0.358318 0.358318 0.358318 0.358318 0.358318
0.358318 0.358318 0.358318 0.358318 0.358318 0.358318 0.358318 0.358318 0.358318 0.358318
0.358318 0.358318 0.358318 0.358318 0.358318 0.358318 0.358318 0.358318 0.358318 0.358318
0.298598 0.358318 0.358318 0.358318 0.358318 0.358318 0.358318 0.358318 0.358318 0.358318
0.358318 0.358318 0.358318 0.248832 0.298598 0.358318 0.248832 0.358318 0.248832 0.358318
0.358318 0.358318 0.358318 0.358318 0.358318 0.358318 0.358318 0.358318 0.358318 0.358318
0.298598 0.358318 0.358318 0.358318 0.358318 0.358318 0.358318 0.358318 0.248832 0.298598
0.358318 0.358318 0.358318 0.358318 0.358318 0.358318 0.358318 0.358318 
>categories:
0 0
1 1
>mixtureAssignment:
0 1 0 0 0 0 0 0 0 0 0 0 0 0 0 0 0 0 0 0 0 0 0 0 0 0 0 0 0 0 0 0 0 0 0 0 0 0 0 0 0 0 0 0 0 0 0 0 0 0
0 0 0 0 0 0 0 0 0 0 0 0 0 0 0 0 0 0 0 0 0 0 0 0 0 0 0 0 0 0 0 0 0 0 0 1 0 0 0 0 0 0 0 0 0 0 0 0 0 0
0 0 0 0 0 0 0 0 0 0 0 0 1 0 0 0 0 0 0 0 0 0 0 0 0 0 0 0 0 0 0 0 0 0 0 0 0 0 0 0 0 0 0 0 0 0 0 0 0 0
0 0 0 0 0 0 0 0 0 0 0 0 0 0 0 0 0 0 0 0 0 0 0 0 0 0 0 0 0 0 0 0 0 0 0 0 0 0 0 0 0 0 0 0 0 0 0 0 0 0
0 0 0 0 0 0 0 0 0 0 0 0 0 0 0 0 0 0 0 0 0 0 0 0 0 0 0 0 0 0 0 0 0 0 0 0 0 0 0 0 1 0 1 0 0 0 0 0 0 0
0 0 0 0 0 0 0 0 0 0 0 0 1 0 0 0 0 0 0 0 0 0 0 0 0 0 0 0 0 0 0 0 0 0 0 0 0 1 0 0 0 0 0 0 1 0 0 0 0 0
0 0 0 0 0 0 0 0 0 0 0 0 0 0 0 0 0 0 0 0 1 0 0 0 0 0 0 0 0 0 0 0 0 0 0 0 0 0 0 0 0 0 0 0 0 0 1 1 0 0
0 0 0 0 0 0 0 0 0 0 0 0 0 0 0 0 0 0 0 0 0 0 0 0 0 0 0 0 0 0 0 0 0 0 0 0 0 0 0 0 0 0 0 1 0 0 0 0 0 0
0 0 0 0 1 0 0 0 0 0 0 0 0 0 0 0 0 0 1 0 0 0 0 0 0 0 0 0 0 0 0 0 0 0 0 0 0 0 0 0 1 1 1 0 0 1 1 1 1 0
0 0 0 0 0 0 0 0 0 0 0 0 0 0 0 0 0 0 0 0 0 0 0 0 0 0 0 0 0 0 0 0 0 0 0 0 0 0 0 0 0 0 0 0 0 0 0 0 0 0
0 0 0 0 0 0 0 0 0 0 0 0 0 0 0 0 0 0 0 0 0 0 0 0 0 0 0 0 0 0 0 0 0 0 0 0 0 0 0 0 0 0 0 0 0 0 0 0 0 0
0 0 0 0 0 0 0 0 0 0 0 0 0 0 0 0 0 0 0 0 0 0 0 0 0 0 0 0 0 0 0 0 0 0 0 0 0 1 1 0 0 0 0 0 0 0 0 0 0 0
0 0 0 0 0 0 0 0 0 0 0 0 0 0 0 0 0 0 0 0 0 0 0 0 0 0 0 0 1 1 0 0 0 0 0 0 0 0 0 0 0 0 0 0 0 0 0 0 0 0
0 0 0 0 0 0 0 0 0 0 0 0 0 0 0 0 0 0 0 0 0 0 0 0 0 0 0 0 0 0 0 0 0 0 0 0 0 0 0 0 0 0 0 0 0 0 0 0 0 0
0 0 0 0 0 0 0 0 0 0 0 0 0 0 0 0 0 0 0 0 0 0 0 0 0 0 0 0 0 0 0 0 0 0 0 0 0 0 0 0 0 0 0 0 0 0 0 0 0 0
0 0 0 0 0 0 0 0 0 0 0 0 0 0 0 0 0 0 0 0 0 0 0 0 0 0 0 0 0 0 0 0 0 0 0 0 0 0 0 0 0 0 0 0 0 0 0 0 0 0
0 0 0 0 0 0 0 0 0 0 0 0 0 0 0 0 1 1 0 0 0 0 0 0 0 0 0 0 0 0 0 0 0 0 0 0 0 0 0 0 0 0 0 0 0 0 0 0 0 0
0 1 0 0 0 0 0 0 0 0 0 0 0 0 0 0 0 0 0 0 0 0 0 0 0 0 0 0 0 0 0 0 0 0 0 0 0 0 0 0 0 0 0 0 0 0 0 0 0 0
0 0 0 0 0 0 0 0 0 0 0 0 0 0 0 0 0 0 0 0 0 0 0 0 0 0 0 1 1 0 0 0 0 0 0 0 0 0 0 0 0 0 0 0 0 1 0 0 0 0
0 0 0 0 0 0 0 0 0 0 0 0 1 1 0 0 1 1 1 0 1 0 1 1 1 1 1 1 0 1 1 1 1 1 1 1 1 1 1 1 1 1 1 1 1 0 1 1 1 1
1 1 1 1 1 1 1 1 1 1 0 1 0 1 1 1 1 1 1 1 1 1 1 1 0 0 1 1 1 0 1 1 1 1 1 1 1 1 1 1 1 0 1 1 0 0 1 1 1 0
1 1 1 1 1 1 1 1 1 1 1 1 1 1 1 1 0 1 1 1 1 1 1 1 0 1 1 1 1 1 1 1 1 1 1 1 0 1 1 1 1 1 1 1 1 1 1 1 1 1
1 1 1 1 1 1 1 1 1 1 1 1 1 1 1 1 1 0 0 1 1 1 1 1 1 0 1 1 1 1 1 1 0 1 1 1 1 1 1 1 1 1 1 1 1 1 1 0 0 0
1 1 1 1 1 1 1 1 1 1 1 1 0 1 1 1 1 1 1 1 1 1 1 1 1 1 1 1 1 1 1 1 1 1 1 1 1 1 1 0 0 1 1 1 1 1 1 1 1 1
1 1 1 1 1 1 1 1 1 1 1 1 0 0 1 1 1 1 1 1 1 1 1 1 1 1 1 1 1 1 1 1 1 1 1 1 1 1 1 1 1 1 1 1 1 1 1 1 1 1
1 1 1 1 1 1 1 1 1 0 1 1 1 1 1 1 1 1 1 1 1 1 1 1 1 1 1 1 1 1 1 1 1 1 1 1 1 1 1 1 1 1 1 1 1 1 1 1 1 1
1 1 0 1 0 1 1 1 1 1 1 1 1 1 1 1 1 1 1 1 1 1 1 1 1 1 1 1 1 1 1 1 1 1 1 0 1 1 1 1 0 1 1 1 1 1 1 1 1 1
1 1 1 1 1 1 1 1 1 1 1 1 1 1 1 1 1 1 1 1 1 1 1 1 1 1 1 1 1 1 1 1 1 0 0 1 1 1 1 1 1 1 1 1 1 1 1 1 1 1
1 1 1 1 1 0 1 0 1 1 0 1 1 1 0 1 0 1 
>numMutationCategories:
2
>numSelectionCategories:
2
>categoryProbabilities:
0.703473 0.296527 
>selectionIsInMixture:
***
0 
***
1 
>mutationIsInMixture:
***
0 
***
1 
>currentSynthesisRateLevel:
***
0.100272 1.15926 0.705515 0.388666 1.71717 0.518432 0.906685 0.0552673 2.56747 0.444793
0.891455 0.795787 1.08526 0.469542 0.889139 0.177129 0.606665 1.26763 0.254029 0.131406
0.726461 1.05501 0.847232 0.217994 1.24428 0.455023 0.650095 1.7155 0.926817 0.620287
1.15775 0.104524 0.374926 0.433057 0.464517 0.790009 1.15711 0.310001 0.953901 1.30014
1.20364 0.39831 0.518876 0.292389 0.497905 0.232679 0.743489 0.922903 0.990725 0.404746
0.664534 1.28496 0.648655 1.08392 0.421537 1.58169 0.500733 0.2693 0.481159 0.741915
0.423553 0.449561 0.346901 0.997136 0.435561 0.433612 0.670554 0.569453 1.00025 0.346014
2.76287 0.661836 0.652184 1.41419 0.449006 0.63456 0.918215 0.6848 1.76303 1.61428
0.42556 1.44433 2.60616 0.503878 0.318512 0.537417 1.02393 0.921635 0.447861 0.969835
0.158079 1.26605 2.57651 0.134479 2.62261 0.181522 2.0087 0.772203 1.00055 0.584844
0.274133 0.548579 1.07271 0.810122 0.458172 0.30527 0.265996 0.376164 1.29512 0.435333
0.753682 0.854342 0.0843683 0.609396 2.27088 7.00637 1.86178 0.579888 0.512915 0.455626
0.210533 0.564395 1.29227 1.09248 0.296082 1.15016 0.675919 0.701736 1.45269 0.493981
1.21568 0.130172 0.391676 0.382113 0.720612 0.390498 4.69104 0.517975 0.860645 1.8989
0.373879 0.26168 0.902787 1.44863 0.167449 1.34037 2.82058 0.447452 0.178743 0.950693
0.738917 0.303782 1.99885 0.820959 1.13721 0.984025 0.290055 1.09347 1.69276 0.20706
0.359864 0.319832 0.462281 1.07649 0.266458 1.35139 0.300577 6.01817 0.41989 2.58798
1.2261 0.758624 0.962465 1.12945 0.160245 0.498957 0.806325 1.24884 0.858417 1.79218
1.0431 0.609869 0.329482 0.526766 1.09035 0.553736 0.871687 0.675944 0.763794 0.198817
0.62624 1.36083 0.670321 2.82528 0.494471 0.397619 0.250103 0.411996 0.702982 0.205727
0.94339 8.98688 1.53362 1.45026 0.47063 0.207668 0.185184 1.53321 0.235041 0.732526
0.587671 0.337286 0.569978 0.479056 0.584734 1.0331 0.521367 0.932341 0.849404 0.34591
0.43589 0.7763 0.424404 1.78141 0.546844 0.83877 0.603051 0.315844 0.619426 0.229332
1.30227 0.988951 0.404368 0.413699 0.329765 0.247002 0.575137 0.653052 0.255085 0.549112
1.21822 1.43211 1.38737 3.5495 1.09349 1.47404 0.156303 1.67107 0.881091 1.45856
0.503549 0.946203 1.95249 0.723193 0.276088 1.38624 7.06174 0.674942 0.349373 2.35103
0.397085 1.51657 1.48661 0.227114 0.583094 0.589395 0.553951 0.306359 0.905046 1.02906
0.248406 0.877036 0.19271 0.162802 0.438037 0.368586 0.492173 0.656302 0.385238 0.942195
0.559643 0.576536 0.704122 1.37027 0.367825 1.27914 7.75608 1.66407 0.69122 0.55429
0.550691 0.152498 0.863546 0.827577 1.12352 0.276505 1.14095 3.30575 0.675403 0.511087
0.44234 0.892885 3.03603 0.223048 0.188991 0.831428 0.714831 0.522116 0.634356 0.4772
0.661408 2.26992 0.428223 0.468729 0.439895 1.15252 0.610182 0.12746 1.44105 0.49866
3.1512 0.668576 0.570399 2.7886 0.459827 2.81261 0.138211 4.58149 0.704669 0.950053
0.381584 0.644226 0.26363 1.41032 8.32432 0.968323 0.787817 1.23703 0.925523 0.600522
0.347346 0.385706 0.558521 0.515155 1.05878 0.543108 0.842966 0.912718 0.390594 0.531237
0.24992 0.389092 0.980549 1.00615 0.574876 0.340074 1.12009 1.05528 0.898394 0.429552
0.840864 1.47476 0.751456 0.211012 0.284749 0.300278 0.597556 0.781512 5.10843 0.467766
0.665383 1.43782 0.900988 2.13 1.16605 0.755578 0.885892 0.249206 0.749039 0.638521
1.20283 0.183306 0.57652 0.512932 2.92075 0.830838 0.535169 0.449565 0.575358 1.21887
0.289549 1.18361 0.827769 2.14887 0.683676 0.209535 0.292486 0.202508 0.628654 1.08504
0.552698 1.04071 0.672127 2.42274 1.38337 0.512832 0.654178 0.774731 0.418442 0.691981
0.228821 1.81998 0.383237 0.473504 1.47047 0.710722 0.581069 0.64236 5.25852 1.34311
1.42183 0.769948 1.19329 0.908154 0.319355 0.572378 0.737331 1.21053 0.292034 1.72062
0.317399 1.00542 1.02184 0.145787 1.80129 1.34572 0.808971 0.892294 4.77641 0.201484
0.574817 0.826137 0.269777 0.195892 0.613876 0.0906239 0.139211 0.414169 0.151715 0.106618
0.694698 0.799539 0.228285 1.68275 0.426352 1.17524 0.357165 0.779685 2.50118 1.04396
0.322376 1.00391 0.0785176 0.560494 0.190968 0.560603 0.613455 0.212 3.44503 9.34249
1.63044 0.269969 0.510972 0.407669 0.583216 1.45148 0.61597 1.80948 0.611449 0.537873
1.09975 0.353949 5.19329 0.576365 1.73801 0.550748 2.22366 0.741478 0.283367 0.490278
7.72139 0.467056 1.82779 0.513451 0.6458 0.968823 0.591084 1.67235 5.48046 0.494142
0.346484 0.448856 0.328491 0.0328236 0.346918 0.511109 1.82744 0.576881 0.771522 0.320312
0.349219 0.272125 0.484585 0.247246 0.469789 0.730953 2.62494 0.511562 0.159108 0.963612
0.747833 0.129539 0.327783 2.32217 0.808586 1.1742 0.379794 0.798054 1.13226 2.99413
0.752803 0.248197 0.5432 0.723503 1.14665 0.304233 1.14561 0.601245 0.741873 0.848359
1.26957 0.144541 1.24764 0.380835 0.288928 0.744481 0.709781 0.749149 0.416213 1.2213
1.09884 0.605235 0.112572 0.220502 0.318862 0.553003 0.34333 2.95871 0.252731 0.767514
0.469853 0.130872 0.560786 1.10822 0.421038 0.922555 0.855334 0.187723 1.28542 0.517947
1.07316 0.394476 1.70039 0.447552 0.258436 0.645586 0.3877 0.113327 1.79094 0.369595
0.243533 1.22022 0.161134 0.962523 0.317797 0.760503 1.17355 1.71094 1.34716 0.988853
0.214842 0.371061 0.728417 6.18901 0.649614 0.622342 0.761141 0.251505 0.648346 0.523652
0.657913 0.336486 0.533106 5.95304 0.290331 0.99586 2.08268 0.317922 0.461573 7.16546
0.66821 0.803171 1.55323 2.49495 0.807647 0.791866 1.14767 0.345416 0.299723 0.161606
0.609415 0.791575 0.559541 0.41802 4.91832 0.269479 0.475903 11.3526 0.194835 0.820204
0.0987697 1.59778 0.246306 0.592763 3.68804 0.177167 0.309975 0.436237 0.340458 0.950738
0.700296 0.29657 2.07073 0.490835 0.617867 0.189178 0.769254 0.175827 0.894353 0.397642
1.6516 3.05574 0.703483 0.740875 0.973465 0.0727274 0.307397 2.06253 2.14877 0.450362
0.940686 0.620149 0.733971 0.259178 0.109968 0.302626 0.833272 0.256296 2.26787 0.541402
0.293056 4.0404 0.768966 9.07837 0.670036 0.810148 0.721124 1.95791 1.69088 1.59952
0.709845 1.87112 0.38271 0.27586 0.755031 0.346634 0.290077 1.3165 1.09377 3.74005
2.11786 1.97153 1.03959 0.523849 0.245106 0.391366 1.44826 0.238379 1.21336 0.796234
1.60187 0.557756 6.1016 1.93094 0.775735 0.122272 0.570973 6.03989 0.534008 1.15169
0.521542 2.31487 0.314234 0.649837 0.786799 0.727536 0.482404 0.812761 1.02761 0.770273
0.598422 0.501814 0.408152 0.309288 2.75041 4.54779 0.162266 0.267221 0.867722 0.538516
0.888285 0.528949 0.324378 0.470826 0.293528 0.8221 0.513779 0.494063 0.275467 0.804635
0.180254 0.964214 1.35584 0.55377 0.738859 0.522289 0.717659 0.383999 1.49836 3.36598
0.604859 0.195477 0.237872 0.468301 1.64683 0.435992 0.152532 2.25262 0.52611 0.862822
0.383538 1.08087 0.973674 1.37053 0.370174 1.15265 3.82655 0.677375 0.208577 0.189882
2.57156 0.217573 0.212929 6.75 0.414313 1.65313 2.68583 0.701544 0.757423 0.448591
0.610681 1.15999 0.477571 2.462 0.471239 0.253011 0.410658 0.395292 0.590449 1.18671
0.377103 0.202685 0.406771 0.31282 0.311381 0.506583 0.450001 0.458249 0.617883 0.318051
1.0723 0.213365 0.825612 0.371222 0.630585 0.954376 1.47411 0.678982 1.32922 0.934834
0.936628 0.379667 8.68558 1.57258 0.434141 0.404425 2.53088 0.712127 0.122049 0.379873
0.857571 0.548245 0.432283 0.334391 0.542373 0.904071 0.450196 0.667845 2.85945 6.84227
7.03721 0.333281 1.2747 0.247379 0.344991 0.175486 0.190984 0.860596 0.225588 0.61173
0.802826 0.296706 0.230282 0.881534 0.735052 0.912039 0.143907 0.89737 0.435647 1.60849
0.627277 1.82178 0.474865 1.18289 0.949102 1.56712 0.236845 0.112171 1.0717 2.37802
0.78534 0.210484 0.49137 2.54493 0.378542 0.496736 0.412227 0.55139 2.16896 0.389953
0.759685 0.975036 1.04369 0.422726 0.617522 0.552096 0.488853 1.07151 2.307 2.32329
1.82102 0.927256 1.08099 0.444167 0.344936 8.4353 1.66388 0.627409 0.50207 0.049603
0.493301 0.43537 0.491833 0.738134 1.03201 0.968598 0.551246 0.432094 0.710523 0.51962
0.230239 0.340901 0.177199 0.33702 0.166606 0.338636 0.754852 0.767438 0.97073 0.753524
1.37361 0.30616 0.713944 2.73055 0.603747 0.74406 0.329092 1.0846 0.304461 0.564923
1.9082 1.07611 0.228742 0.139215 1.08563 1.04901 0.435155 0.11785 1.92856 0.376834
1.27471 0.0818466 0.385375 0.686476 1.40153 0.265029 0.825006 0.45434 6.58429 0.280761
0.932606 0.43042 0.682101 0.33364 0.511864 0.763691 2.35605 0.553295 1.77647 0.829317
0.712542 0.752192 0.329737 0.719869 0.380451 0.425439 0.321521 0.584212 0.351525 0.669933
0.450196 0.149288 0.808051 1.75168 0.0436037 0.418522 0.324936 1.10444 1.0444 0.965696
1.02228 0.417369 2.50737 0.796454 0.215705 0.448345 1.01392 0.89304 0.995833 0.314663
0.37535 0.509299 0.0743925 0.206922 0.337344 1.45643 1.07729 0.381211 0.228505 3.91801
1.65425 0.735773 0.257283 0.509609 0.506827 0.0958012 0.365045 0.325994 0.640248 0.456155
0.0815347 0.933551 0.631711 0.339068 2.59235 0.557545 0.649267 0.40283 0.219927 1.44749
1.56778 0.148504 4.46052 0.742042 0.444371 0.786376 0.287388 0.33752 0.239821 0.377377
1.02324 0.0622904 0.904005 1.26688 0.0949595 0.148697 0.0658577 0.368224 1.26336 0.10605
2.98253 0.663691 0.305691 0.324397 0.258095 0.925528 0.158897 4.01307 0.155053 0.213644
0.534896 7.09924 1.56665 0.159097 0.349537 0.130894 0.23171 1.23919 0.652641 0.186714
0.303397 0.0714628 0.345348 0.178571 0.554814 0.308257 0.291345 0.302739 0.0396129 0.168344
0.32346 0.981369 0.280962 0.18757 0.686102 0.260265 0.430507 0.209753 0.203019 0.150695
0.263039 0.722146 0.759631 0.68596 0.138326 0.613708 0.368033 0.25561 0.696435 0.199535
0.563036 0.202185 0.340922 0.132671 0.37164 0.0828318 0.558313 0.148959 0.293137 0.358249
0.176758 0.677488 0.342903 0.202013 0.147595 0.156589 0.199513 0.219945 0.2135 0.173813
1.6043 0.160661 0.289983 0.881539 0.544767 0.105675 0.132323 0.93605 0.197677 0.242332
0.505869 0.542906 0.561776 0.554991 0.271117 2.88236 0.597108 0.446788 0.290439 0.366894
0.328218 0.146101 0.530306 0.283362 0.12865 1.95821 0.213142 0.277025 0.349191 0.185175
0.109972 0.318906 0.33183 0.38363 0.366724 0.333859 1.13871 0.507181 0.124309 0.373624
0.406001 0.928248 0.193453 0.298996 0.127101 0.0876505 0.702125 4.57157 6.50534 3.94488
0.305586 0.416139 0.211734 0.172567 1.68996 0.199662 0.231185 0.429671 0.15571 0.568751
0.177594 0.335821 7.8413 0.298343 0.606191 0.237002 0.217282 0.383508 0.232459 1.21938
1.37453 0.199175 0.202452 0.102009 1.03932 1.71352 4.13996 0.257652 1.05071 0.105189
0.118011 0.295791 1.20836 0.287995 0.616917 0.19942 0.350574 0.114554 0.268623 3.29247
3.80384 0.207446 0.391347 2.18754 2.14478 0.0874648 0.199167 0.202657 0.251507 1.25175
0.757738 0.145098 0.0965719 0.133808 0.114092 0.398775 0.868067 0.304688 0.149243 0.178587
0.369813 0.196024 0.510031 0.292787 0.854913 0.603481 1.37753 0.142427 0.521749 0.0407178
0.319894 6.0141 0.154915 4.96718 0.393837 0.114661 0.0249118 0.0533272 1.21455 0.634212
0.135969 0.127869 0.580857 1.01801 0.284404 0.400654 0.610382 0.553795 0.290903 0.184633
0.393337 0.197697 0.454011 0.456565 0.464532 0.301219 0.848008 0.613844 0.194012 0.42144
0.943646 1.06596 0.353281 0.295314 0.143237 1.00172 0.152226 2.85658 0.214387 0.087382
0.272077 0.0371446 0.197063 0.548861 0.226773 0.284955 0.593844 0.263998 0.29243 2.58274
0.0978013 2.75885 0.645861 0.340638 0.499605 0.797515 0.102857 0.592186 0.581677 0.185993
0.194511 1.43572 0.273947 0.317366 0.337068 0.12766 0.123335 0.598 0.90768 2.85898
0.109682 0.377615 1.00503 0.13893 0.530455 0.22034 1.03506 0.130993 0.21337 0.614575
0.184043 0.983086 0.37355 1.88585 1.82098 0.348224 0.360426 0.491088 0.354665 0.518286
1.41491 0.460939 0.480541 0.102047 0.235349 0.360068 0.348993 0.0759431 0.243994 0.386111
0.151094 0.785516 0.322416 0.193348 0.114282 0.820586 0.159305 0.904958 0.118003 0.693075
0.419459 0.398435 0.486401 0.668634 0.0983727 0.840785 0.495929 1.09191 0.326296 0.243079
1.06455 0.387206 0.0753396 0.742034 0.809537 0.392571 0.706576 0.108414 1.36864 0.820805
0.114967 0.200837 0.386918 0.726942 0.357738 0.631417 0.240903 0.372421 0.218798 0.313922
1.08667 0.891692 0.130271 0.40813 0.265775 0.332199 0.176116 0.499426 0.163624 0.997086
0.673468 0.179504 0.509089 0.319986 0.284674 0.536727 1.25376 0.325085 0.0651832 1.99436
0.206887 0.0607957 1.06291 6.73158 13.0208 0.167494 0.924927 0.893362 2.26413 0.877082
0.144724 0.260487 0.563182 0.372348 0.632825 1.50912 0.486177 0.368531 0.501281 0.289626
4.12788 0.386267 0.259834 0.447377 0.433256 0.521227 0.980789 5.20282 0.971276 0.396218
0.363215 0.608899 1.32674 0.745728 0.204213 0.58471 0.0640718 0.228461 
***
2.14943 1.8619 2.26069 2.02727 2.91082 2.22184 2.22643 1.84394 3.79391 1.70526
1.91016 2.33849 2.26515 1.98054 2.28423 1.75324 1.96262 2.22939 1.7604 2.2691
2.25094 2.28633 1.6209 1.16267 2.61962 1.72579 1.8052 2.8201 2.21699 2.07948
3.17942 1.35809 1.69905 1.86999 2.00342 2.3891 2.26057 1.66397 1.96054 2.2815
2.491 1.74382 1.78698 1.57847 1.82536 1.39425 1.67463 1.98751 2.41711 1.56365
1.9838 2.3947 1.83608 2.11396 1.41298 2.17425 1.24094 1.60805 1.64225 2.17043
2.25153 1.90961 1.6216 1.76391 2.01624 1.33938 2.3548 2.51682 2.47809 2.04052
3.82014 1.91865 1.68298 2.02933 1.86911 1.67282 1.7265 1.80302 2.41085 3.1325
1.79693 2.83833 3.17455 1.98529 1.38838 1.14919 1.81638 1.7697 1.87758 2.21904
1.0288 1.85706 3.3075 1.68368 3.21657 1.10361 2.40103 1.96336 1.98468 2.0354
1.71678 2.25888 2.4844 1.70532 1.66245 1.50665 1.73772 1.65524 3.16263 1.86428
1.82889 1.83642 1.03803 1.37014 3.37067 4.91448 3.38371 2.12748 1.78705 1.77062
1.47657 1.9186 2.67376 2.34686 1.35987 2.68817 2.00361 2.39895 2.17998 1.84159
2.40773 1.49693 1.80956 2.05009 2.16804 2.39067 4.45597 1.96536 2.50648 3.02821
2.38025 1.70947 2.0879 2.97175 1.39544 2.07756 3.58423 1.32412 1.54922 1.64528
1.67959 1.52304 2.80067 1.65512 2.36534 2.18052 1.73686 2.26083 2.39996 1.49838
2.29911 1.80856 1.83198 2.15063 2.03672 2.36321 1.59508 4.99677 1.69035 4.4099
2.59568 2.16641 2.57964 2.33649 1.9805 2.19474 2.26281 2.80709 2.56544 2.69251
2.29475 1.85411 2.17725 1.90842 2.28856 2.13274 1.85276 2.24619 1.42642 1.71571
1.87735 2.47757 1.89654 3.44146 1.949 2.00094 0.874598 1.41626 1.84399 1.35321
1.94913 6.08844 2.48197 3.12675 2.03632 0.977995 1.55335 3.58375 1.52235 1.97637
2.06915 2.01269 1.8562 1.69908 2.09747 2.21978 1.8017 2.20038 2.26879 1.59485
2.24336 1.74301 1.80536 1.97567 2.10206 1.79492 2.09634 1.92978 2.1621 1.97039
2.66961 2.33452 2.09724 2.05623 1.89863 1.80098 1.85686 2.55173 1.75241 2.14561
1.37228 2.37391 1.72376 4.55792 2.52107 2.70845 1.64917 2.85954 2.22111 2.45218
2.11174 2.22151 2.71691 2.34123 1.9032 2.47404 6.15352 1.51708 1.50303 2.9604
1.69316 2.74237 2.27832 1.74071 2.14105 2.21096 1.86418 1.58142 2.18714 2.35723
1.75653 1.94856 1.71434 1.89258 2.10133 1.95819 1.90249 1.92855 1.64389 2.48104
1.48451 2.19962 1.9274 2.7512 1.84313 2.37992 4.68991 2.17697 1.79001 2.12369
1.96653 1.3507 2.00277 1.82167 1.83293 1.66718 2.1214 4.34473 2.00601 1.86495
1.40898 2.29675 3.70264 1.63189 1.23518 2.25755 2.12182 1.79096 1.61899 1.76762
1.84526 3.29754 1.84026 1.45303 1.86671 2.15281 1.6248 1.72302 2.42309 2.04366
3.35793 1.93072 1.7125 3.64286 0.955374 3.7173 1.3528 5.19838 1.97513 2.0145
1.99089 2.0576 1.77693 2.65847 8.1902 2.92309 1.93178 2.84111 1.83478 1.38449
1.43868 1.32994 2.04655 2.16611 2.42007 1.72854 1.18712 1.66752 2.10118 1.92561
1.89665 1.90051 1.99751 1.81452 1.78635 1.86406 2.03441 2.34418 1.98412 1.62948
2.21939 2.85999 2.12561 1.80833 1.907 1.90549 2.18832 2.07837 6.10163 2.00845
2.21546 1.97319 2.73978 2.82694 2.94516 2.17101 2.37741 1.65551 2.47317 1.97274
2.85491 2.0395 2.08141 1.91982 3.29277 2.09518 1.59065 1.8635 1.53427 2.30606
1.59864 2.10516 1.75505 2.62283 2.31887 1.44008 1.38105 1.29694 1.477 1.9578
1.52123 1.96243 2.25213 3.18191 1.25297 1.74045 1.96646 1.6276 1.67968 1.95536
1.00643 2.77542 2.37821 1.93686 2.67455 1.76614 1.87333 2.21593 5.48505 2.09309
3.07086 2.22623 1.63464 1.81911 1.81206 1.96862 2.17813 2.51914 1.72721 2.90866
1.57314 2.08623 1.901 0.938886 2.66308 2.30334 2.24933 1.63077 4.65988 1.85109
1.20398 1.07532 0.563257 1.23847 1.29801 0.333822 0.508162 0.587993 1.1654 1.18172
1.8965 1.65362 0.938854 2.68055 1.859 2.55044 1.6868 2.07925 4.34649 2.79351
1.75182 2.27138 2.25433 1.97115 1.46067 1.71688 2.06489 1.47534 3.27321 6.80036
2.71157 1.53463 1.5287 1.76166 1.95434 2.7785 1.8771 3.2115 2.73345 1.90556
2.17294 1.68121 6.34228 2.04468 2.92488 2.14902 3.52803 2.06894 1.36991 2.3833
4.06079 1.87436 3.3052 1.94213 1.79833 1.87246 1.89849 2.36704 3.8884 1.27171
1.62607 1.76518 1.54244 0.74374 1.31512 2.14814 2.9642 1.94754 1.95801 2.09141
1.89433 1.83533 1.79221 1.6703 1.97226 1.83726 3.07519 1.43511 1.07375 2.21471
1.74916 1.5511 1.67628 3.28457 2.15948 1.6927 1.60901 1.86543 2.37149 3.54475
1.79506 1.79178 1.89263 2.55032 1.90699 1.648 2.12557 2.12297 2.14021 2.20842
2.96729 1.86392 2.52089 1.72173 1.93178 1.93277 2.10629 2.46466 1.53121 2.60868
1.99347 1.53519 1.33341 1.41498 1.66041 2.24872 1.86611 3.87119 1.85257 2.29349
2.19784 1.80096 2.11346 2.55407 2.03673 2.52404 2.56161 1.50483 2.54169 1.8891
2.46415 2.03413 2.66087 2.09877 1.97922 1.70976 1.88618 1.51487 3.01554 1.62291
1.60924 2.27471 0.59651 1.55326 1.67269 2.0177 2.41286 2.11021 1.85257 1.91764
1.73243 1.3723 1.90403 4.90552 1.96073 2.17097 2.49701 2.00574 1.96068 1.98244
2.01703 2.07206 1.67862 5.88317 1.63712 1.41346 3.50083 1.99126 2.13491 4.88282
2.06561 1.32508 2.4417 4.7241 1.79006 2.32178 2.27005 1.74283 1.94777 1.78254
1.94325 1.82379 1.65198 1.18754 3.74311 1.16686 1.45036 5.00475 1.07611 1.48708
0.941803 2.46858 1.67359 1.97698 4.27954 1.18381 1.63712 2.09202 1.33097 2.23586
2.04777 1.63296 2.54569 1.95877 2.04909 1.91024 2.56607 1.18436 2.37088 1.87148
2.93914 3.36708 1.88005 2.1669 2.09131 1.27792 1.13124 0.856338 2.56469 1.88203
2.39233 1.94886 1.72054 1.89537 2.64765 1.86015 2.23853 2.01121 3.01293 1.69608
1.96672 3.9037 2.17467 5.43278 1.24439 1.94153 1.94814 3.05359 2.22457 2.10303
2.23024 2.78622 1.37368 1.76162 2.24217 2.01498 1.53843 2.13561 1.6394 4.43746
3.40028 3.43451 2.23321 2.00492 1.72274 1.96827 4.11933 1.30422 2.60984 2.05128
2.67573 2.50365 5.07043 3.32959 1.69881 0.822228 1.5581 5.44256 1.40403 1.90147
1.46704 2.39483 1.68184 2.0167 2.20917 1.8902 1.75519 2.11426 2.21297 2.37428
2.25643 1.76392 1.82205 1.16322 2.99585 4.22971 0.689288 1.72331 2.29409 1.71905
1.92167 2.03229 1.94107 2.02805 1.81562 2.14804 1.97174 1.82135 1.92852 1.62557
1.34533 2.24299 2.33895 1.864 2.19455 2.27443 1.84188 1.14661 2.26832 3.10994
1.82993 2.01404 2.03482 1.74556 3.01405 2.11538 1.99927 3.13012 1.87668 2.18799
2.133 2.17709 2.09911 2.71447 1.70023 2.15293 3.59935 1.58889 1.07864 1.13728
3.51032 1.92398 1.09194 5.71315 2.16354 3.35161 3.75211 3.00392 2.08051 1.71314
2.04858 2.65762 1.90867 4.24621 0.9278 1.99979 1.87076 1.82822 2.02868 2.45699
1.49299 1.16964 1.74619 1.63659 2.00386 2.01262 1.96438 1.96438 1.8546 1.14706
2.15615 1.92633 1.17372 1.72708 1.93543 2.6422 2.92739 2.53784 1.73245 2.2436
2.21622 1.07265 6.09182 2.34338 1.9558 1.6743 2.69954 1.15966 1.53917 1.53694
2.2202 1.50665 1.49966 1.76182 2.20378 2.03338 2.24135 1.97886 4.49754 5.73311
5.29157 2.14904 2.01475 1.80198 1.76391 1.39929 1.77835 2.16727 1.67336 1.85724
1.69417 1.75387 2.19644 1.87913 2.15899 1.85452 1.46316 2.25583 1.8013 2.7029
2.01779 2.39108 1.72408 2.7172 2.38337 2.89891 1.70268 1.75311 2.42583 3.74497
2.11963 2.00554 1.79733 3.02293 1.41216 2.17319 1.74395 2.74993 3.09892 1.84994
1.66265 1.84494 2.17028 1.92431 2.61794 1.88886 2.1037 2.1489 3.68313 3.23522
3.07998 1.8051 2.375 1.51111 1.6539 5.46769 2.20975 1.6689 1.83139 1.77563
1.94426 1.60416 1.73975 2.03475 2.09122 2.42883 1.93305 1.43289 1.67619 1.74414
1.43051 1.83317 1.64538 1.69042 1.11418 1.81637 1.42983 2.01933 1.62893 1.59042
2.14525 1.92374 2.22433 3.50005 1.68828 2.32094 1.86377 2.30022 2.13842 1.69727
2.67946 2.31426 1.80699 1.92256 2.37487 2.41311 1.57752 0.708413 2.40674 2.24591
2.45009 1.64257 1.70125 1.78727 2.22703 2.12161 1.93024 1.77535 5.68458 1.39843
1.99277 1.29609 1.70095 2.17882 1.62119 1.05065 3.36065 2.10719 3.31478 2.29802
2.0427 2.15036 1.82797 1.41423 1.81706 1.56304 1.4721 1.42425 1.53545 1.68103
1.83692 0.547739 1.10522 1.62399 1.03378 1.33311 0.688289 1.58374 1.36331 2.06733
1.68881 0.962288 2.75274 1.28649 0.29116 1.21911 1.20856 0.651262 2.08077 0.792761
0.796798 1.42854 0.356656 0.906401 0.59407 1.18677 1.13961 0.677591 0.920862 3.01134
1.43882 0.565183 0.530493 0.54561 0.932321 0.530298 0.47387 1.25628 1.21849 0.664245
0.313726 1.75621 0.982552 0.74189 2.18325 0.824666 0.785639 0.431981 0.710558 1.38221
2.03726 0.0241708 3.42512 1.70347 0.577223 1.15194 0.472681 0.693847 0.445729 0.897777
1.0954 0.837837 1.48445 2.08287 0.964692 0.384095 0.6205 0.914685 1.43406 0.70682
2.11225 0.997999 0.717088 0.955833 1.2364 1.4118 0.670434 3.27471 0.758438 0.471337
0.942833 4.44422 1.34225 0.524987 1.46666 1.72474 0.761487 1.34863 0.958353 1.68307
0.604148 0.441782 0.754852 0.259035 0.707902 0.545631 0.645211 0.477664 0.206846 0.127827
0.640738 1.20849 0.260406 0.254854 0.934871 0.796162 1.42242 0.379708 0.203857 0.265061
0.557103 1.01957 0.920197 0.799394 1.15952 0.60648 0.192543 0.162893 0.361828 0.132797
0.758885 0.178612 0.529592 0.263835 0.503136 0.0453485 1.48965 0.236911 0.300898 0.708428
0.61238 1.4778 0.820644 0.741666 0.383008 0.19994 0.0569549 0.0710824 0.0674379 0.222534
1.45236 0.203663 0.59282 0.930527 0.91953 0.139284 0.385503 0.827776 0.110128 0.593289
0.403149 0.346928 0.978251 0.901654 0.651986 2.10507 0.707195 1.85743 1.27718 0.708005
0.548669 0.110912 1.03836 0.24463 1.05899 2.33403 0.731239 0.251374 0.599832 0.283293
0.133899 0.523465 1.48747 0.562616 0.330812 0.368562 1.06689 0.294818 0.339709 0.87388
0.511949 0.717833 0.824962 0.383109 0.519618 0.0857336 0.682092 4.869 4.98821 5.699
0.237397 0.35948 0.26664 0.516018 1.83666 0.319277 0.186902 0.482602 0.327838 0.360941
0.888593 0.789147 5.11504 0.434785 1.0677 0.513768 0.33257 0.79298 0.264741 1.36807
1.42887 0.967806 0.410134 0.12014 1.62172 1.48498 3.12582 0.495313 1.071 0.208082
0.464724 0.554358 0.791382 0.324922 1.23326 0.479714 0.164615 0.67024 0.548889 3.85413
3.87619 0.741997 0.758116 2.183 2.13742 0.671114 0.349694 0.41603 0.340958 1.42967
0.837692 1.06937 0.281415 0.179858 0.225415 0.400904 0.943407 0.599167 0.509469 0.268832
0.392501 0.420034 1.22635 0.962626 0.837665 0.546512 2.0739 0.436445 0.869322 0.357835
0.0923625 3.42162 0.698465 3.58982 0.416936 0.0781181 0.134401 0.0935105 1.62266 0.794945
0.0584682 0.319585 0.834224 0.671399 0.252494 0.373549 1.28228 0.39229 0.499381 0.312635
0.434227 0.655641 0.867689 0.993058 0.764285 0.624789 1.10706 0.507885 0.0807227 1.09673
1.12459 1.06216 0.510904 0.667724 0.163871 1.26086 0.44759 2.71047 0.0933506 1.11516
0.877415 0.319346 0.349659 0.506068 0.600063 0.0468643 0.326381 0.32292 0.725649 2.82609
0.274489 2.37151 0.622568 0.2361 0.876618 0.738034 0.400379 0.775654 0.466518 0.257793
0.067835 1.23456 0.621882 0.363657 0.442077 0.187363 0.322337 0.335746 0.992714 2.97631
0.518964 0.931167 1.32512 0.619974 0.817991 0.201976 0.876652 0.298554 0.332822 1.02023
0.47768 0.92007 1.79272 3.42286 3.1187 0.867874 0.947738 1.12445 0.186501 0.804887
1.75809 1.22796 0.967623 0.0954274 0.65186 0.937491 0.37523 0.307801 0.199706 0.454825
0.393039 0.618355 0.317702 0.730669 0.48388 0.686979 0.568439 0.824228 0.607766 0.630809
0.545389 0.734549 0.286052 0.639466 0.35656 1.21367 0.709653 1.46017 0.88585 0.627909
1.82675 0.77149 0.775437 0.608149 0.627057 0.778862 1.56155 0.44372 1.14378 0.978606
0.729977 0.897059 0.93031 1.11271 0.976657 0.427175 1.0188 0.161988 0.754003 0.330976
0.97971 0.825004 0.353952 0.422378 0.702578 0.72736 0.465368 0.561846 0.216761 0.838456
1.1964 0.236375 0.771711 0.33496 0.845918 0.68322 1.61777 1.20486 0.79195 1.48529
0.271951 0.211994 0.975021 4.60925 5.33995 0.767488 1.56731 1.11686 1.96336 1.21065
0.798816 0.357346 1.21644 0.623698 0.740373 2.18496 0.671139 0.419193 1.32986 0.356164
3.55066 0.568678 0.913279 0.928181 1.19025 0.761442 1.77382 3.92922 1.4494 1.28811
1.17097 1.19381 1.29594 1.05112 1.05918 1.22224 0.661119 0.37597 
>covarianceMatrix:
A
0.00922337	0	0	0	0	0	0	0	0	0	0	0	
0	0.00922337	0	0	0	0	0	0	0	0	0	0	
0	0	0.00922337	0	0	0	0	0	0	0	0	0	
0	0	0	0.00922337	0	0	0	0	0	0	0	0	
0	0	0	0	0.00922337	0	0	0	0	0	0	0	
0	0	0	0	0	0.00922337	0	0	0	0	0	0	
0	0	0	0	0	0	0.00922337	0	0	0	0	0	
0	0	0	0	0	0	0	0.00922337	0	0	0	0	
0	0	0	0	0	0	0	0	0.00922337	0	0	0	
0	0	0	0	0	0	0	0	0	0.00922337	0	0	
0	0	0	0	0	0	0	0	0	0	0.00922337	0	
0	0	0	0	0	0	0	0	0	0	0	0.00922337	
***
>covarianceMatrix:
C
0.209715	0	0	0	
0	0.209715	0	0	
0	0	0.209715	0	
0	0	0	0.209715	
***
>covarianceMatrix:
D
0.209715	0	0	0	
0	0.209715	0	0	
0	0	0.209715	0	
0	0	0	0.209715	
***
>covarianceMatrix:
E
0.209715	0	0	0	
0	0.209715	0	0	
0	0	0.209715	0	
0	0	0	0.209715	
***
>covarianceMatrix:
F
0.209715	0	0	0	
0	0.209715	0	0	
0	0	0.209715	0	
0	0	0	0.209715	
***
>covarianceMatrix:
G
0.00922337	0	0	0	0	0	0	0	0	0	0	0	
0	0.00922337	0	0	0	0	0	0	0	0	0	0	
0	0	0.00922337	0	0	0	0	0	0	0	0	0	
0	0	0	0.00922337	0	0	0	0	0	0	0	0	
0	0	0	0	0.00922337	0	0	0	0	0	0	0	
0	0	0	0	0	0.00922337	0	0	0	0	0	0	
0	0	0	0	0	0	0.00922337	0	0	0	0	0	
0	0	0	0	0	0	0	0.00922337	0	0	0	0	
0	0	0	0	0	0	0	0	0.00922337	0	0	0	
0	0	0	0	0	0	0	0	0	0.00922337	0	0	
0	0	0	0	0	0	0	0	0	0	0.00922337	0	
0	0	0	0	0	0	0	0	0	0	0	0.00922337	
***
>covarianceMatrix:
H
0.209715	0	0	0	
0	0.209715	0	0	
0	0	0.209715	0	
0	0	0	0.209715	
***
>covarianceMatrix:
I
0.0439805	0	0	0	0	0	0	0	
0	0.0439805	0	0	0	0	0	0	
0	0	0.0439805	0	0	0	0	0	
0	0	0	0.0439805	0	0	0	0	
0	0	0	0	0.0439805	0	0	0	
0	0	0	0	0	0.0439805	0	0	
0	0	0	0	0	0	0.0439805	0	
0	0	0	0	0	0	0	0.0439805	
***
>covarianceMatrix:
K
0.209715	0	0	0	
0	0.209715	0	0	
0	0	0.209715	0	
0	0	0	0.209715	
***
>covarianceMatrix:
L
0.000405648	0	0	0	0	0	0	0	0	0	0	0	0	0	0	0	0	0	0	0	
0	0.000405648	0	0	0	0	0	0	0	0	0	0	0	0	0	0	0	0	0	0	
0	0	0.000405648	0	0	0	0	0	0	0	0	0	0	0	0	0	0	0	0	0	
0	0	0	0.000405648	0	0	0	0	0	0	0	0	0	0	0	0	0	0	0	0	
0	0	0	0	0.000405648	0	0	0	0	0	0	0	0	0	0	0	0	0	0	0	
0	0	0	0	0	0.000405648	0	0	0	0	0	0	0	0	0	0	0	0	0	0	
0	0	0	0	0	0	0.000405648	0	0	0	0	0	0	0	0	0	0	0	0	0	
0	0	0	0	0	0	0	0.000405648	0	0	0	0	0	0	0	0	0	0	0	0	
0	0	0	0	0	0	0	0	0.000405648	0	0	0	0	0	0	0	0	0	0	0	
0	0	0	0	0	0	0	0	0	0.000405648	0	0	0	0	0	0	0	0	0	0	
0	0	0	0	0	0	0	0	0	0	0.000405648	0	0	0	0	0	0	0	0	0	
0	0	0	0	0	0	0	0	0	0	0	0.000405648	0	0	0	0	0	0	0	0	
0	0	0	0	0	0	0	0	0	0	0	0	0.000405648	0	0	0	0	0	0	0	
0	0	0	0	0	0	0	0	0	0	0	0	0	0.000405648	0	0	0	0	0	0	
0	0	0	0	0	0	0	0	0	0	0	0	0	0	0.000405648	0	0	0	0	0	
0	0	0	0	0	0	0	0	0	0	0	0	0	0	0	0.000405648	0	0	0	0	
0	0	0	0	0	0	0	0	0	0	0	0	0	0	0	0	0.000405648	0	0	0	
0	0	0	0	0	0	0	0	0	0	0	0	0	0	0	0	0	0.000405648	0	0	
0	0	0	0	0	0	0	0	0	0	0	0	0	0	0	0	0	0	0.000405648	0	
0	0	0	0	0	0	0	0	0	0	0	0	0	0	0	0	0	0	0	0.000405648	
***
>covarianceMatrix:
M

***
>covarianceMatrix:
N
0.209715	0	0	0	
0	0.209715	0	0	
0	0	0.209715	0	
0	0	0	0.209715	
***
>covarianceMatrix:
P
0.00922337	0	0	0	0	0	0	0	0	0	0	0	
0	0.00922337	0	0	0	0	0	0	0	0	0	0	
0	0	0.00922337	0	0	0	0	0	0	0	0	0	
0	0	0	0.00922337	0	0	0	0	0	0	0	0	
0	0	0	0	0.00922337	0	0	0	0	0	0	0	
0	0	0	0	0	0.00922337	0	0	0	0	0	0	
0	0	0	0	0	0	0.00922337	0	0	0	0	0	
0	0	0	0	0	0	0	0.00922337	0	0	0	0	
0	0	0	0	0	0	0	0	0.00922337	0	0	0	
0	0	0	0	0	0	0	0	0	0.00922337	0	0	
0	0	0	0	0	0	0	0	0	0	0.00922337	0	
0	0	0	0	0	0	0	0	0	0	0	0.00922337	
***
>covarianceMatrix:
Q
0.209715	0	0	0	
0	0.209715	0	0	
0	0	0.209715	0	
0	0	0	0.209715	
***
>covarianceMatrix:
R
0.000405648	0	0	0	0	0	0	0	0	0	0	0	0	0	0	0	0	0	0	0	
0	0.000405648	0	0	0	0	0	0	0	0	0	0	0	0	0	0	0	0	0	0	
0	0	0.000405648	0	0	0	0	0	0	0	0	0	0	0	0	0	0	0	0	0	
0	0	0	0.000405648	0	0	0	0	0	0	0	0	0	0	0	0	0	0	0	0	
0	0	0	0	0.000405648	0	0	0	0	0	0	0	0	0	0	0	0	0	0	0	
0	0	0	0	0	0.000405648	0	0	0	0	0	0	0	0	0	0	0	0	0	0	
0	0	0	0	0	0	0.000405648	0	0	0	0	0	0	0	0	0	0	0	0	0	
0	0	0	0	0	0	0	0.000405648	0	0	0	0	0	0	0	0	0	0	0	0	
0	0	0	0	0	0	0	0	0.000405648	0	0	0	0	0	0	0	0	0	0	0	
0	0	0	0	0	0	0	0	0	0.000405648	0	0	0	0	0	0	0	0	0	0	
0	0	0	0	0	0	0	0	0	0	0.000405648	0	0	0	0	0	0	0	0	0	
0	0	0	0	0	0	0	0	0	0	0	0.000405648	0	0	0	0	0	0	0	0	
0	0	0	0	0	0	0	0	0	0	0	0	0.000405648	0	0	0	0	0	0	0	
0	0	0	0	0	0	0	0	0	0	0	0	0	0.000405648	0	0	0	0	0	0	
0	0	0	0	0	0	0	0	0	0	0	0	0	0	0.000405648	0	0	0	0	0	
0	0	0	0	0	0	0	0	0	0	0	0	0	0	0	0.000405648	0	0	0	0	
0	0	0	0	0	0	0	0	0	0	0	0	0	0	0	0	0.000405648	0	0	0	
0	0	0	0	0	0	0	0	0	0	0	0	0	0	0	0	0	0.000405648	0	0	
0	0	0	0	0	0	0	0	0	0	0	0	0	0	0	0	0	0	0.000405648	0	
0	0	0	0	0	0	0	0	0	0	0	0	0	0	0	0	0	0	0	0.000405648	
***
>covarianceMatrix:
S
0.00922337	0	0	0	0	0	0	0	0	0	0	0	
0	0.00922337	0	0	0	0	0	0	0	0	0	0	
0	0	0.00922337	0	0	0	0	0	0	0	0	0	
0	0	0	0.00922337	0	0	0	0	0	0	0	0	
0	0	0	0	0.00922337	0	0	0	0	0	0	0	
0	0	0	0	0	0.00922337	0	0	0	0	0	0	
0	0	0	0	0	0	0.00922337	0	0	0	0	0	
0	0	0	0	0	0	0	0.00922337	0	0	0	0	
0	0	0	0	0	0	0	0	0.00922337	0	0	0	
0	0	0	0	0	0	0	0	0	0.00922337	0	0	
0	0	0	0	0	0	0	0	0	0	0.00922337	0	
0	0	0	0	0	0	0	0	0	0	0	0.00922337	
***
>covarianceMatrix:
T
0.00922337	0	0	0	0	0	0	0	0	0	0	0	
0	0.00922337	0	0	0	0	0	0	0	0	0	0	
0	0	0.00922337	0	0	0	0	0	0	0	0	0	
0	0	0	0.00922337	0	0	0	0	0	0	0	0	
0	0	0	0	0.00922337	0	0	0	0	0	0	0	
0	0	0	0	0	0.00922337	0	0	0	0	0	0	
0	0	0	0	0	0	0.00922337	0	0	0	0	0	
0	0	0	0	0	0	0	0.00922337	0	0	0	0	
0	0	0	0	0	0	0	0	0.00922337	0	0	0	
0	0	0	0	0	0	0	0	0	0.00922337	0	0	
0	0	0	0	0	0	0	0	0	0	0.00922337	0	
0	0	0	0	0	0	0	0	0	0	0	0.00922337	
***
>covarianceMatrix:
V
0.00922337	0	0	0	0	0	0	0	0	0	0	0	
0	0.00922337	0	0	0	0	0	0	0	0	0	0	
0	0	0.00922337	0	0	0	0	0	0	0	0	0	
0	0	0	0.00922337	0	0	0	0	0	0	0	0	
0	0	0	0	0.00922337	0	0	0	0	0	0	0	
0	0	0	0	0	0.00922337	0	0	0	0	0	0	
0	0	0	0	0	0	0.00922337	0	0	0	0	0	
0	0	0	0	0	0	0	0.00922337	0	0	0	0	
0	0	0	0	0	0	0	0	0.00922337	0	0	0	
0	0	0	0	0	0	0	0	0	0.00922337	0	0	
0	0	0	0	0	0	0	0	0	0	0.00922337	0	
0	0	0	0	0	0	0	0	0	0	0	0.00922337	
***
>covarianceMatrix:
W

***
>covarianceMatrix:
Y
0.209715	0	0	0	
0	0.209715	0	0	
0	0	0.209715	0	
0	0	0	0.209715	
***
>covarianceMatrix:
Z
0.209715	0	0	0	
0	0.209715	0	0	
0	0	0.209715	0	
0	0	0	0.209715	
***
>covarianceMatrix:
X
1	0	0	0	0	0	0	0	
0	1	0	0	0	0	0	0	
0	0	1	0	0	0	0	0	
0	0	0	1	0	0	0	0	
0	0	0	0	1	0	0	0	
0	0	0	0	0	1	0	0	
0	0	0	0	0	0	1	0	
0	0	0	0	0	0	0	1	
***
>std_csp:
0.0209715 0.0209715 0.0209715 0.0209715 0.0209715 0.0209715 0.0209715 0.0209715 0.0209715 0.0209715
0.0209715 0.0209715 0.0209715 0.0209715 0.0209715 0.0209715 0.0209715 0.0209715 0.0209715 0.0209715
0.0209715 0.0209715 0.0209715 0.0209715 0.0209715 0.0209715 0.0209715 0.0209715 0.0209715 0.0209715
0.0209715 0.0209715 0.0209715 0.0209715 0.0209715 0.0209715 0.0209715 0.0209715 0.0209715 0.0209715
>currentMutationParameter:
***
-0.351206 0.37804 0.482376 0.134305 0.58758 -0.397923 0.67819 -0.0882732 0.112046 0.308621
0.412653 -0.17967 0.374825 -0.594874 0.41205 0.875561 0.439924 0.450178 0.0827096 0.355606
-0.0293336 0.407792 0.444525 -0.162807 -0.905372 -0.730978 -0.241241 0.352782 0.207669 -0.0792919
0.537322 0.394726 -0.333441 0.286959 0.318584 0.00969851 0.568325 0.19753 0.164234 0.18292
***
-0.878969 -1.16534 -1.30966 -1.44518 -1.52702 1.18986 0.135267 0.0490975 -1.70883 -0.786879
-1.37266 0.362823 -1.09341 0.987818 0.566574 -0.557018 -1.76017 0.405605 2.20462 -1.88395
-0.725343 -1.28928 -1.70468 1.63364 -0.831943 -1.46042 0.261238 -1.25918 -1.45735 0.49192
-0.775667 -1.16673 -0.914442 -1.39422 -1.60159 0.830381 -0.551901 -1.39379 -1.65497 -1.68175
>currentSelectionParameter:
***
0.683676 0.0264842 0.991072 0.543128 -0.216898 -0.397271 -0.360526 1.24613 0.544507 1.31197
-0.253749 1.36071 -0.14625 0.496053 0.379058 1.31394 0.647136 0.880573 0.437004 -0.563987
-0.367713 0.58391 0.540417 -0.339588 -0.0425571 0.606438 2.37902 0.696612 1.83666 0.887484
0.00611634 0.906002 0.74785 -0.0695889 0.873069 1.03039 -0.0513891 0.679159 -0.394585 0.0316733
***
0.728302 0.291632 1.27976 0.946417 0.257104 -0.81271 -0.106153 0.792277 0.977489 1.38051
0.087766 0.366362 0.0772738 -0.0356145 0.366938 1.18292 1.34277 0.689178 0.102653 0.160379
0.129402 0.970682 1.42883 -0.822982 -0.209954 0.737208 0.802621 0.801115 1.86948 0.47286
0.209874 1.09887 0.710871 0.287796 1.32583 0.334893 0.0720326 0.859539 0.0306561 0.635151
