Testing this
------------------ TEST WRITERESTARTFILE ------------------
Writing File
Done writing
CM:
0.1	0	0	0	0	0	0	0	0	0	0	0	
0	0.1	0	0	0	0	0	0	0	0	0	0	
0	0	0.1	0	0	0	0	0	0	0	0	0	
0	0	0	0.1	0	0	0	0	0	0	0	0	
0	0	0	0	0.1	0	0	0	0	0	0	0	
0	0	0	0	0	0.1	0	0	0	0	0	0	
0	0	0	0	0	0	0.1	0	0	0	0	0	
0	0	0	0	0	0	0	0.1	0	0	0	0	
0	0	0	0	0	0	0	0	0.1	0	0	0	
0	0	0	0	0	0	0	0	0	0.1	0	0	
0	0	0	0	0	0	0	0	0	0	0.1	0	
0	0	0	0	0	0	0	0	0	0	0	0.1	



0.1	0	0	0	
0	0.1	0	0	
0	0	0.1	0	
0	0	0	0.1	



0.1	0	0	0	
0	0.1	0	0	
0	0	0.1	0	
0	0	0	0.1	



0.1	0	0	0	
0	0.1	0	0	
0	0	0.1	0	
0	0	0	0.1	



0.1	0	0	0	
0	0.1	0	0	
0	0	0.1	0	
0	0	0	0.1	



0.1	0	0	0	0	0	0	0	0	0	0	0	
0	0.1	0	0	0	0	0	0	0	0	0	0	
0	0	0.1	0	0	0	0	0	0	0	0	0	
0	0	0	0.1	0	0	0	0	0	0	0	0	
0	0	0	0	0.1	0	0	0	0	0	0	0	
0	0	0	0	0	0.1	0	0	0	0	0	0	
0	0	0	0	0	0	0.1	0	0	0	0	0	
0	0	0	0	0	0	0	0.1	0	0	0	0	
0	0	0	0	0	0	0	0	0.1	0	0	0	
0	0	0	0	0	0	0	0	0	0.1	0	0	
0	0	0	0	0	0	0	0	0	0	0.1	0	
0	0	0	0	0	0	0	0	0	0	0	0.1	



0.1	0	0	0	
0	0.1	0	0	
0	0	0.1	0	
0	0	0	0.1	



0.1	0	0	0	0	0	0	0	
0	0.1	0	0	0	0	0	0	
0	0	0.1	0	0	0	0	0	
0	0	0	0.1	0	0	0	0	
0	0	0	0	0.1	0	0	0	
0	0	0	0	0	0.1	0	0	
0	0	0	0	0	0	0.1	0	
0	0	0	0	0	0	0	0.1	



0.1	0	0	0	
0	0.1	0	0	
0	0	0.1	0	
0	0	0	0.1	



0.1	0	0	0	0	0	0	0	0	0	0	0	0	0	0	0	0	0	0	0	
0	0.1	0	0	0	0	0	0	0	0	0	0	0	0	0	0	0	0	0	0	
0	0	0.1	0	0	0	0	0	0	0	0	0	0	0	0	0	0	0	0	0	
0	0	0	0.1	0	0	0	0	0	0	0	0	0	0	0	0	0	0	0	0	
0	0	0	0	0.1	0	0	0	0	0	0	0	0	0	0	0	0	0	0	0	
0	0	0	0	0	0.1	0	0	0	0	0	0	0	0	0	0	0	0	0	0	
0	0	0	0	0	0	0.1	0	0	0	0	0	0	0	0	0	0	0	0	0	
0	0	0	0	0	0	0	0.1	0	0	0	0	0	0	0	0	0	0	0	0	
0	0	0	0	0	0	0	0	0.1	0	0	0	0	0	0	0	0	0	0	0	
0	0	0	0	0	0	0	0	0	0.1	0	0	0	0	0	0	0	0	0	0	
0	0	0	0	0	0	0	0	0	0	0.1	0	0	0	0	0	0	0	0	0	
0	0	0	0	0	0	0	0	0	0	0	0.1	0	0	0	0	0	0	0	0	
0	0	0	0	0	0	0	0	0	0	0	0	0.1	0	0	0	0	0	0	0	
0	0	0	0	0	0	0	0	0	0	0	0	0	0.1	0	0	0	0	0	0	
0	0	0	0	0	0	0	0	0	0	0	0	0	0	0.1	0	0	0	0	0	
0	0	0	0	0	0	0	0	0	0	0	0	0	0	0	0.1	0	0	0	0	
0	0	0	0	0	0	0	0	0	0	0	0	0	0	0	0	0.1	0	0	0	
0	0	0	0	0	0	0	0	0	0	0	0	0	0	0	0	0	0.1	0	0	
0	0	0	0	0	0	0	0	0	0	0	0	0	0	0	0	0	0	0.1	0	
0	0	0	0	0	0	0	0	0	0	0	0	0	0	0	0	0	0	0	0.1	







0.1	0	0	0	
0	0.1	0	0	
0	0	0.1	0	
0	0	0	0.1	



0.1	0	0	0	0	0	0	0	0	0	0	0	
0	0.1	0	0	0	0	0	0	0	0	0	0	
0	0	0.1	0	0	0	0	0	0	0	0	0	
0	0	0	0.1	0	0	0	0	0	0	0	0	
0	0	0	0	0.1	0	0	0	0	0	0	0	
0	0	0	0	0	0.1	0	0	0	0	0	0	
0	0	0	0	0	0	0.1	0	0	0	0	0	
0	0	0	0	0	0	0	0.1	0	0	0	0	
0	0	0	0	0	0	0	0	0.1	0	0	0	
0	0	0	0	0	0	0	0	0	0.1	0	0	
0	0	0	0	0	0	0	0	0	0	0.1	0	
0	0	0	0	0	0	0	0	0	0	0	0.1	



0.1	0	0	0	
0	0.1	0	0	
0	0	0.1	0	
0	0	0	0.1	



0.1	0	0	0	0	0	0	0	0	0	0	0	0	0	0	0	0	0	0	0	
0	0.1	0	0	0	0	0	0	0	0	0	0	0	0	0	0	0	0	0	0	
0	0	0.1	0	0	0	0	0	0	0	0	0	0	0	0	0	0	0	0	0	
0	0	0	0.1	0	0	0	0	0	0	0	0	0	0	0	0	0	0	0	0	
0	0	0	0	0.1	0	0	0	0	0	0	0	0	0	0	0	0	0	0	0	
0	0	0	0	0	0.1	0	0	0	0	0	0	0	0	0	0	0	0	0	0	
0	0	0	0	0	0	0.1	0	0	0	0	0	0	0	0	0	0	0	0	0	
0	0	0	0	0	0	0	0.1	0	0	0	0	0	0	0	0	0	0	0	0	
0	0	0	0	0	0	0	0	0.1	0	0	0	0	0	0	0	0	0	0	0	
0	0	0	0	0	0	0	0	0	0.1	0	0	0	0	0	0	0	0	0	0	
0	0	0	0	0	0	0	0	0	0	0.1	0	0	0	0	0	0	0	0	0	
0	0	0	0	0	0	0	0	0	0	0	0.1	0	0	0	0	0	0	0	0	
0	0	0	0	0	0	0	0	0	0	0	0	0.1	0	0	0	0	0	0	0	
0	0	0	0	0	0	0	0	0	0	0	0	0	0.1	0	0	0	0	0	0	
0	0	0	0	0	0	0	0	0	0	0	0	0	0	0.1	0	0	0	0	0	
0	0	0	0	0	0	0	0	0	0	0	0	0	0	0	0.1	0	0	0	0	
0	0	0	0	0	0	0	0	0	0	0	0	0	0	0	0	0.1	0	0	0	
0	0	0	0	0	0	0	0	0	0	0	0	0	0	0	0	0	0.1	0	0	
0	0	0	0	0	0	0	0	0	0	0	0	0	0	0	0	0	0	0.1	0	
0	0	0	0	0	0	0	0	0	0	0	0	0	0	0	0	0	0	0	0.1	



0.1	0	0	0	0	0	0	0	0	0	0	0	
0	0.1	0	0	0	0	0	0	0	0	0	0	
0	0	0.1	0	0	0	0	0	0	0	0	0	
0	0	0	0.1	0	0	0	0	0	0	0	0	
0	0	0	0	0.1	0	0	0	0	0	0	0	
0	0	0	0	0	0.1	0	0	0	0	0	0	
0	0	0	0	0	0	0.1	0	0	0	0	0	
0	0	0	0	0	0	0	0.1	0	0	0	0	
0	0	0	0	0	0	0	0	0.1	0	0	0	
0	0	0	0	0	0	0	0	0	0.1	0	0	
0	0	0	0	0	0	0	0	0	0	0.1	0	
0	0	0	0	0	0	0	0	0	0	0	0.1	



0.1	0	0	0	0	0	0	0	0	0	0	0	
0	0.1	0	0	0	0	0	0	0	0	0	0	
0	0	0.1	0	0	0	0	0	0	0	0	0	
0	0	0	0.1	0	0	0	0	0	0	0	0	
0	0	0	0	0.1	0	0	0	0	0	0	0	
0	0	0	0	0	0.1	0	0	0	0	0	0	
0	0	0	0	0	0	0.1	0	0	0	0	0	
0	0	0	0	0	0	0	0.1	0	0	0	0	
0	0	0	0	0	0	0	0	0.1	0	0	0	
0	0	0	0	0	0	0	0	0	0.1	0	0	
0	0	0	0	0	0	0	0	0	0	0.1	0	
0	0	0	0	0	0	0	0	0	0	0	0.1	



0.1	0	0	0	0	0	0	0	0	0	0	0	
0	0.1	0	0	0	0	0	0	0	0	0	0	
0	0	0.1	0	0	0	0	0	0	0	0	0	
0	0	0	0.1	0	0	0	0	0	0	0	0	
0	0	0	0	0.1	0	0	0	0	0	0	0	
0	0	0	0	0	0.1	0	0	0	0	0	0	
0	0	0	0	0	0	0.1	0	0	0	0	0	
0	0	0	0	0	0	0	0.1	0	0	0	0	
0	0	0	0	0	0	0	0	0.1	0	0	0	
0	0	0	0	0	0	0	0	0	0.1	0	0	
0	0	0	0	0	0	0	0	0	0	0.1	0	
0	0	0	0	0	0	0	0	0	0	0	0.1	







0.1	0	0	0	
0	0.1	0	0	
0	0	0.1	0	
0	0	0	0.1	



0.1	0	0	0	
0	0.1	0	0	
0	0	0.1	0	
0	0	0	0.1	



0.1	0	0	0	0	0	0	0	
0	0.1	0	0	0	0	0	0	
0	0	0.1	0	0	0	0	0	
0	0	0	0.1	0	0	0	0	
0	0	0	0	0.1	0	0	0	
0	0	0	0	0	0.1	0	0	
0	0	0	0	0	0	0.1	0	
0	0	0	0	0	0	0	0.1	






22
------------------ TEST WRITERESTARTFILE ------------------
------------------ TEST INITFROMRESTARTFILE ------------------
0
0.1	0	0	0	0	0	0	0	0	0	0	0	
0	0.1	0	0	0	0	0	0	0	0	0	0	
0	0	0.1	0	0	0	0	0	0	0	0	0	
0	0	0	0.1	0	0	0	0	0	0	0	0	
0	0	0	0	0.1	0	0	0	0	0	0	0	
0	0	0	0	0	0.1	0	0	0	0	0	0	
0	0	0	0	0	0	0.1	0	0	0	0	0	
0	0	0	0	0	0	0	0.1	0	0	0	0	
0	0	0	0	0	0	0	0	0.1	0	0	0	
0	0	0	0	0	0	0	0	0	0.1	0	0	
0	0	0	0	0	0	0	0	0	0	0.1	0	
0	0	0	0	0	0	0	0	0	0	0	0.1	
***
144
1
0.1	0	0	0	
0	0.1	0	0	
0	0	0.1	0	
0	0	0	0.1	
***
16
2
0.1	0	0	0	
0	0.1	0	0	
0	0	0.1	0	
0	0	0	0.1	
***
16
3
0.1	0	0	0	
0	0.1	0	0	
0	0	0.1	0	
0	0	0	0.1	
***
16
4
0.1	0	0	0	
0	0.1	0	0	
0	0	0.1	0	
0	0	0	0.1	
***
16
5
0.1	0	0	0	0	0	0	0	0	0	0	0	
0	0.1	0	0	0	0	0	0	0	0	0	0	
0	0	0.1	0	0	0	0	0	0	0	0	0	
0	0	0	0.1	0	0	0	0	0	0	0	0	
0	0	0	0	0.1	0	0	0	0	0	0	0	
0	0	0	0	0	0.1	0	0	0	0	0	0	
0	0	0	0	0	0	0.1	0	0	0	0	0	
0	0	0	0	0	0	0	0.1	0	0	0	0	
0	0	0	0	0	0	0	0	0.1	0	0	0	
0	0	0	0	0	0	0	0	0	0.1	0	0	
0	0	0	0	0	0	0	0	0	0	0.1	0	
0	0	0	0	0	0	0	0	0	0	0	0.1	
***
144
6
0.1	0	0	0	
0	0.1	0	0	
0	0	0.1	0	
0	0	0	0.1	
***
16
7
0.1	0	0	0	0	0	0	0	
0	0.1	0	0	0	0	0	0	
0	0	0.1	0	0	0	0	0	
0	0	0	0.1	0	0	0	0	
0	0	0	0	0.1	0	0	0	
0	0	0	0	0	0.1	0	0	
0	0	0	0	0	0	0.1	0	
0	0	0	0	0	0	0	0.1	
***
64
8
0.1	0	0	0	
0	0.1	0	0	
0	0	0.1	0	
0	0	0	0.1	
***
16
9
0.1	0	0	0	0	0	0	0	0	0	0	0	0	0	0	0	0	0	0	0	
0	0.1	0	0	0	0	0	0	0	0	0	0	0	0	0	0	0	0	0	0	
0	0	0.1	0	0	0	0	0	0	0	0	0	0	0	0	0	0	0	0	0	
0	0	0	0.1	0	0	0	0	0	0	0	0	0	0	0	0	0	0	0	0	
0	0	0	0	0.1	0	0	0	0	0	0	0	0	0	0	0	0	0	0	0	
0	0	0	0	0	0.1	0	0	0	0	0	0	0	0	0	0	0	0	0	0	
0	0	0	0	0	0	0.1	0	0	0	0	0	0	0	0	0	0	0	0	0	
0	0	0	0	0	0	0	0.1	0	0	0	0	0	0	0	0	0	0	0	0	
0	0	0	0	0	0	0	0	0.1	0	0	0	0	0	0	0	0	0	0	0	
0	0	0	0	0	0	0	0	0	0.1	0	0	0	0	0	0	0	0	0	0	
0	0	0	0	0	0	0	0	0	0	0.1	0	0	0	0	0	0	0	0	0	
0	0	0	0	0	0	0	0	0	0	0	0.1	0	0	0	0	0	0	0	0	
0	0	0	0	0	0	0	0	0	0	0	0	0.1	0	0	0	0	0	0	0	
0	0	0	0	0	0	0	0	0	0	0	0	0	0.1	0	0	0	0	0	0	
0	0	0	0	0	0	0	0	0	0	0	0	0	0	0.1	0	0	0	0	0	
0	0	0	0	0	0	0	0	0	0	0	0	0	0	0	0.1	0	0	0	0	
0	0	0	0	0	0	0	0	0	0	0	0	0	0	0	0	0.1	0	0	0	
0	0	0	0	0	0	0	0	0	0	0	0	0	0	0	0	0	0.1	0	0	
0	0	0	0	0	0	0	0	0	0	0	0	0	0	0	0	0	0	0.1	0	
0	0	0	0	0	0	0	0	0	0	0	0	0	0	0	0	0	0	0	0.1	
***
400
11
0.1	0	0	0	
0	0.1	0	0	
0	0	0.1	0	
0	0	0	0.1	
***
16
12
0.1	0	0	0	0	0	0	0	0	0	0	0	
0	0.1	0	0	0	0	0	0	0	0	0	0	
0	0	0.1	0	0	0	0	0	0	0	0	0	
0	0	0	0.1	0	0	0	0	0	0	0	0	
0	0	0	0	0.1	0	0	0	0	0	0	0	
0	0	0	0	0	0.1	0	0	0	0	0	0	
0	0	0	0	0	0	0.1	0	0	0	0	0	
0	0	0	0	0	0	0	0.1	0	0	0	0	
0	0	0	0	0	0	0	0	0.1	0	0	0	
0	0	0	0	0	0	0	0	0	0.1	0	0	
0	0	0	0	0	0	0	0	0	0	0.1	0	
0	0	0	0	0	0	0	0	0	0	0	0.1	
***
144
13
0.1	0	0	0	
0	0.1	0	0	
0	0	0.1	0	
0	0	0	0.1	
***
16
14
0.1	0	0	0	0	0	0	0	0	0	0	0	0	0	0	0	0	0	0	0	
0	0.1	0	0	0	0	0	0	0	0	0	0	0	0	0	0	0	0	0	0	
0	0	0.1	0	0	0	0	0	0	0	0	0	0	0	0	0	0	0	0	0	
0	0	0	0.1	0	0	0	0	0	0	0	0	0	0	0	0	0	0	0	0	
0	0	0	0	0.1	0	0	0	0	0	0	0	0	0	0	0	0	0	0	0	
0	0	0	0	0	0.1	0	0	0	0	0	0	0	0	0	0	0	0	0	0	
0	0	0	0	0	0	0.1	0	0	0	0	0	0	0	0	0	0	0	0	0	
0	0	0	0	0	0	0	0.1	0	0	0	0	0	0	0	0	0	0	0	0	
0	0	0	0	0	0	0	0	0.1	0	0	0	0	0	0	0	0	0	0	0	
0	0	0	0	0	0	0	0	0	0.1	0	0	0	0	0	0	0	0	0	0	
0	0	0	0	0	0	0	0	0	0	0.1	0	0	0	0	0	0	0	0	0	
0	0	0	0	0	0	0	0	0	0	0	0.1	0	0	0	0	0	0	0	0	
0	0	0	0	0	0	0	0	0	0	0	0	0.1	0	0	0	0	0	0	0	
0	0	0	0	0	0	0	0	0	0	0	0	0	0.1	0	0	0	0	0	0	
0	0	0	0	0	0	0	0	0	0	0	0	0	0	0.1	0	0	0	0	0	
0	0	0	0	0	0	0	0	0	0	0	0	0	0	0	0.1	0	0	0	0	
0	0	0	0	0	0	0	0	0	0	0	0	0	0	0	0	0.1	0	0	0	
0	0	0	0	0	0	0	0	0	0	0	0	0	0	0	0	0	0.1	0	0	
0	0	0	0	0	0	0	0	0	0	0	0	0	0	0	0	0	0	0.1	0	
0	0	0	0	0	0	0	0	0	0	0	0	0	0	0	0	0	0	0	0.1	
***
400
15
0.1	0	0	0	0	0	0	0	0	0	0	0	
0	0.1	0	0	0	0	0	0	0	0	0	0	
0	0	0.1	0	0	0	0	0	0	0	0	0	
0	0	0	0.1	0	0	0	0	0	0	0	0	
0	0	0	0	0.1	0	0	0	0	0	0	0	
0	0	0	0	0	0.1	0	0	0	0	0	0	
0	0	0	0	0	0	0.1	0	0	0	0	0	
0	0	0	0	0	0	0	0.1	0	0	0	0	
0	0	0	0	0	0	0	0	0.1	0	0	0	
0	0	0	0	0	0	0	0	0	0.1	0	0	
0	0	0	0	0	0	0	0	0	0	0.1	0	
0	0	0	0	0	0	0	0	0	0	0	0.1	
***
144
16
0.1	0	0	0	0	0	0	0	0	0	0	0	
0	0.1	0	0	0	0	0	0	0	0	0	0	
0	0	0.1	0	0	0	0	0	0	0	0	0	
0	0	0	0.1	0	0	0	0	0	0	0	0	
0	0	0	0	0.1	0	0	0	0	0	0	0	
0	0	0	0	0	0.1	0	0	0	0	0	0	
0	0	0	0	0	0	0.1	0	0	0	0	0	
0	0	0	0	0	0	0	0.1	0	0	0	0	
0	0	0	0	0	0	0	0	0.1	0	0	0	
0	0	0	0	0	0	0	0	0	0.1	0	0	
0	0	0	0	0	0	0	0	0	0	0.1	0	
0	0	0	0	0	0	0	0	0	0	0	0.1	
***
144
17
0.1	0	0	0	0	0	0	0	0	0	0	0	
0	0.1	0	0	0	0	0	0	0	0	0	0	
0	0	0.1	0	0	0	0	0	0	0	0	0	
0	0	0	0.1	0	0	0	0	0	0	0	0	
0	0	0	0	0.1	0	0	0	0	0	0	0	
0	0	0	0	0	0.1	0	0	0	0	0	0	
0	0	0	0	0	0	0.1	0	0	0	0	0	
0	0	0	0	0	0	0	0.1	0	0	0	0	
0	0	0	0	0	0	0	0	0.1	0	0	0	
0	0	0	0	0	0	0	0	0	0.1	0	0	
0	0	0	0	0	0	0	0	0	0	0.1	0	
0	0	0	0	0	0	0	0	0	0	0	0.1	
***
144
19
0.1	0	0	0	
0	0.1	0	0	
0	0	0.1	0	
0	0	0	0.1	
***
16
20
0.1	0	0	0	
0	0.1	0	0	
0	0	0.1	0	
0	0	0	0.1	
***
16
Writing File
Done writing
CM:
0.1	0	0	0	0	0	0	0	0	0	0	0	
0	0.1	0	0	0	0	0	0	0	0	0	0	
0	0	0.1	0	0	0	0	0	0	0	0	0	
0	0	0	0.1	0	0	0	0	0	0	0	0	
0	0	0	0	0.1	0	0	0	0	0	0	0	
0	0	0	0	0	0.1	0	0	0	0	0	0	
0	0	0	0	0	0	0.1	0	0	0	0	0	
0	0	0	0	0	0	0	0.1	0	0	0	0	
0	0	0	0	0	0	0	0	0.1	0	0	0	
0	0	0	0	0	0	0	0	0	0.1	0	0	
0	0	0	0	0	0	0	0	0	0	0.1	0	
0	0	0	0	0	0	0	0	0	0	0	0.1	



0.1	0	0	0	
0	0.1	0	0	
0	0	0.1	0	
0	0	0	0.1	



0.1	0	0	0	
0	0.1	0	0	
0	0	0.1	0	
0	0	0	0.1	



0.1	0	0	0	
0	0.1	0	0	
0	0	0.1	0	
0	0	0	0.1	



0.1	0	0	0	
0	0.1	0	0	
0	0	0.1	0	
0	0	0	0.1	



0.1	0	0	0	0	0	0	0	0	0	0	0	
0	0.1	0	0	0	0	0	0	0	0	0	0	
0	0	0.1	0	0	0	0	0	0	0	0	0	
0	0	0	0.1	0	0	0	0	0	0	0	0	
0	0	0	0	0.1	0	0	0	0	0	0	0	
0	0	0	0	0	0.1	0	0	0	0	0	0	
0	0	0	0	0	0	0.1	0	0	0	0	0	
0	0	0	0	0	0	0	0.1	0	0	0	0	
0	0	0	0	0	0	0	0	0.1	0	0	0	
0	0	0	0	0	0	0	0	0	0.1	0	0	
0	0	0	0	0	0	0	0	0	0	0.1	0	
0	0	0	0	0	0	0	0	0	0	0	0.1	



0.1	0	0	0	
0	0.1	0	0	
0	0	0.1	0	
0	0	0	0.1	



0.1	0	0	0	0	0	0	0	
0	0.1	0	0	0	0	0	0	
0	0	0.1	0	0	0	0	0	
0	0	0	0.1	0	0	0	0	
0	0	0	0	0.1	0	0	0	
0	0	0	0	0	0.1	0	0	
0	0	0	0	0	0	0.1	0	
0	0	0	0	0	0	0	0.1	



0.1	0	0	0	
0	0.1	0	0	
0	0	0.1	0	
0	0	0	0.1	



0.1	0	0	0	0	0	0	0	0	0	0	0	0	0	0	0	0	0	0	0	
0	0.1	0	0	0	0	0	0	0	0	0	0	0	0	0	0	0	0	0	0	
0	0	0.1	0	0	0	0	0	0	0	0	0	0	0	0	0	0	0	0	0	
0	0	0	0.1	0	0	0	0	0	0	0	0	0	0	0	0	0	0	0	0	
0	0	0	0	0.1	0	0	0	0	0	0	0	0	0	0	0	0	0	0	0	
0	0	0	0	0	0.1	0	0	0	0	0	0	0	0	0	0	0	0	0	0	
0	0	0	0	0	0	0.1	0	0	0	0	0	0	0	0	0	0	0	0	0	
0	0	0	0	0	0	0	0.1	0	0	0	0	0	0	0	0	0	0	0	0	
0	0	0	0	0	0	0	0	0.1	0	0	0	0	0	0	0	0	0	0	0	
0	0	0	0	0	0	0	0	0	0.1	0	0	0	0	0	0	0	0	0	0	
0	0	0	0	0	0	0	0	0	0	0.1	0	0	0	0	0	0	0	0	0	
0	0	0	0	0	0	0	0	0	0	0	0.1	0	0	0	0	0	0	0	0	
0	0	0	0	0	0	0	0	0	0	0	0	0.1	0	0	0	0	0	0	0	
0	0	0	0	0	0	0	0	0	0	0	0	0	0.1	0	0	0	0	0	0	
0	0	0	0	0	0	0	0	0	0	0	0	0	0	0.1	0	0	0	0	0	
0	0	0	0	0	0	0	0	0	0	0	0	0	0	0	0.1	0	0	0	0	
0	0	0	0	0	0	0	0	0	0	0	0	0	0	0	0	0.1	0	0	0	
0	0	0	0	0	0	0	0	0	0	0	0	0	0	0	0	0	0.1	0	0	
0	0	0	0	0	0	0	0	0	0	0	0	0	0	0	0	0	0	0.1	0	
0	0	0	0	0	0	0	0	0	0	0	0	0	0	0	0	0	0	0	0.1	



0.1	0	0	0	
0	0.1	0	0	
0	0	0.1	0	
0	0	0	0.1	



0.1	0	0	0	0	0	0	0	0	0	0	0	
0	0.1	0	0	0	0	0	0	0	0	0	0	
0	0	0.1	0	0	0	0	0	0	0	0	0	
0	0	0	0.1	0	0	0	0	0	0	0	0	
0	0	0	0	0.1	0	0	0	0	0	0	0	
0	0	0	0	0	0.1	0	0	0	0	0	0	
0	0	0	0	0	0	0.1	0	0	0	0	0	
0	0	0	0	0	0	0	0.1	0	0	0	0	
0	0	0	0	0	0	0	0	0.1	0	0	0	
0	0	0	0	0	0	0	0	0	0.1	0	0	
0	0	0	0	0	0	0	0	0	0	0.1	0	
0	0	0	0	0	0	0	0	0	0	0	0.1	



0.1	0	0	0	
0	0.1	0	0	
0	0	0.1	0	
0	0	0	0.1	



0.1	0	0	0	0	0	0	0	0	0	0	0	0	0	0	0	0	0	0	0	
0	0.1	0	0	0	0	0	0	0	0	0	0	0	0	0	0	0	0	0	0	
0	0	0.1	0	0	0	0	0	0	0	0	0	0	0	0	0	0	0	0	0	
0	0	0	0.1	0	0	0	0	0	0	0	0	0	0	0	0	0	0	0	0	
0	0	0	0	0.1	0	0	0	0	0	0	0	0	0	0	0	0	0	0	0	
0	0	0	0	0	0.1	0	0	0	0	0	0	0	0	0	0	0	0	0	0	
0	0	0	0	0	0	0.1	0	0	0	0	0	0	0	0	0	0	0	0	0	
0	0	0	0	0	0	0	0.1	0	0	0	0	0	0	0	0	0	0	0	0	
0	0	0	0	0	0	0	0	0.1	0	0	0	0	0	0	0	0	0	0	0	
0	0	0	0	0	0	0	0	0	0.1	0	0	0	0	0	0	0	0	0	0	
0	0	0	0	0	0	0	0	0	0	0.1	0	0	0	0	0	0	0	0	0	
0	0	0	0	0	0	0	0	0	0	0	0.1	0	0	0	0	0	0	0	0	
0	0	0	0	0	0	0	0	0	0	0	0	0.1	0	0	0	0	0	0	0	
0	0	0	0	0	0	0	0	0	0	0	0	0	0.1	0	0	0	0	0	0	
0	0	0	0	0	0	0	0	0	0	0	0	0	0	0.1	0	0	0	0	0	
0	0	0	0	0	0	0	0	0	0	0	0	0	0	0	0.1	0	0	0	0	
0	0	0	0	0	0	0	0	0	0	0	0	0	0	0	0	0.1	0	0	0	
0	0	0	0	0	0	0	0	0	0	0	0	0	0	0	0	0	0.1	0	0	
0	0	0	0	0	0	0	0	0	0	0	0	0	0	0	0	0	0	0.1	0	
0	0	0	0	0	0	0	0	0	0	0	0	0	0	0	0	0	0	0	0.1	



0.1	0	0	0	0	0	0	0	0	0	0	0	
0	0.1	0	0	0	0	0	0	0	0	0	0	
0	0	0.1	0	0	0	0	0	0	0	0	0	
0	0	0	0.1	0	0	0	0	0	0	0	0	
0	0	0	0	0.1	0	0	0	0	0	0	0	
0	0	0	0	0	0.1	0	0	0	0	0	0	
0	0	0	0	0	0	0.1	0	0	0	0	0	
0	0	0	0	0	0	0	0.1	0	0	0	0	
0	0	0	0	0	0	0	0	0.1	0	0	0	
0	0	0	0	0	0	0	0	0	0.1	0	0	
0	0	0	0	0	0	0	0	0	0	0.1	0	
0	0	0	0	0	0	0	0	0	0	0	0.1	



0.1	0	0	0	0	0	0	0	0	0	0	0	
0	0.1	0	0	0	0	0	0	0	0	0	0	
0	0	0.1	0	0	0	0	0	0	0	0	0	
0	0	0	0.1	0	0	0	0	0	0	0	0	
0	0	0	0	0.1	0	0	0	0	0	0	0	
0	0	0	0	0	0.1	0	0	0	0	0	0	
0	0	0	0	0	0	0.1	0	0	0	0	0	
0	0	0	0	0	0	0	0.1	0	0	0	0	
0	0	0	0	0	0	0	0	0.1	0	0	0	
0	0	0	0	0	0	0	0	0	0.1	0	0	
0	0	0	0	0	0	0	0	0	0	0.1	0	
0	0	0	0	0	0	0	0	0	0	0	0.1	



0.1	0	0	0	0	0	0	0	0	0	0	0	
0	0.1	0	0	0	0	0	0	0	0	0	0	
0	0	0.1	0	0	0	0	0	0	0	0	0	
0	0	0	0.1	0	0	0	0	0	0	0	0	
0	0	0	0	0.1	0	0	0	0	0	0	0	
0	0	0	0	0	0.1	0	0	0	0	0	0	
0	0	0	0	0	0	0.1	0	0	0	0	0	
0	0	0	0	0	0	0	0.1	0	0	0	0	
0	0	0	0	0	0	0	0	0.1	0	0	0	
0	0	0	0	0	0	0	0	0	0.1	0	0	
0	0	0	0	0	0	0	0	0	0	0.1	0	
0	0	0	0	0	0	0	0	0	0	0	0.1	



0.1	0	0	0	
0	0.1	0	0	
0	0	0.1	0	
0	0	0	0.1	



0.1	0	0	0	
0	0.1	0	0	
0	0	0.1	0	
0	0	0	0.1	






19
------------------ TEST INITFROMRESTARTFILE ------------------
