>Sphi:
2
>Aphi:
6.95324e-310
>numParam:
40
>numMixtures:
2
>categories:
0 0
1 1
>mixtureAssignment:
0 0 0 0 0 0 0 0 0 0 0 0 0 0 0 0 0 0 0 0 0 0 0 0 0 0 0 0 0 0 0 0 0 0 0 0 0 0 0 0 0 0 0 0 0 0 0 0 0 0
0 0 0 0 0 0 0 0 0 0 0 0 0 0 0 0 0 0 0 0 0 0 0 0 0 0 0 0 0 0 0 0 0 0 0 0 0 0 0 0 0 0 0 0 0 0 0 0 0 0
0 0 0 0 0 0 0 0 0 0 0 0 0 0 0 0 0 0 0 0 0 0 0 0 0 0 0 0 0 0 0 0 0 0 0 0 0 0 0 0 0 0 0 0 0 0 0 0 0 0
0 0 0 0 0 0 0 0 0 0 0 0 0 0 0 0 0 0 0 0 0 0 0 0 0 0 0 0 0 0 0 0 0 0 0 0 0 0 0 0 0 0 0 0 0 0 0 0 0 0
0 0 0 0 0 0 0 0 0 0 0 0 0 0 0 0 0 0 0 0 0 0 0 0 0 0 0 0 0 0 0 0 0 0 0 0 0 0 0 0 0 0 0 0 0 0 0 0 0 0
0 0 0 0 0 0 0 0 0 0 0 0 0 0 0 0 0 0 0 0 0 0 0 0 0 0 0 0 0 0 0 0 0 0 0 0 0 0 0 0 0 0 0 0 0 0 0 0 0 0
0 0 0 0 0 0 0 0 0 0 0 0 0 0 0 0 0 0 0 0 0 0 0 0 0 0 0 0 0 0 0 0 0 0 0 0 0 0 0 0 0 0 0 0 0 0 0 0 0 0
0 0 0 0 0 0 0 0 0 0 0 0 0 0 0 0 0 0 0 0 0 0 0 0 0 0 0 0 0 0 0 0 0 0 0 0 0 0 0 0 0 0 0 0 0 0 0 0 0 0
0 0 0 0 0 0 0 0 0 0 0 0 0 0 0 0 0 0 0 0 0 0 0 0 0 0 0 0 0 0 0 0 0 0 0 0 0 0 0 0 0 0 0 0 0 0 0 0 1 1
1 1 1 1 1 1 1 1 1 1 1 1 1 1 1 1 1 1 1 1 1 1 1 1 1 1 1 1 1 1 1 1 1 1 1 1 1 1 1 1 1 1 1 1 1 1 1 1 1 1
1 1 1 1 1 1 1 1 1 1 1 1 1 1 1 1 1 1 1 1 1 1 1 1 1 1 1 1 1 1 1 1 1 1 1 1 1 1 1 1 1 1 1 1 1 1 1 1 1 1
1 1 1 1 1 1 1 1 1 1 1 1 1 1 1 1 1 1 1 1 1 1 1 1 1 1 1 1 1 1 1 1 1 1 1 1 1 1 1 1 1 1 1 1 1 1 1 1 1 1
1 1 1 1 1 1 1 1 1 1 1 1 1 1 1 1 1 1 1 1 1 1 1 1 1 1 1 1 1 1 1 1 1 1 1 1 1 1 1 1 1 1 1 1 1 1 1 1 1 1
1 1 1 1 1 1 1 1 1 1 1 1 1 1 1 1 1 1 1 1 1 1 1 1 1 1 1 1 1 1 1 1 1 1 1 1 1 1 1 1 1 1 1 1 1 1 1 1 1 1
1 1 1 1 1 1 1 1 1 1 1 1 1 1 1 1 1 1 1 1 1 1 1 1 1 1 1 1 1 1 1 1 1 1 1 1 1 1 1 1 1 1 1 1 1 1 1 1 1 1
1 1 1 1 1 1 1 1 1 1 1 1 1 1 1 1 1 1 1 1 1 1 1 1 1 1 1 1 1 1 1 1 1 1 1 1 1 1 1 1 1 1 1 1 1 1 1 1 1 1
1 1 1 1 1 1 1 1 1 1 1 1 1 1 1 1 1 1 1 1 1 1 1 1 1 1 1 1 1 1 1 1 1 1 1 1 1 1 1 1 1 1 1 1 1 1 1 1 1 1
1 1 1 1 1 1 1 1 1 1 1 1 1 1 1 1 1 1 1 1 1 1 1 1 1 1 1 1 1 1 1 1 1 1 1 1 1 1 1 1 1 1 1 1 1 1 1 1 1 1
1 1 1 1 1 1 1 1 1 1 1 1 1 1 1 1 1 1 1 1 1 1 1 1 1 1 1 1 1 1 1 1 1 1 1 1 1 1 1 1 1 1 1 1 1 1 1 1 1 1
1 1 1 1 1 1 1 1 1 1 1 1 1 1 1 1 1 1 1 1 1 1 1 1 1 1 1 1 1 1 1 1 1 1 1 1 1 1 1 1 1 1 1 1 1 1 1 1 1 1
1 1 1 1 1 1 1 1 1 1 1 1 1 1 1 1 1 1 1 1 1 1 1 1 1 1 1 1 1 1 1 1 1 1 1 1 1 1 1 1 1 1 1 1 1 1 1 1 1 1
1 1 1 1 1 1 1 1 1 1 1 1 1 1 1 1 1 1 1 1 1 1 1 1 1 1 1 1 1 1 1 1 1 1 1 1 1 1 1 1 1 1 1 1 1 1 1 1 1 1
1 1 1 1 1 1 1 1 1 1 1 1 1 1 1 1 1 1 1 1 1 1 1 1 1 1 1 1 1 1 1 1 1 1 1 1 1 1 1 1 1 1 1 1 1 1 1 1 1 1
1 1 1 1 1 1 1 1 1 1 1 1 1 1 1 1 1 1 1 1 1 1 1 1 1 1 1 1 1 1 1 1 1 1 1 1 1 1 1 1 1 1 1 1 1 1 1 1 1 1
1 1 1 1 1 1 1 1 1 1 1 1 1 1 1 1 1 1 1 1 1 1 1 1 1 1 1 1 1 1 1 1 1 1 1 1 1 1 1 1 1 1 1 1 1 1 1 1 1 1
1 1 1 1 1 1 1 1 1 1 1 1 1 1 1 1 1 1 1 1 1 1 1 1 1 1 1 1 1 1 1 1 1 1 1 1 1 1 1 1 1 1 1 1 1 1 1 1 1 1
1 1 1 1 1 1 1 1 1 1 1 1 1 1 1 1 1 1 1 1 1 1 1 1 1 1 1 1 1 1 1 1 1 1 1 1 1 1 1 1 1 1 1 1 1 1 1 1 1 1
1 1 1 1 1 1 1 1 1 1 1 1 1 1 1 1 1 1 1 1 1 1 1 1 1 1 1 1 1 1 1 1 1 1 1 1 1 1 1 1 1 1 1 1 1 1 1 1 1 1
1 1 1 1 1 1 1 1 1 1 1 1 1 1 1 1 1 1 
>numMutationCategories:
2
>numSelectionCategories:
2
>categoryProbabilities:
0.5 0.5 
>selectionIsInMixture:
***
0 
***
1 
>mutationIsInMixture:
***
0 
***
1 
>currentSynthesisRateLevel:
***
0.0439884 0.00664626 0.319117 0.00882211 0.161118 0.0101152 0.0185851 0.017453 0.0450036 0.00426504
0.0139262 0.0664497 0.130895 0.21934 0.0668825 0.0138257 0.11519 0.0171087 0.0602444 0.100424
0.141216 0.0696688 0.0283146 0.0747828 0.0576944 0.0216154 0.177846 0.244268 0.0954006 0.12351
0.224749 0.0043349 0.0124233 0.00868508 0.264986 0.0144471 0.00186018 0.148225 0.136181 0.00876128
0.0170795 0.231636 0.0461772 0.138078 0.102921 0.0193763 0.12843 0.176174 0.0250526 0.0262593
0.0751822 0.0347612 0.293039 0.728618 0.0412087 0.172952 0.108131 0.06295 0.00836166 0.245101
0.225746 0.320498 0.101889 0.0556275 0.0591042 0.0659766 0.113293 0.0639093 0.0448458 0.0430433
0.060525 0.0910121 0.0162979 0.183002 0.0308093 0.249548 0.204487 0.0417762 0.115061 0.167686
0.0305908 0.279005 0.00316423 0.178249 0.0433203 0.00310966 0.0276925 0.224252 0.175367 0.0248177
0.0186254 0.00958446 0.0279365 0.146615 0.0207887 0.318532 0.333134 0.0303517 0.0535106 0.175302
0.300853 0.5838 0.212717 0.00363531 0.00280186 0.0207386 0.0398395 0.327258 0.0308761 0.0344762
0.165595 0.0147478 0.0591296 0.0403078 0.298065 0.0555981 0.0311717 0.341115 0.0262777 0.00893914
0.0595506 0.164692 0.211791 0.0130839 0.0960722 0.164155 0.163962 0.173362 0.227801 0.00188415
0.357909 0.0417782 0.0537475 0.309005 0.129713 0.0157197 0.0218974 0.150958 0.0278089 0.115295
0.00400015 0.215865 0.14788 0.030258 0.00942211 0.213485 0.104578 0.185968 0.150855 0.0202917
0.325075 0.0456261 0.0420444 0.0615923 0.247664 0.00508842 0.0359972 0.147502 0.111994 0.0403001
0.0240952 0.0884616 0.00324749 0.260027 0.0732697 0.201601 0.0237842 0.201227 0.158564 0.367594
0.0242333 0.0891124 0.0485907 0.0593211 0.0731404 0.0409082 0.123431 0.0757557 0.0301532 0.0533434
0.00183039 0.0835934 0.011029 0.0210158 0.098109 0.080318 0.00858234 0.311239 0.122517 0.0901533
0.281372 0.0744779 0.0336169 0.0112789 0.11774 0.0639304 0.365176 0.138059 0.00202757 0.0106939
0.0201277 0.0831886 0.0573703 0.692736 3.56462 0.081251 0.0431719 0.965178 10.7477 0.165936
0.146236 0.235747 0.160185 0.0091873 0.0373867 0.110597 0.214699 0.297161 0.0138298 0.260319
3.3775 0.115226 0.0598489 0.00571309 0.0254635 0.0140516 0.0716514 0.00364044 0.0301393 0.164899
0.00845475 0.275883 0.0148958 0.0589966 0.252642 0.0498522 0.0404658 0.0245249 0.0974967 0.107511
0.0638629 0.0243015 0.0827766 0.00435829 0.155199 0.0371997 0.182995 0.0300189 0.0319597 0.154832
0.0107467 0.00861279 0.0140064 0.00494535 0.158067 0.155799 0.249397 0.468066 0.105848 0.0200923
0.315262 0.0719877 0.0382626 0.0495169 0.978601 0.058404 0.00739049 0.00584138 0.100427 0.143597
0.0638017 0.0298428 0.222988 0.322216 0.132794 0.0481936 0.0544707 0.0841852 0.0477132 0.0162137
0.0324472 0.0413372 0.0243262 0.0951078 0.033702 0.141068 0.00718447 0.130118 0.0215654 0.342233
0.0557849 0.253386 0.0805806 0.199312 0.150201 0.0422016 0.0208212 0.180405 0.0206796 0.363731
0.00899884 0.2199 0.0391217 0.029635 0.188339 0.252075 0.0399897 0.00288126 0.208017 0.00117462
0.17782 0.210144 0.00357667 0.0503814 0.101692 0.067991 0.0766427 0.15887 0.00642169 0.0039885
0.0155285 0.0728887 0.334257 0.319755 0.0250948 0.010004 0.361118 0.141972 0.122743 0.120677
0.0339382 0.0151794 0.333969 0.0536248 0.0106684 0.128184 0.00726178 0.0163069 0.289532 0.0632176
0.0758657 0.526455 1.543 0.0229212 0.0690058 0.31487 0.0795364 0.00314866 0.00829509 0.0234288
0.0324652 0.248396 0.160798 0.0194185 0.0160147 0.0189039 0.250779 0.0175264 0.174945 0.116799
0.022201 0.0351454 0.0293992 0.0839062 0.294579 0.00326842 0.120468 0.0867498 8.85887 0.184309
0.230322 0.0178223 0.00328327 0.0073974 0.211294 0.0850935 0.0387848 0.0255068 0.042104 0.00151676
0.373748 0.0876752 0.118482 2.68213 0.0399931 6.17689 0.0711741 0.1533 0.0725874 0.00130067
0.133977 0.0592462 0.0472571 0.0211638 0.136702 0.0174864 0.0867743 0.0927889 0.143548 0.0204295
0.00488572 0.0103241 0.460152 0.00731675 0.0364412 0.168624 0.455419 0.167816 0.0152655 0.0848459
0.761716 0.219542 0.13648 0.020696 0.236669 0.715625 0.00844177 0.682753 0.097053 0.0656143
0.151907 0.122292 0.0142164 2.17344 0.117359 0.191262 0.00541004 0.00178656 0.0626583 0.0497844
0.291543 0.120304 0.079206 0.0322623 0.0946237 0.196721 0.0271418 0.00605434 0.435819 0.0800819
0.0842173 0.0411887 0.00410285 0.00296987 0.0530763 0.0182742 0.0741372 0.0395347 0.048229 0.00323393
0.115122 0.185932 0.166827 0.0149501 0.034091 0.0120344 0.00882555 4.57728 0.015761 0.0563688
0.0916525 0.209414 0.00756577 13.6834 32.9145 0.387675 0.299349 0.0857614 2.40284 0.0294254
0.129831 0.0901545 1.26727 0.00233165 0.15383 0.0705151 0.13815 0.0261503 0.336361 0.0259732
0.234757 3.0935 0.0192094 0.0705953 0.0159939 0.0352246 28.6817 0.000673229 0.188772 0.0711923
1.45082 0.0144496 0.0266027 0.14482 0.0373799 0.0176184 0.069625 0.0537543 0.226859 0.149633
0.220994 0.0525777 0.26291 0.114069 0.10145 0.00140291 0.157226 0.0185147 0.00241667 0.009613
0.0142334 0.0791884 0.0453633 0.051352 0.835109 0.00839261 0.724309 0.927048 1.54288 0.00380088
0.00531258 0.0408961 0.0784955 0.348409 0.0113225 0.0522081 0.0157314 0.299416 0.349068 0.53793
0.0351903 0.0126006 0.00481196 0.0471126 0.175097 0.019437 0.0107096 0.0743294 0.0112996 0.0498056
0.00180273 0.595959 0.134645 0.185313 0.144619 0.0198018 0.0548244 0.289697 0.0294867 0.0291777
0.0467495 0.221382 0.0100166 0.180473 0.153253 0.195597 0.023267 3.51077 9.98278 0.461003
0.327852 0.225774 0.0854757 0.0469391 0.301891 0.250818 0.0863907 0.15436 0.0931828 0.123774
0.00615073 0.477373 0.115565 5.23074 0.25012 0.00334066 0.00704473 0.0227966 0.438489 0.0948976
0.0707673 0.267206 0.180397 0.0560675 0.308345 0.481606 0.278068 0.139208 7.91089 0.0038198
0.0284316 0.035667 0.0821514 0.0302665 0.0176405 0.046951 0.0278566 0.00146715 0.30292 0.352797
3.17078 0.135268 0.196833 0.0866933 0.0910533 0.0651979 0.0319388 0.171128 0.453267 0.101636
0.145942 0.124672 0.17196 0.0680622 0.0554625 0.0104811 0.0240456 0.0262378 0.0272788 0.12807
0.189686 0.0714247 0.0263698 0.0347294 0.371239 0.0515636 0.0330972 0.00288566 0.016604 0.471918
0.199049 0.0608986 0.0128034 0.0338474 0.221754 0.209194 0.000987463 0.00400329 0.016427 0.0932486
0.0116545 0.0147811 3.47149 0.478865 0.104435 0.679379 0.176552 0.108952 0.00620085 3.44001
0.0158691 0.0318612 0.320557 0.091837 1.95248 0.0278137 0.0766367 0.0306175 0.0268084 0.222331
0.733547 0.0247528 0.0729942 0.158198 0.0116642 0.00481245 0.308479 0.227544 0.005328 0.161271
0.0130249 0.0150337 0.00787253 0.0228723 0.444709 0.342405 0.00864317 0.00181324 0.966582 0.0587904
0.059273 0.01203 0.0022215 0.221438 0.036802 0.613644 0.0186407 0.435664 0.0281194 0.0643098
0.0284215 0.101383 0.00333934 0.539374 0.0100558 0.0273893 0.146449 0.0944848 0.0234885 2.06395
1.37065 0.0146064 0.153903 0.0324957 0.0204083 1.14975 0.433516 0.645325 0.0323381 0.042163
0.0867828 0.252004 0.0392779 0.35625 0.0944091 0.0147448 0.0570243 37.952 0.0481822 0.570577
0.101322 0.125741 0.036906 0.0321491 0.0564944 0.0331853 0.509354 0.235857 0.195551 0.0120886
1.4836 0.00474793 0.0488306 0.0655704 0.711156 0.049855 0.0390333 0.197136 0.0502873 0.742634
0.111166 0.0102633 0.00806063 0.0806468 5.11335 0.00421792 0.045419 0.0315669 0.0241719 0.0476957
0.00583298 0.0230957 0.0244805 0.0518472 0.0265346 0.366319 1.80864 0.184474 3.02626 0.0300653
0.0479175 0.0188079 0.453246 0.0317167 0.0357908 0.0804458 0.0150733 0.0527216 0.481203 0.0894564
0.150629 0.417791 0.00271047 5.38971 0.0736761 8.51961 12.9759 1.60542 0.0109415 0.523639
0.0333783 0.286848 1.67254 3.37714 0.494821 0.039614 0.709698 0.0103737 9.96772 0.253455
0.0397991 0.82582 0.110626 0.883841 0.0406978 4.09202 0.21494 0.0423134 0.0504759 1.0757
0.00478592 0.182662 0.164556 1.19671 0.388189 0.295717 0.494548 0.108351 0.489577 3.7703
0.0385481 0.0338986 0.384793 5.9083 0.600098 0.0535149 0.0234266 0.0125577 0.216525 2.3452
0.69037 0.047895 0.0778706 0.919769 0.0468652 0.230363 0.278548 0.495824 0.0556867 0.108828
0.908872 2.23466 0.396607 0.050968 0.0482357 0.0804579 0.089619 2.14587 0.159182 0.244682
0.381688 10.0558 0.335212 0.0243771 0.160575 19.9346 0.1212 0.0229156 0.00300083 5.97503
29.7254 0.121201 0.656952 1.24069 3.31766 0.0226751 0.327532 0.29636 0.550085 0.310667
0.740591 0.589914 0.130536 0.0216783 0.0300532 0.0582581 1.48355 0.194241 0.0862394 0.613768
0.863198 52.9102 0.00848825 0.806853 0.0013732 0.0783199 0.15595 1.22724 0.533549 0.024346
0.00175116 1.49418 0.744247 0.554243 0.0860832 0.31584 1.29037 2.04769 0.00119446 0.175385
1.88548 4.10198 0.162588 1.04556 0.332627 0.642469 1.55244 0.030762 0.0289464 0.448473
0.31783 1.02727 3.95953 0.225824 0.454117 0.0111594 0.0890228 6.93188 92.3605 0.393755
0.0169094 0.0118784 0.426657 0.934625 0.00520489 2.75358 0.147169 0.121897 0.351552 3.98749
6.47831 0.32334 0.045755 0.893838 0.140177 0.41098 0.0375167 0.471911 0.0519035 0.00141059
0.0815646 0.0605883 0.57663 0.701456 6.27995 8.51909 0.348188 0.683087 0.346535 0.0676524
0.180313 0.0618957 1.5528 0.15216 0.590009 0.038457 2.87071 0.0246515 0.628322 0.643682
5.96432 0.0321167 3.28158 0.976904 0.518189 2.55177 0.0494522 17.559 0.731567 0.00945134
0.388885 3.1186 0.009169 0.0660305 1.21946 0.85131 0.0303313 0.560076 0.536859 1.95336
1.28126 0.717262 0.00742314 2.06778 0.0712382 0.116187 0.56982 2.91506 0.00328845 0.493597
13.2693 0.05889 1.25416 0.382255 0.0918362 0.532 0.413075 0.176687 0.713069 0.430733
0.0114115 2.57361 3.96813 0.00645411 0.0170979 0.699451 0.970761 0.88286 0.821795 1.43739
0.738865 0.0844408 0.153284 0.0415112 0.373418 0.0205116 0.791557 1.05006 0.422534 0.110323
5.9364 0.858262 0.765249 0.00260766 0.103845 4.94871 0.847824 0.179967 0.00216833 8.60617
0.234001 2.44043 10.2708 0.00202938 0.682527 0.152001 1.85827 0.627407 0.0449927 0.877899
1.06736 0.0841281 1.623 0.0271866 0.0470414 0.482953 4.48832 8.31428 0.0720795 0.0565139
0.531081 3.21685 0.120978 1.65917 0.830649 0.00757947 3.95961 0.369055 0.0429617 6.32991
0.237246 7.09535 0.0559863 0.399205 0.719034 1.59074 0.383526 2.52632 0.729637 2.97202
0.509918 3.95624 0.177674 0.112648 2.09781 1.00478 1.21511 0.460677 3.19669 0.0370706
0.70464 0.0238866 0.00604762 0.76553 2.98085 3.15269 0.578495 0.0256999 2.91309 1.02298
1.12497 1.01757 1.0509 0.132934 0.0669453 0.641909 3.33004 0.00650077 3.43832 2.72794
0.159257 1.34072 1.49128 0.389376 4.52631 0.810233 1.94103 0.0294772 0.812365 0.0151003
0.359475 1.82275 1.06173 0.439353 5.44823 0.00390972 0.643229 1.90064 0.0243272 6.7151
0.156299 2.13627 0.650619 0.359379 1.9998 0.226289 0.233982 0.494894 2.53293 1.94679
0.483301 0.0334486 2.18099 1.96482 1.21168 18.0585 0.865096 0.208248 9.77505 0.13253
0.614684 0.431912 0.0386047 0.0743767 0.055203 0.328268 0.158488 0.0301981 1.25312 0.322445
0.704383 0.0560613 0.126523 0.502269 0.00407593 0.037524 0.00326077 0.00816082 3.019 3.78916
0.765811 0.0506958 0.109638 0.511937 0.00898508 1.46495 0.429399 0.555994 0.0571529 0.0424003
0.30268 0.222539 0.133934 0.645185 1.29457 0.978553 2.20458 3.766 11.2653 3.35475
0.00904184 0.0647478 0.387517 2.03946 0.532834 11.7486 0.178731 0.904661 0.133002 1.06623
0.385859 1.00716 0.1031 5.61894 0.00310894 0.571737 0.473809 0.830965 2.23142 0.355131
2.0218 3.72431 7.11838 0.125548 0.154994 0.809642 0.323809 0.785378 0.0113258 0.162124
1.37663 0.403024 0.933886 0.623417 0.0202754 0.00583241 2.17375 0.338012 29.6508 0.698617
0.43324 0.00622402 1.04783 0.421068 0.0122186 0.0384182 0.501998 0.353557 0.0482328 0.0513285
1.7673 0.50895 0.00528121 1.33664 0.0499018 9.99591 5.01789 0.117419 0.503446 0.0289277
0.835138 0.121412 0.00862696 0.210019 0.00797689 0.228002 0.00148523 0.0115512 0.144513 0.37795
2.12103 1.17814 5.9241 2.05076 1.38744 0.808229 1.48249 0.26574 29.9782 11.5584
4.38121 0.941675 1.21971 1.30778 2.48647 1.52807 0.336808 0.391163 0.800849 0.0034665
1.69538 0.379168 0.0253861 0.0669491 0.0759581 0.329918 5.30651 0.737199 0.632581 0.027687
3.03385 0.708826 0.823366 0.406115 1.18443 0.184097 0.42507 4.63409 1.05771 1.61566
0.367297 0.159496 0.594996 0.125439 0.625772 1.70007 0.617984 0.730775 0.162101 1.4347
0.566304 0.843885 0.00798169 0.0136591 1.22994 0.130313 0.88909 0.0114349 3.23512 2.12566
0.583051 0.0308373 0.0931831 0.333183 1.6647 0.552067 0.39912 0.0316989 0.0313725 0.86745
0.758546 0.165367 1.51009 0.0501878 1.00208 3.5737 0.611258 0.957521 0.189949 0.0201661
0.135339 0.674732 1.07586 0.221857 0.0185158 0.978333 5.11393 0.2317 1.09232 0.0210143
0.119297 0.103431 0.0473142 1.12918 0.158517 1.37332 0.0167368 0.568844 0.42554 1.91336
0.0518969 0.152671 1.23053 0.0510715 0.0144771 1.17153 0.0287946 0.117204 0.0230696 0.687096
2.05327 0.110836 0.0665257 0.378708 0.142198 0.895836 0.0110008 0.604576 1.09028 0.125053
0.952669 1.76449 0.0469533 0.86866 0.068297 0.0539104 0.649385 0.434393 0.966032 0.0562092
0.0401356 2.29212 0.281478 0.0594989 0.0993481 0.46591 0.422658 0.0317043 0.0496012 0.150878
1.27446 0.879304 18.8351 0.0908391 10.5836 0.141987 0.0572983 0.0380002 1.14475 0.0870095
7.20388 0.0468057 0.315407 0.244354 0.0142335 0.0929064 0.83084 0.768834 0.181768 0.161213
0.130888 0.00907732 0.473076 0.0321399 0.770857 0.0240255 0.191553 0.133878 0.0175714 0.0273807
0.054829 0.118106 7.53041 0.195278 1.17106 0.10106 0.773941 0.115096 
***
0.0439884 0.00664626 0.319117 0.00882211 0.161118 0.0101152 0.0185851 0.017453 0.0450036 0.00426504
0.0139262 0.0664497 0.130895 0.21934 0.0668825 0.0138257 0.11519 0.0171087 0.0602444 0.100424
0.141216 0.0696688 0.0283146 0.0747828 0.0576944 0.0216154 0.177846 0.244268 0.0954006 0.12351
0.224749 0.0043349 0.0124233 0.00868508 0.264986 0.0144471 0.00186018 0.148225 0.136181 0.00876128
0.0170795 0.231636 0.0461772 0.138078 0.102921 0.0193763 0.12843 0.176174 0.0250526 0.0262593
0.0751822 0.0347612 0.293039 0.728618 0.0412087 0.172952 0.108131 0.06295 0.00836166 0.245101
0.225746 0.320498 0.101889 0.0556275 0.0591042 0.0659766 0.113293 0.0639093 0.0448458 0.0430433
0.060525 0.0910121 0.0162979 0.183002 0.0308093 0.249548 0.204487 0.0417762 0.115061 0.167686
0.0305908 0.279005 0.00316423 0.178249 0.0433203 0.00310966 0.0276925 0.224252 0.175367 0.0248177
0.0186254 0.00958446 0.0279365 0.146615 0.0207887 0.318532 0.333134 0.0303517 0.0535106 0.175302
0.300853 0.5838 0.212717 0.00363531 0.00280186 0.0207386 0.0398395 0.327258 0.0308761 0.0344762
0.165595 0.0147478 0.0591296 0.0403078 0.298065 0.0555981 0.0311717 0.341115 0.0262777 0.00893914
0.0595506 0.164692 0.211791 0.0130839 0.0960722 0.164155 0.163962 0.173362 0.227801 0.00188415
0.357909 0.0417782 0.0537475 0.309005 0.129713 0.0157197 0.0218974 0.150958 0.0278089 0.115295
0.00400015 0.215865 0.14788 0.030258 0.00942211 0.213485 0.104578 0.185968 0.150855 0.0202917
0.325075 0.0456261 0.0420444 0.0615923 0.247664 0.00508842 0.0359972 0.147502 0.111994 0.0403001
0.0240952 0.0884616 0.00324749 0.260027 0.0732697 0.201601 0.0237842 0.201227 0.158564 0.367594
0.0242333 0.0891124 0.0485907 0.0593211 0.0731404 0.0409082 0.123431 0.0757557 0.0301532 0.0533434
0.00183039 0.0835934 0.011029 0.0210158 0.098109 0.080318 0.00858234 0.311239 0.122517 0.0901533
0.281372 0.0744779 0.0336169 0.0112789 0.11774 0.0639304 0.365176 0.138059 0.00202757 0.0106939
0.0201277 0.0831886 0.0573703 0.692736 3.56462 0.081251 0.0431719 0.965178 10.7477 0.165936
0.146236 0.235747 0.160185 0.0091873 0.0373867 0.110597 0.214699 0.297161 0.0138298 0.260319
3.3775 0.115226 0.0598489 0.00571309 0.0254635 0.0140516 0.0716514 0.00364044 0.0301393 0.164899
0.00845475 0.275883 0.0148958 0.0589966 0.252642 0.0498522 0.0404658 0.0245249 0.0974967 0.107511
0.0638629 0.0243015 0.0827766 0.00435829 0.155199 0.0371997 0.182995 0.0300189 0.0319597 0.154832
0.0107467 0.00861279 0.0140064 0.00494535 0.158067 0.155799 0.249397 0.468066 0.105848 0.0200923
0.315262 0.0719877 0.0382626 0.0495169 0.978601 0.058404 0.00739049 0.00584138 0.100427 0.143597
0.0638017 0.0298428 0.222988 0.322216 0.132794 0.0481936 0.0544707 0.0841852 0.0477132 0.0162137
0.0324472 0.0413372 0.0243262 0.0951078 0.033702 0.141068 0.00718447 0.130118 0.0215654 0.342233
0.0557849 0.253386 0.0805806 0.199312 0.150201 0.0422016 0.0208212 0.180405 0.0206796 0.363731
0.00899884 0.2199 0.0391217 0.029635 0.188339 0.252075 0.0399897 0.00288126 0.208017 0.00117462
0.17782 0.210144 0.00357667 0.0503814 0.101692 0.067991 0.0766427 0.15887 0.00642169 0.0039885
0.0155285 0.0728887 0.334257 0.319755 0.0250948 0.010004 0.361118 0.141972 0.122743 0.120677
0.0339382 0.0151794 0.333969 0.0536248 0.0106684 0.128184 0.00726178 0.0163069 0.289532 0.0632176
0.0758657 0.526455 1.543 0.0229212 0.0690058 0.31487 0.0795364 0.00314866 0.00829509 0.0234288
0.0324652 0.248396 0.160798 0.0194185 0.0160147 0.0189039 0.250779 0.0175264 0.174945 0.116799
0.022201 0.0351454 0.0293992 0.0839062 0.294579 0.00326842 0.120468 0.0867498 8.85887 0.184309
0.230322 0.0178223 0.00328327 0.0073974 0.211294 0.0850935 0.0387848 0.0255068 0.042104 0.00151676
0.373748 0.0876752 0.118482 2.68213 0.0399931 6.17689 0.0711741 0.1533 0.0725874 0.00130067
0.133977 0.0592462 0.0472571 0.0211638 0.136702 0.0174864 0.0867743 0.0927889 0.143548 0.0204295
0.00488572 0.0103241 0.460152 0.00731675 0.0364412 0.168624 0.455419 0.167816 0.0152655 0.0848459
0.761716 0.219542 0.13648 0.020696 0.236669 0.715625 0.00844177 0.682753 0.097053 0.0656143
0.151907 0.122292 0.0142164 2.17344 0.117359 0.191262 0.00541004 0.00178656 0.0626583 0.0497844
0.291543 0.120304 0.079206 0.0322623 0.0946237 0.196721 0.0271418 0.00605434 0.435819 0.0800819
0.0842173 0.0411887 0.00410285 0.00296987 0.0530763 0.0182742 0.0741372 0.0395347 0.048229 0.00323393
0.115122 0.185932 0.166827 0.0149501 0.034091 0.0120344 0.00882555 4.57728 0.015761 0.0563688
0.0916525 0.209414 0.00756577 13.6834 32.9145 0.387675 0.299349 0.0857614 2.40284 0.0294254
0.129831 0.0901545 1.26727 0.00233165 0.15383 0.0705151 0.13815 0.0261503 0.336361 0.0259732
0.234757 3.0935 0.0192094 0.0705953 0.0159939 0.0352246 28.6817 0.000673229 0.188772 0.0711923
1.45082 0.0144496 0.0266027 0.14482 0.0373799 0.0176184 0.069625 0.0537543 0.226859 0.149633
0.220994 0.0525777 0.26291 0.114069 0.10145 0.00140291 0.157226 0.0185147 0.00241667 0.009613
0.0142334 0.0791884 0.0453633 0.051352 0.835109 0.00839261 0.724309 0.927048 1.54288 0.00380088
0.00531258 0.0408961 0.0784955 0.348409 0.0113225 0.0522081 0.0157314 0.299416 0.349068 0.53793
0.0351903 0.0126006 0.00481196 0.0471126 0.175097 0.019437 0.0107096 0.0743294 0.0112996 0.0498056
0.00180273 0.595959 0.134645 0.185313 0.144619 0.0198018 0.0548244 0.289697 0.0294867 0.0291777
0.0467495 0.221382 0.0100166 0.180473 0.153253 0.195597 0.023267 3.51077 9.98278 0.461003
0.327852 0.225774 0.0854757 0.0469391 0.301891 0.250818 0.0863907 0.15436 0.0931828 0.123774
0.00615073 0.477373 0.115565 5.23074 0.25012 0.00334066 0.00704473 0.0227966 0.438489 0.0948976
0.0707673 0.267206 0.180397 0.0560675 0.308345 0.481606 0.278068 0.139208 7.91089 0.0038198
0.0284316 0.035667 0.0821514 0.0302665 0.0176405 0.046951 0.0278566 0.00146715 0.30292 0.352797
3.17078 0.135268 0.196833 0.0866933 0.0910533 0.0651979 0.0319388 0.171128 0.453267 0.101636
0.145942 0.124672 0.17196 0.0680622 0.0554625 0.0104811 0.0240456 0.0262378 0.0272788 0.12807
0.189686 0.0714247 0.0263698 0.0347294 0.371239 0.0515636 0.0330972 0.00288566 0.016604 0.471918
0.199049 0.0608986 0.0128034 0.0338474 0.221754 0.209194 0.000987463 0.00400329 0.016427 0.0932486
0.0116545 0.0147811 3.47149 0.478865 0.104435 0.679379 0.176552 0.108952 0.00620085 3.44001
0.0158691 0.0318612 0.320557 0.091837 1.95248 0.0278137 0.0766367 0.0306175 0.0268084 0.222331
0.733547 0.0247528 0.0729942 0.158198 0.0116642 0.00481245 0.308479 0.227544 0.005328 0.161271
0.0130249 0.0150337 0.00787253 0.0228723 0.444709 0.342405 0.00864317 0.00181324 0.966582 0.0587904
0.059273 0.01203 0.0022215 0.221438 0.036802 0.613644 0.0186407 0.435664 0.0281194 0.0643098
0.0284215 0.101383 0.00333934 0.539374 0.0100558 0.0273893 0.146449 0.0944848 0.0234885 2.06395
1.37065 0.0146064 0.153903 0.0324957 0.0204083 1.14975 0.433516 0.645325 0.0323381 0.042163
0.0867828 0.252004 0.0392779 0.35625 0.0944091 0.0147448 0.0570243 37.952 0.0481822 0.570577
0.101322 0.125741 0.036906 0.0321491 0.0564944 0.0331853 0.509354 0.235857 0.195551 0.0120886
1.4836 0.00474793 0.0488306 0.0655704 0.711156 0.049855 0.0390333 0.197136 0.0502873 0.742634
0.111166 0.0102633 0.00806063 0.0806468 5.11335 0.00421792 0.045419 0.0315669 0.0241719 0.0476957
0.00583298 0.0230957 0.0244805 0.0518472 0.0265346 0.366319 1.80864 0.184474 3.02626 0.0300653
0.0479175 0.0188079 0.453246 0.0317167 0.0357908 0.0804458 0.0150733 0.0527216 0.481203 0.0894564
0.150629 0.417791 0.00271047 5.38971 0.0736761 8.51961 12.9759 1.60542 0.0109415 0.523639
0.0333783 0.286848 1.67254 3.37714 0.494821 0.039614 0.709698 0.0103737 9.96772 0.253455
0.0397991 0.82582 0.110626 0.883841 0.0406978 4.09202 0.21494 0.0423134 0.0504759 1.0757
0.00478592 0.182662 0.164556 1.19671 0.388189 0.295717 0.494548 0.108351 0.489577 3.7703
0.0385481 0.0338986 0.384793 5.9083 0.600098 0.0535149 0.0234266 0.0125577 0.216525 2.3452
0.69037 0.047895 0.0778706 0.919769 0.0468652 0.230363 0.278548 0.495824 0.0556867 0.108828
0.908872 2.23466 0.396607 0.050968 0.0482357 0.0804579 0.089619 2.14587 0.159182 0.244682
0.381688 10.0558 0.335212 0.0243771 0.160575 19.9346 0.1212 0.0229156 0.00300083 5.97503
29.7254 0.121201 0.656952 1.24069 3.31766 0.0226751 0.327532 0.29636 0.550085 0.310667
0.740591 0.589914 0.130536 0.0216783 0.0300532 0.0582581 1.48355 0.194241 0.0862394 0.613768
0.863198 52.9102 0.00848825 0.806853 0.0013732 0.0783199 0.15595 1.22724 0.533549 0.024346
0.00175116 1.49418 0.744247 0.554243 0.0860832 0.31584 1.29037 2.04769 0.00119446 0.175385
1.88548 4.10198 0.162588 1.04556 0.332627 0.642469 1.55244 0.030762 0.0289464 0.448473
0.31783 1.02727 3.95953 0.225824 0.454117 0.0111594 0.0890228 6.93188 92.3605 0.393755
0.0169094 0.0118784 0.426657 0.934625 0.00520489 2.75358 0.147169 0.121897 0.351552 3.98749
6.47831 0.32334 0.045755 0.893838 0.140177 0.41098 0.0375167 0.471911 0.0519035 0.00141059
0.0815646 0.0605883 0.57663 0.701456 6.27995 8.51909 0.348188 0.683087 0.346535 0.0676524
0.180313 0.0618957 1.5528 0.15216 0.590009 0.038457 2.87071 0.0246515 0.628322 0.643682
5.96432 0.0321167 3.28158 0.976904 0.518189 2.55177 0.0494522 17.559 0.731567 0.00945134
0.388885 3.1186 0.009169 0.0660305 1.21946 0.85131 0.0303313 0.560076 0.536859 1.95336
1.28126 0.717262 0.00742314 2.06778 0.0712382 0.116187 0.56982 2.91506 0.00328845 0.493597
13.2693 0.05889 1.25416 0.382255 0.0918362 0.532 0.413075 0.176687 0.713069 0.430733
0.0114115 2.57361 3.96813 0.00645411 0.0170979 0.699451 0.970761 0.88286 0.821795 1.43739
0.738865 0.0844408 0.153284 0.0415112 0.373418 0.0205116 0.791557 1.05006 0.422534 0.110323
5.9364 0.858262 0.765249 0.00260766 0.103845 4.94871 0.847824 0.179967 0.00216833 8.60617
0.234001 2.44043 10.2708 0.00202938 0.682527 0.152001 1.85827 0.627407 0.0449927 0.877899
1.06736 0.0841281 1.623 0.0271866 0.0470414 0.482953 4.48832 8.31428 0.0720795 0.0565139
0.531081 3.21685 0.120978 1.65917 0.830649 0.00757947 3.95961 0.369055 0.0429617 6.32991
0.237246 7.09535 0.0559863 0.399205 0.719034 1.59074 0.383526 2.52632 0.729637 2.97202
0.509918 3.95624 0.177674 0.112648 2.09781 1.00478 1.21511 0.460677 3.19669 0.0370706
0.70464 0.0238866 0.00604762 0.76553 2.98085 3.15269 0.578495 0.0256999 2.91309 1.02298
1.12497 1.01757 1.0509 0.132934 0.0669453 0.641909 3.33004 0.00650077 3.43832 2.72794
0.159257 1.34072 1.49128 0.389376 4.52631 0.810233 1.94103 0.0294772 0.812365 0.0151003
0.359475 1.82275 1.06173 0.439353 5.44823 0.00390972 0.643229 1.90064 0.0243272 6.7151
0.156299 2.13627 0.650619 0.359379 1.9998 0.226289 0.233982 0.494894 2.53293 1.94679
0.483301 0.0334486 2.18099 1.96482 1.21168 18.0585 0.865096 0.208248 9.77505 0.13253
0.614684 0.431912 0.0386047 0.0743767 0.055203 0.328268 0.158488 0.0301981 1.25312 0.322445
0.704383 0.0560613 0.126523 0.502269 0.00407593 0.037524 0.00326077 0.00816082 3.019 3.78916
0.765811 0.0506958 0.109638 0.511937 0.00898508 1.46495 0.429399 0.555994 0.0571529 0.0424003
0.30268 0.222539 0.133934 0.645185 1.29457 0.978553 2.20458 3.766 11.2653 3.35475
0.00904184 0.0647478 0.387517 2.03946 0.532834 11.7486 0.178731 0.904661 0.133002 1.06623
0.385859 1.00716 0.1031 5.61894 0.00310894 0.571737 0.473809 0.830965 2.23142 0.355131
2.0218 3.72431 7.11838 0.125548 0.154994 0.809642 0.323809 0.785378 0.0113258 0.162124
1.37663 0.403024 0.933886 0.623417 0.0202754 0.00583241 2.17375 0.338012 29.6508 0.698617
0.43324 0.00622402 1.04783 0.421068 0.0122186 0.0384182 0.501998 0.353557 0.0482328 0.0513285
1.7673 0.50895 0.00528121 1.33664 0.0499018 9.99591 5.01789 0.117419 0.503446 0.0289277
0.835138 0.121412 0.00862696 0.210019 0.00797689 0.228002 0.00148523 0.0115512 0.144513 0.37795
2.12103 1.17814 5.9241 2.05076 1.38744 0.808229 1.48249 0.26574 29.9782 11.5584
4.38121 0.941675 1.21971 1.30778 2.48647 1.52807 0.336808 0.391163 0.800849 0.0034665
1.69538 0.379168 0.0253861 0.0669491 0.0759581 0.329918 5.30651 0.737199 0.632581 0.027687
3.03385 0.708826 0.823366 0.406115 1.18443 0.184097 0.42507 4.63409 1.05771 1.61566
0.367297 0.159496 0.594996 0.125439 0.625772 1.70007 0.617984 0.730775 0.162101 1.4347
0.566304 0.843885 0.00798169 0.0136591 1.22994 0.130313 0.88909 0.0114349 3.23512 2.12566
0.583051 0.0308373 0.0931831 0.333183 1.6647 0.552067 0.39912 0.0316989 0.0313725 0.86745
0.758546 0.165367 1.51009 0.0501878 1.00208 3.5737 0.611258 0.957521 0.189949 0.0201661
0.135339 0.674732 1.07586 0.221857 0.0185158 0.978333 5.11393 0.2317 1.09232 0.0210143
0.119297 0.103431 0.0473142 1.12918 0.158517 1.37332 0.0167368 0.568844 0.42554 1.91336
0.0518969 0.152671 1.23053 0.0510715 0.0144771 1.17153 0.0287946 0.117204 0.0230696 0.687096
2.05327 0.110836 0.0665257 0.378708 0.142198 0.895836 0.0110008 0.604576 1.09028 0.125053
0.952669 1.76449 0.0469533 0.86866 0.068297 0.0539104 0.649385 0.434393 0.966032 0.0562092
0.0401356 2.29212 0.281478 0.0594989 0.0993481 0.46591 0.422658 0.0317043 0.0496012 0.150878
1.27446 0.879304 18.8351 0.0908391 10.5836 0.141987 0.0572983 0.0380002 1.14475 0.0870095
7.20388 0.0468057 0.315407 0.244354 0.0142335 0.0929064 0.83084 0.768834 0.181768 0.161213
0.130888 0.00907732 0.473076 0.0321399 0.770857 0.0240255 0.191553 0.133878 0.0175714 0.0273807
0.054829 0.118106 7.53041 0.195278 1.17106 0.10106 0.773941 0.115096 
>covarianceMatrix:
A
1	0	0	0	0	0	0	0	0	0	0	0	
0	1	0	0	0	0	0	0	0	0	0	0	
0	0	1	0	0	0	0	0	0	0	0	0	
0	0	0	1	0	0	0	0	0	0	0	0	
0	0	0	0	1	0	0	0	0	0	0	0	
0	0	0	0	0	1	0	0	0	0	0	0	
0	0	0	0	0	0	1	0	0	0	0	0	
0	0	0	0	0	0	0	1	0	0	0	0	
0	0	0	0	0	0	0	0	1	0	0	0	
0	0	0	0	0	0	0	0	0	1	0	0	
0	0	0	0	0	0	0	0	0	0	1	0	
0	0	0	0	0	0	0	0	0	0	0	1	
***
>covarianceMatrix:
C
1	0	0	0	
0	1	0	0	
0	0	1	0	
0	0	0	1	
***
>covarianceMatrix:
D
1	0	0	0	
0	1	0	0	
0	0	1	0	
0	0	0	1	
***
>covarianceMatrix:
E
1	0	0	0	
0	1	0	0	
0	0	1	0	
0	0	0	1	
***
>covarianceMatrix:
F
1	0	0	0	
0	1	0	0	
0	0	1	0	
0	0	0	1	
***
>covarianceMatrix:
G
1	0	0	0	0	0	0	0	0	0	0	0	
0	1	0	0	0	0	0	0	0	0	0	0	
0	0	1	0	0	0	0	0	0	0	0	0	
0	0	0	1	0	0	0	0	0	0	0	0	
0	0	0	0	1	0	0	0	0	0	0	0	
0	0	0	0	0	1	0	0	0	0	0	0	
0	0	0	0	0	0	1	0	0	0	0	0	
0	0	0	0	0	0	0	1	0	0	0	0	
0	0	0	0	0	0	0	0	1	0	0	0	
0	0	0	0	0	0	0	0	0	1	0	0	
0	0	0	0	0	0	0	0	0	0	1	0	
0	0	0	0	0	0	0	0	0	0	0	1	
***
>covarianceMatrix:
H
1	0	0	0	
0	1	0	0	
0	0	1	0	
0	0	0	1	
***
>covarianceMatrix:
I
1	0	0	0	0	0	0	0	
0	1	0	0	0	0	0	0	
0	0	1	0	0	0	0	0	
0	0	0	1	0	0	0	0	
0	0	0	0	1	0	0	0	
0	0	0	0	0	1	0	0	
0	0	0	0	0	0	1	0	
0	0	0	0	0	0	0	1	
***
>covarianceMatrix:
K
1	0	0	0	
0	1	0	0	
0	0	1	0	
0	0	0	1	
***
>covarianceMatrix:
L
1	0	0	0	0	0	0	0	0	0	0	0	0	0	0	0	0	0	0	0	
0	1	0	0	0	0	0	0	0	0	0	0	0	0	0	0	0	0	0	0	
0	0	1	0	0	0	0	0	0	0	0	0	0	0	0	0	0	0	0	0	
0	0	0	1	0	0	0	0	0	0	0	0	0	0	0	0	0	0	0	0	
0	0	0	0	1	0	0	0	0	0	0	0	0	0	0	0	0	0	0	0	
0	0	0	0	0	1	0	0	0	0	0	0	0	0	0	0	0	0	0	0	
0	0	0	0	0	0	1	0	0	0	0	0	0	0	0	0	0	0	0	0	
0	0	0	0	0	0	0	1	0	0	0	0	0	0	0	0	0	0	0	0	
0	0	0	0	0	0	0	0	1	0	0	0	0	0	0	0	0	0	0	0	
0	0	0	0	0	0	0	0	0	1	0	0	0	0	0	0	0	0	0	0	
0	0	0	0	0	0	0	0	0	0	1	0	0	0	0	0	0	0	0	0	
0	0	0	0	0	0	0	0	0	0	0	1	0	0	0	0	0	0	0	0	
0	0	0	0	0	0	0	0	0	0	0	0	1	0	0	0	0	0	0	0	
0	0	0	0	0	0	0	0	0	0	0	0	0	1	0	0	0	0	0	0	
0	0	0	0	0	0	0	0	0	0	0	0	0	0	1	0	0	0	0	0	
0	0	0	0	0	0	0	0	0	0	0	0	0	0	0	1	0	0	0	0	
0	0	0	0	0	0	0	0	0	0	0	0	0	0	0	0	1	0	0	0	
0	0	0	0	0	0	0	0	0	0	0	0	0	0	0	0	0	1	0	0	
0	0	0	0	0	0	0	0	0	0	0	0	0	0	0	0	0	0	1	0	
0	0	0	0	0	0	0	0	0	0	0	0	0	0	0	0	0	0	0	1	
***
>covarianceMatrix:
M

***
>covarianceMatrix:
N
1	0	0	0	
0	1	0	0	
0	0	1	0	
0	0	0	1	
***
>covarianceMatrix:
P
1	0	0	0	0	0	0	0	0	0	0	0	
0	1	0	0	0	0	0	0	0	0	0	0	
0	0	1	0	0	0	0	0	0	0	0	0	
0	0	0	1	0	0	0	0	0	0	0	0	
0	0	0	0	1	0	0	0	0	0	0	0	
0	0	0	0	0	1	0	0	0	0	0	0	
0	0	0	0	0	0	1	0	0	0	0	0	
0	0	0	0	0	0	0	1	0	0	0	0	
0	0	0	0	0	0	0	0	1	0	0	0	
0	0	0	0	0	0	0	0	0	1	0	0	
0	0	0	0	0	0	0	0	0	0	1	0	
0	0	0	0	0	0	0	0	0	0	0	1	
***
>covarianceMatrix:
Q
1	0	0	0	
0	1	0	0	
0	0	1	0	
0	0	0	1	
***
>covarianceMatrix:
R
1	0	0	0	0	0	0	0	0	0	0	0	0	0	0	0	0	0	0	0	
0	1	0	0	0	0	0	0	0	0	0	0	0	0	0	0	0	0	0	0	
0	0	1	0	0	0	0	0	0	0	0	0	0	0	0	0	0	0	0	0	
0	0	0	1	0	0	0	0	0	0	0	0	0	0	0	0	0	0	0	0	
0	0	0	0	1	0	0	0	0	0	0	0	0	0	0	0	0	0	0	0	
0	0	0	0	0	1	0	0	0	0	0	0	0	0	0	0	0	0	0	0	
0	0	0	0	0	0	1	0	0	0	0	0	0	0	0	0	0	0	0	0	
0	0	0	0	0	0	0	1	0	0	0	0	0	0	0	0	0	0	0	0	
0	0	0	0	0	0	0	0	1	0	0	0	0	0	0	0	0	0	0	0	
0	0	0	0	0	0	0	0	0	1	0	0	0	0	0	0	0	0	0	0	
0	0	0	0	0	0	0	0	0	0	1	0	0	0	0	0	0	0	0	0	
0	0	0	0	0	0	0	0	0	0	0	1	0	0	0	0	0	0	0	0	
0	0	0	0	0	0	0	0	0	0	0	0	1	0	0	0	0	0	0	0	
0	0	0	0	0	0	0	0	0	0	0	0	0	1	0	0	0	0	0	0	
0	0	0	0	0	0	0	0	0	0	0	0	0	0	1	0	0	0	0	0	
0	0	0	0	0	0	0	0	0	0	0	0	0	0	0	1	0	0	0	0	
0	0	0	0	0	0	0	0	0	0	0	0	0	0	0	0	1	0	0	0	
0	0	0	0	0	0	0	0	0	0	0	0	0	0	0	0	0	1	0	0	
0	0	0	0	0	0	0	0	0	0	0	0	0	0	0	0	0	0	1	0	
0	0	0	0	0	0	0	0	0	0	0	0	0	0	0	0	0	0	0	1	
***
>covarianceMatrix:
S
1	0	0	0	0	0	0	0	0	0	0	0	
0	1	0	0	0	0	0	0	0	0	0	0	
0	0	1	0	0	0	0	0	0	0	0	0	
0	0	0	1	0	0	0	0	0	0	0	0	
0	0	0	0	1	0	0	0	0	0	0	0	
0	0	0	0	0	1	0	0	0	0	0	0	
0	0	0	0	0	0	1	0	0	0	0	0	
0	0	0	0	0	0	0	1	0	0	0	0	
0	0	0	0	0	0	0	0	1	0	0	0	
0	0	0	0	0	0	0	0	0	1	0	0	
0	0	0	0	0	0	0	0	0	0	1	0	
0	0	0	0	0	0	0	0	0	0	0	1	
***
>covarianceMatrix:
T
1	0	0	0	0	0	0	0	0	0	0	0	
0	1	0	0	0	0	0	0	0	0	0	0	
0	0	1	0	0	0	0	0	0	0	0	0	
0	0	0	1	0	0	0	0	0	0	0	0	
0	0	0	0	1	0	0	0	0	0	0	0	
0	0	0	0	0	1	0	0	0	0	0	0	
0	0	0	0	0	0	1	0	0	0	0	0	
0	0	0	0	0	0	0	1	0	0	0	0	
0	0	0	0	0	0	0	0	1	0	0	0	
0	0	0	0	0	0	0	0	0	1	0	0	
0	0	0	0	0	0	0	0	0	0	1	0	
0	0	0	0	0	0	0	0	0	0	0	1	
***
>covarianceMatrix:
V
1	0	0	0	0	0	0	0	0	0	0	0	
0	1	0	0	0	0	0	0	0	0	0	0	
0	0	1	0	0	0	0	0	0	0	0	0	
0	0	0	1	0	0	0	0	0	0	0	0	
0	0	0	0	1	0	0	0	0	0	0	0	
0	0	0	0	0	1	0	0	0	0	0	0	
0	0	0	0	0	0	1	0	0	0	0	0	
0	0	0	0	0	0	0	1	0	0	0	0	
0	0	0	0	0	0	0	0	1	0	0	0	
0	0	0	0	0	0	0	0	0	1	0	0	
0	0	0	0	0	0	0	0	0	0	1	0	
0	0	0	0	0	0	0	0	0	0	0	1	
***
>covarianceMatrix:
W

***
>covarianceMatrix:
Y
1	0	0	0	
0	1	0	0	
0	0	1	0	
0	0	0	1	
***
>covarianceMatrix:
Z
1	0	0	0	
0	1	0	0	
0	0	1	0	
0	0	0	1	
***
>covarianceMatrix:
X
1	0	0	0	0	0	0	0	
0	1	0	0	0	0	0	0	
0	0	1	0	0	0	0	0	
0	0	0	1	0	0	0	0	
0	0	0	0	1	0	0	0	
0	0	0	0	0	1	0	0	
0	0	0	0	0	0	1	0	
0	0	0	0	0	0	0	1	
***
