>Sphi:
2
>Aphi:
6.95322e-310
>numParam:
40
>numMixtures:
2
>categories:
0 0
1 1
>mixtureAssignment:
0 0 0 0 0 0 0 0 0 0 0 0 0 0 0 0 0 0 0 0 0 0 0 0 0 0 0 0 0 0 0 0 0 0 0 0 0 0 0 0 0 0 0 0 0 0 0 0 0 0
0 0 0 0 0 0 0 0 0 0 0 0 0 0 0 0 0 0 0 0 0 0 0 0 0 0 0 0 0 0 0 0 0 0 0 0 0 0 0 0 0 0 0 0 0 0 0 0 0 0
0 0 0 0 0 0 0 0 0 0 0 0 0 0 0 0 0 0 0 0 0 0 0 0 0 0 0 0 0 0 0 0 0 0 0 0 0 0 0 0 0 0 0 0 0 0 0 0 0 0
0 0 0 0 0 0 0 0 0 0 0 0 0 0 0 0 0 0 0 0 0 0 0 0 0 0 0 0 0 0 0 0 0 0 0 0 0 0 0 0 0 0 0 0 0 0 0 0 0 0
0 0 0 0 0 0 0 0 0 0 0 0 0 0 0 0 0 0 0 0 0 0 0 0 0 0 0 0 0 0 0 0 0 0 0 0 0 0 0 0 0 0 0 0 0 0 0 0 0 0
0 0 0 0 0 0 0 0 0 0 0 0 0 0 0 0 0 0 0 0 0 0 0 0 0 0 0 0 0 0 0 0 0 0 0 0 0 0 0 0 0 0 0 0 0 0 0 0 0 0
0 0 0 0 0 0 0 0 0 0 0 0 0 0 0 0 0 0 0 0 0 0 0 0 0 0 0 0 0 0 0 0 0 0 0 0 0 0 0 0 0 0 0 0 0 0 0 0 0 0
0 0 0 0 0 0 0 0 0 0 0 0 0 0 0 0 0 0 0 0 0 0 0 0 0 0 0 0 0 0 0 0 0 0 0 0 0 0 0 0 0 0 0 0 0 0 0 0 0 0
0 0 0 0 0 0 0 0 0 0 0 0 0 0 0 0 0 0 0 0 0 0 0 0 0 0 0 0 0 0 0 0 0 0 0 0 0 0 0 0 0 0 0 0 0 0 0 0 1 1
1 1 1 1 1 1 1 1 1 1 1 1 1 1 1 1 1 1 1 1 1 1 1 1 1 1 1 1 1 1 1 1 1 1 1 1 1 1 1 1 1 1 1 1 1 1 1 1 1 1
1 1 1 1 1 1 1 1 1 1 1 1 1 1 1 1 1 1 1 1 1 1 1 1 1 1 1 1 1 1 1 1 1 1 1 1 1 1 1 1 1 1 1 1 1 1 1 1 1 1
1 1 1 1 1 1 1 1 1 1 1 1 1 1 1 1 1 1 1 1 1 1 1 1 1 1 1 1 1 1 1 1 1 1 1 1 1 1 1 1 1 1 1 1 1 1 1 1 1 1
1 1 1 1 1 1 1 1 1 1 1 1 1 1 1 1 1 1 1 1 1 1 1 1 1 1 1 1 1 1 1 1 1 1 1 1 1 1 1 1 1 1 1 1 1 1 1 1 1 1
1 1 1 1 1 1 1 1 1 1 1 1 1 1 1 1 1 1 1 1 1 1 1 1 1 1 1 1 1 1 1 1 1 1 1 1 1 1 1 1 1 1 1 1 1 1 1 1 1 1
1 1 1 1 1 1 1 1 1 1 1 1 1 1 1 1 1 1 1 1 1 1 1 1 1 1 1 1 1 1 1 1 1 1 1 1 1 1 1 1 1 1 1 1 1 1 1 1 1 1
1 1 1 1 1 1 1 1 1 1 1 1 1 1 1 1 1 1 1 1 1 1 1 1 1 1 1 1 1 1 1 1 1 1 1 1 1 1 1 1 1 1 1 1 1 1 1 1 1 1
1 1 1 1 1 1 1 1 1 1 1 1 1 1 1 1 1 1 1 1 1 1 1 1 1 1 1 1 1 1 1 1 1 1 1 1 1 1 1 1 1 1 1 1 1 1 1 1 1 1
1 1 1 1 1 1 1 1 1 1 1 1 1 1 1 1 1 1 1 1 1 1 1 1 1 1 1 1 1 1 1 1 1 1 1 1 1 1 1 1 1 1 1 1 1 1 1 1 1 1
1 1 1 1 1 1 1 1 1 1 1 1 1 1 1 1 1 1 1 1 1 1 1 1 1 1 1 1 1 1 1 1 1 1 1 1 1 1 1 1 1 1 1 1 1 1 1 1 1 1
1 1 1 1 1 1 1 1 1 1 1 1 1 1 1 1 1 1 1 1 1 1 1 1 1 1 1 1 1 1 1 1 1 1 1 1 1 1 1 1 1 1 1 1 1 1 1 1 1 1
1 1 1 1 1 1 1 1 1 1 1 1 1 1 1 1 1 1 1 1 1 1 1 1 1 1 1 1 1 1 1 1 1 1 1 1 1 1 1 1 1 1 1 1 1 1 1 1 1 1
1 1 1 1 1 1 1 1 1 1 1 1 1 1 1 1 1 1 1 1 1 1 1 1 1 1 1 1 1 1 1 1 1 1 1 1 1 1 1 1 1 1 1 1 1 1 1 1 1 1
1 1 1 1 1 1 1 1 1 1 1 1 1 1 1 1 1 1 1 1 1 1 1 1 1 1 1 1 1 1 1 1 1 1 1 1 1 1 1 1 1 1 1 1 1 1 1 1 1 1
1 1 1 1 1 1 1 1 1 1 1 1 1 1 1 1 1 1 1 1 1 1 1 1 1 1 1 1 1 1 1 1 1 1 1 1 1 1 1 1 1 1 1 1 1 1 1 1 1 1
1 1 1 1 1 1 1 1 1 1 1 1 1 1 1 1 1 1 1 1 1 1 1 1 1 1 1 1 1 1 1 1 1 1 1 1 1 1 1 1 1 1 1 1 1 1 1 1 1 1
1 1 1 1 1 1 1 1 1 1 1 1 1 1 1 1 1 1 1 1 1 1 1 1 1 1 1 1 1 1 1 1 1 1 1 1 1 1 1 1 1 1 1 1 1 1 1 1 1 1
1 1 1 1 1 1 1 1 1 1 1 1 1 1 1 1 1 1 1 1 1 1 1 1 1 1 1 1 1 1 1 1 1 1 1 1 1 1 1 1 1 1 1 1 1 1 1 1 1 1
1 1 1 1 1 1 1 1 1 1 1 1 1 1 1 1 1 1 1 1 1 1 1 1 1 1 1 1 1 1 1 1 1 1 1 1 1 1 1 1 1 1 1 1 1 1 1 1 1 1
1 1 1 1 1 1 1 1 1 1 1 1 1 1 1 1 1 1 
>numMutationCategories:
2
>numSelectionCategories:
2
>categoryProbabilities:
0.5 0.5 
>selectionIsInMixture:
***
0 
***
1 
>mutationIsInMixture:
***
0 
***
1 
>currentSynthesisRateLevel:
***
0.0523458 0.00593057 0.310742 0.00959406 0.17611 0.0100522 0.0188844 0.0174016 0.0524819 0.00400532
0.0130427 0.0824797 0.149654 0.225322 0.0830228 0.0130383 0.123233 0.0173843 0.0713019 0.113622
0.157498 0.0820471 0.0312248 0.0912876 0.092056 0.0215737 0.191154 0.248953 0.119103 0.136667
0.235713 0.00412651 0.0122173 0.0078067 0.273139 0.0140412 0.00150322 0.162326 0.153388 0.00825694
0.0173335 0.243472 0.054285 0.154034 0.117756 0.0195676 0.144097 0.18968 0.0261604 0.0282823
0.0883603 0.0398971 0.287478 0.708071 0.0497153 0.186878 0.118109 0.0780557 0.00101687 0.251914
0.232027 0.314987 0.115785 0.0674035 0.0724513 0.0823364 0.122047 0.0794507 0.0521772 0.0518426
0.0752193 0.10426 0.0168778 0.199037 0.0341924 0.256956 0.212974 0.0502365 0.12264 0.184497
0.0339867 0.280185 0.00286694 0.192839 0.0522442 0.00259873 0.0305869 0.241654 0.187904 0.0255585
0.0189079 0.00963819 0.0308396 0.16096 0.0214828 0.30939 0.334435 0.0355794 0.0653839 0.186998
0.331253 0.557541 0.223151 0.00317439 0.00199283 0.0207681 0.0477574 0.319412 0.0316868 0.0399417
0.183699 0.0143502 0.0779251 0.0485002 0.295693 0.0673129 0.0344748 0.344959 0.0289149 0.00866188
0.0751775 0.179369 0.22047 0.0128594 0.110432 0.181081 0.182602 0.186899 0.241695 0.00166097
0.355656 0.049323 0.0665161 0.302577 0.146919 0.0162917 0.0219073 0.172845 0.0305917 0.123745
0.00368602 0.115708 0.162178 0.0332559 0.00956699 0.220994 0.116323 0.203861 0.160346 0.0146923
0.328668 0.0535531 0.0478806 0.0772311 0.252294 0.00434656 0.0410957 0.158338 0.121823 0.0479921
0.0242918 0.103433 0.00336131 0.270202 0.0902109 0.211216 0.0240003 0.211691 0.173611 0.365524
0.0251483 0.10418 0.0583234 0.0737827 0.0892572 0.0486713 0.136067 0.092398 0.0333926 0.0648876
0.00142664 0.0988489 0.0110688 0.0212648 0.111277 0.100293 0.00764093 0.302372 0.139642 0.105289
0.281281 0.0916914 0.0387771 0.0136142 0.127101 0.0802647 0.362722 0.154289 0.00170958 0.0107375
0.0199177 0.098289 0.0710026 0.654643 3.10915 0.0877988 0.0519081 0.908938 1.40383 0.18598
0.16095 0.260772 0.200092 0.00947266 0.0417222 0.120853 0.222094 0.2907 0.01337 0.272402
3.04409 0.124786 0.0768147 0.0046528 0.0260223 0.0131187 0.0871588 0.00320641 0.0339144 0.183686
0.00744572 0.277885 0.0146506 0.0720734 0.27013 0.0690122 0.0478582 0.0257815 0.110732 0.117096
0.0782356 0.025093 0.0983209 0.0042806 0.167359 0.0426352 0.158142 0.0329719 0.0365573 0.167832
0.0109445 0.00770462 0.0130993 0.000741805 0.172672 0.170212 0.253237 0.476305 0.116425 0.0198309
0.305135 0.088109 0.0429271 0.0599475 0.879167 0.0715436 0.00650375 0.00535547 0.113715 0.161096
0.078652 0.032538 0.238117 0.316932 0.149563 0.0582267 0.0656463 0.10024 0.0579627 0.0166135
0.0390133 0.04916 0.0249345 0.110685 0.0388401 0.157072 0.00650557 0.148651 0.0216891 0.345333
0.0577739 0.278698 0.0968663 0.211505 0.163003 0.0496318 0.0212282 0.194347 0.0207617 0.370366
0.00913022 0.235548 0.0457043 0.0326213 0.204116 0.264569 0.0412256 0.00216178 0.21592 0.000729543
0.199135 0.145956 0.00370092 0.0610519 0.114683 0.0821796 0.0936559 0.174366 0.00570497 0.00345777
0.0161605 0.0888782 0.339919 0.311721 0.0264342 0.0104551 0.36246 0.157948 0.135788 0.132912
0.0398648 0.013406 0.335537 0.0655825 0.0105846 0.143998 0.00623965 0.0167967 0.284976 0.0785609
0.0925382 0.518026 1.3537 0.0238951 0.0849741 0.30513 0.0966461 0.00281288 0.00712767 0.0233396
0.0379168 0.256228 0.176104 0.0196513 0.0165257 0.0194621 0.259838 0.0174392 0.189658 0.12545
0.0218339 0.0353297 0.0316455 0.0997584 0.286966 0.00261704 0.128519 0.103129 7.14344 0.199768
0.242837 0.0178935 0.00316592 0.00621017 0.219215 0.101015 0.0455275 0.0272123 0.0494442 0.00107657
0.370545 0.103394 0.127487 2.26371 0.0478799 4.93815 0.0899478 0.164019 0.0887989 0.00054298
0.152796 0.0735716 0.0569728 0.0213481 0.154074 0.0175061 0.102811 0.109729 0.160738 0.020586
0.00431068 0.0103541 0.44562 0.00637802 0.0413731 0.184203 0.458799 0.18404 0.0161251 0.100909
0.718183 0.225302 0.154714 0.0207558 0.252512 0.682918 0.00728617 0.64986 0.111123 0.0816546
0.163825 0.132587 0.0131228 2.05832 0.118152 0.209588 0.00460798 0.00116541 0.0775776 0.0607949
0.286241 0.127702 0.0905789 0.0373285 0.111223 0.210566 0.0292606 0.00503967 0.43661 0.0970296
0.100498 0.0492512 0.00372251 0.00234644 0.0651719 0.0183386 0.0906618 0.0440313 0.058435 0.00288338
0.123289 0.203981 0.183793 0.0147526 0.039922 0.0121639 0.00862439 3.6813 0.0174495 0.0701055
0.106024 0.218698 0.00689239 12.2105 30.7062 0.381572 0.292437 0.101986 2.06657 0.0316477
0.148414 0.107289 1.20179 0.00173843 0.164654 0.00791384 0.156489 0.0278638 0.33672 0.0284085
0.246669 2.61519 0.0195166 0.128442 0.0164811 0.0404355 16.7631 0.000368 0.206478 0.0871288
1.26867 0.01448 0.0292398 0.160089 0.0432597 0.0175167 0.0853507 0.0656433 0.242588 0.162606
0.230533 0.0646159 0.277808 0.122392 0.114339 0.000913335 0.169391 0.0180395 0.00186695 0.00996496
0.013406 0.0958083 0.0547058 0.0628645 0.795288 0.00629307 0.709378 0.883218 1.43728 0.00252123
0.00450506 0.0491553 0.0950784 0.347796 0.0114851 0.0644413 0.0164886 0.29005 0.247671 0.547394
0.0403816 0.0123429 0.00435295 0.0557416 0.190787 0.0196849 0.0109383 0.089366 0.0120755 0.0609332
0.00108078 0.575783 0.151636 0.201508 0.159051 0.0188222 0.0661508 0.286016 0.0321766 0.0323384
0.0537645 0.227688 0.00982886 0.193374 0.168592 0.212332 0.0231232 3.06946 9.26474 0.444929
0.320817 0.239138 0.10169 0.0547495 0.296161 0.260641 0.102759 0.1676 0.107293 0.135607
0.00456356 0.471927 0.125067 4.2249 0.253444 0.00315524 0.0038489 0.0222263 0.43764 0.106694
0.0870836 0.27316 0.194209 0.0699678 0.304563 0.470026 0.272892 0.154987 7.47573 0.00331017
0.031141 0.0405267 0.0982533 0.0339173 0.0176716 0.0556548 0.0306383 0.000974962 0.296397 0.351588
2.68303 0.15035 0.210454 0.103761 0.109789 0.0819412 0.0365358 0.185145 0.467326 0.11448
0.15852 0.137246 0.185923 0.0846978 0.0670201 0.0103589 0.0242013 0.0280744 0.0284785 0.133253
0.207011 0.0882625 0.0289568 0.0400853 0.355475 0.0625333 0.0381581 0.00190965 0.0169206 0.469889
0.211497 0.0774212 0.0127328 0.0391275 0.229909 0.218612 0.000468258 0.00371408 0.0169053 0.109863
0.0115717 0.0145856 3.4207 0.477759 0.116365 0.653687 0.18988 0.117529 0.0053689 3.09317
0.01622 0.0364296 0.316196 0.108939 1.64501 0.0304882 0.0969972 0.0342267 0.0285013 0.234134
0.713781 0.0260961 0.104177 0.171407 0.011738 0.00360117 0.301461 0.849236 0.00459642 0.177751
0.0129017 0.0150507 0.00670246 0.0225966 0.4389 0.346294 0.00889268 0.00137305 0.91515 0.0718587
0.0737148 0.0118212 0.00187943 0.227174 0.0417199 0.591051 0.0188943 0.427226 0.0308479 0.0788772
0.0363006 0.0982807 0.00316291 0.544891 0.00990776 0.0308355 0.162348 0.110365 0.0237389 1.88569
1.23188 0.0146123 0.165475 0.0379602 0.02033 1.08598 0.426184 0.642623 0.0379146 0.0497229
0.103306 0.261933 0.0466268 0.355194 0.110177 0.0141052 0.0709149 30.8729 0.0587483 0.559507
0.114643 0.142181 0.0425831 0.0371917 0.0705471 0.0385212 0.514567 0.247415 0.288671 0.012183
1.25707 0.00434629 0.0595318 0.081244 0.680634 0.0625644 0.0457682 0.211303 0.0601061 0.730088
0.12204 0.0101598 0.00701732 0.0977968 4.61781 0.00378175 0.0525321 0.0334319 0.0178883 0.0574101
0.00472185 0.0238843 0.0256462 0.0625931 0.0294839 0.365486 1.60345 0.200938 2.60161 0.0333916
0.0573379 0.0189292 0.447538 0.0362215 0.0407343 0.0975639 0.0151638 0.065303 0.481021 0.105015
0.163687 0.400932 0.00196531 4.19147 0.0901675 8.43653 11.3818 1.488 0.0110509 0.517455
0.0408628 0.284595 1.55444 2.94446 0.49399 0.0472443 0.565596 0.0085539 9.16143 0.260791
0.0473488 0.790396 0.119928 0.834983 0.0485256 3.49949 0.224156 0.0505483 0.0641427 1.04822
0.00340907 0.198354 0.18314 2.36379 0.38881 0.281256 0.483267 0.117848 0.486634 3.293
0.043987 0.0396222 0.390177 4.49188 0.600307 0.065394 0.0232638 0.0122294 0.224427 1.94581
0.657781 0.0571186 0.0962074 0.859165 0.0557232 0.243189 0.281214 0.503762 0.0681797 0.119316
0.855075 2.0054 0.399254 0.0624657 0.0594129 0.0974403 0.105061 1.77396 0.17505 0.250053
0.374911 9.63126 0.342332 0.0262076 0.18227 16.6983 0.131055 0.0208704 0.00258404 3.91869
18.0083 0.134371 0.64475 1.14269 2.85551 0.0221141 0.320496 0.288493 0.545924 0.302346
0.717698 0.571692 0.149319 0.021755 0.0330845 0.0743066 1.28052 0.22572 0.0987866 0.595495
0.812442 45.7113 0.00753663 0.78868 0.000619452 0.0960016 0.170355 1.16879 0.539281 0.0256462
0.00223399 1.38096 0.726199 0.551667 0.102749 0.308205 1.21213 1.80618 0.00045663 0.1878
1.70162 3.51486 0.182525 1.02165 0.323216 0.760147 1.44354 0.0342343 0.0316779 0.397591
0.32912 1.01207 3.45067 0.239057 0.453072 0.011119 0.104167 5.38622 48.8703 0.397366
0.0178457 0.0115044 0.420571 0.872762 0.00443501 2.37207 0.161905 0.135151 0.349013 3.47832
5.60263 0.319168 0.0538975 0.847368 0.155061 0.39991 0.0427584 0.467511 0.0508348 0.000961777
0.0981213 0.0768739 0.565434 0.669459 4.93458 7.10984 0.353679 0.654223 0.345588 0.0835782
0.193094 0.0712009 1.48351 0.165947 0.561282 0.0454016 2.37252 0.0257115 0.633727 0.639141
4.79779 0.0365601 2.81994 0.979171 0.508096 2.25689 0.0599034 12.9871 0.69644 0.00951899
0.363383 2.62309 0.00954298 0.0845042 0.92157 0.800694 0.0339833 0.551894 0.509051 1.76173
1.21175 0.694181 0.00663884 1.85352 0.0874646 0.121186 0.556144 2.40146 0.00304436 0.50033
11.7516 0.0717751 1.18715 0.36182 0.108438 0.528778 0.40496 0.191661 0.700744 0.432465
0.0114497 2.35791 3.34587 0.00572712 0.0168794 0.671659 0.932662 0.839044 0.769408 1.27862
0.715525 0.100532 0.160336 0.0492814 0.370258 0.0206562 0.76434 1.03358 0.415313 0.120307
4.63828 0.805521 0.738991 0.00185537 0.118457 4.20399 0.742141 0.178922 0.000698581 8.90544
0.246158 2.16619 10.2849 0.0015924 0.654511 0.163839 1.70025 0.63137 0.0523749 0.832014
1.07382 0.100016 1.54981 0.0300794 0.0649609 0.47792 3.53197 7.48769 0.0875367 0.0707849
0.522503 2.7298 0.133992 1.5509 0.798259 0.00706236 4.06937 0.370256 0.0502827 0.897538
0.247949 6.6611 0.0687035 0.400613 0.705066 1.50652 0.387639 2.11844 0.712343 2.45705
0.508843 3.33107 0.191538 0.123281 1.92435 0.983575 1.14014 0.461223 2.72676 0.0426397
0.676796 0.0241399 0.00465769 0.751377 2.57791 2.71742 0.566546 0.0277583 2.43726 1.00749
1.07036 1.00009 1.0336 0.134591 0.0859269 0.600954 2.92557 0.00591447 2.80831 2.36643
1.07579 1.21525 1.30991 0.389205 3.64453 0.768922 1.7354 0.0317145 0.769303 0.0159824
0.361439 1.63464 1.00295 0.440983 4.24029 0.00343816 0.636479 1.71052 0.0251235 5.98078
0.171652 1.78753 0.642923 0.356702 1.80484 0.240407 0.244904 0.503081 2.14956 1.72034
0.484639 0.0393519 1.94397 1.76357 1.1034 6.74468 0.813421 0.245459 8.09423 0.142417
0.605797 0.424513 0.0445309 0.0911082 0.0670048 0.327264 0.173527 0.0337879 1.17424 0.274326
0.675399 0.0687367 0.142025 0.256203 0.0036778 0.0427759 0.00296878 0.00704956 2.63288 3.44597
0.743792 0.0613688 0.119594 0.512228 0.00875373 1.28005 0.425317 0.558157 0.0697044 0.0517434
0.225229 0.236254 0.15851 0.62305 1.21291 1.01567 1.94526 3.27341 10.0502 2.94941
0.00942243 0.0805087 0.379781 1.80566 0.534941 11.0936 0.193049 0.849883 0.156933 1.03524
0.37784 0.990785 0.115608 4.46167 0.00235249 0.563221 0.469929 0.791682 2.03616 0.350706
1.78057 3.27601 5.27161 0.138752 0.168199 0.767901 0.318696 0.762619 0.0111629 0.180634
1.23728 0.40014 0.863708 0.622012 0.0202006 0.00559933 1.92996 0.344127 18.3726 0.659307
0.433083 0.00525343 1.03134 0.407755 0.0124276 0.0445044 0.506101 0.357486 0.0589995 0.0625376
1.60459 0.511299 0.00464745 1.21833 0.0614531 9.48112 4.20076 0.126114 0.507395 0.031716
0.794458 0.134752 0.00826725 0.242051 0.00671547 0.241714 0.000984861 0.0117946 0.159125 0.374634
1.90695 1.13361 4.47143 1.90591 1.23833 0.743449 1.36949 0.273905 23.4719 10.628
3.57616 0.935229 1.11928 1.212 2.31164 1.41808 0.332564 0.421426 0.764419 0.00307018
1.63247 0.374727 0.0270253 0.083157 0.0927232 0.327472 4.38493 0.733091 0.631574 0.0304185
2.38323 0.705827 0.783546 0.417943 1.2267 0.17581 0.417243 4.14675 1.03456 1.32641
0.369552 0.155215 0.589442 0.144587 0.603592 1.80281 0.61857 0.715863 0.178214 1.25237
0.554191 0.795928 0.00692954 0.00775908 1.17354 0.148444 0.840999 0.0117213 2.82118 2.04753
0.55691 0.0342762 0.108286 0.335595 1.57786 0.570057 0.393711 0.034881 0.0347047 0.82991
0.731682 0.183199 1.38422 7.99275 0.983238 3.29183 0.65266 1.0328 0.209221 0.0200862
0.12949 0.64884 1.06474 0.231875 0.018838 0.954595 4.0965 0.244581 1.06693 0.0208654
0.128193 0.116033 0.0567537 0.853309 0.173369 1.52286 0.0169998 0.554302 0.418682 1.74081
0.0643619 0.165226 1.18434 0.0628192 0.0140671 1.14243 0.0312881 0.125892 0.0229835 0.653476
1.80326 0.12165 0.0825315 0.371784 0.158302 0.826089 0.0110582 0.578387 1.05241 0.14042
0.891029 1.59454 0.0562769 0.833264 0.0849157 0.0661044 0.643332 0.443462 0.879694 0.0702882
0.0477673 2.05366 0.284873 0.0751604 0.113111 0.461341 0.410967 0.0357828 0.0600021 0.16915
1.20732 0.820733 13.4985 0.105493 10.938 0.158713 0.0719895 0.0430326 1.07978 0.103346
7.05246 0.0545721 0.308474 0.249975 0.0136437 0.109708 0.768079 0.751957 0.194517 0.177082
0.149426 0.00946685 0.458862 0.0365949 0.754543 0.0243239 0.209895 0.149759 0.0176095 0.0304177
0.0663399 0.128275 7.46317 0.210342 1.11016 0.113733 0.759756 0.122967 
***
0.0523458 0.00593057 0.310742 0.00959406 0.17611 0.0100522 0.0188844 0.0174016 0.0524819 0.00400532
0.0130427 0.0824797 0.149654 0.225322 0.0830228 0.0130383 0.123233 0.0173843 0.0713019 0.113622
0.157498 0.0820471 0.0312248 0.0912876 0.092056 0.0215737 0.191154 0.248953 0.119103 0.136667
0.235713 0.00412651 0.0122173 0.0078067 0.273139 0.0140412 0.00150322 0.162326 0.153388 0.00825694
0.0173335 0.243472 0.054285 0.154034 0.117756 0.0195676 0.144097 0.18968 0.0261604 0.0282823
0.0883603 0.0398971 0.287478 0.708071 0.0497153 0.186878 0.118109 0.0780557 0.00101687 0.251914
0.232027 0.314987 0.115785 0.0674035 0.0724513 0.0823364 0.122047 0.0794507 0.0521772 0.0518426
0.0752193 0.10426 0.0168778 0.199037 0.0341924 0.256956 0.212974 0.0502365 0.12264 0.184497
0.0339867 0.280185 0.00286694 0.192839 0.0522442 0.00259873 0.0305869 0.241654 0.187904 0.0255585
0.0189079 0.00963819 0.0308396 0.16096 0.0214828 0.30939 0.334435 0.0355794 0.0653839 0.186998
0.331253 0.557541 0.223151 0.00317439 0.00199283 0.0207681 0.0477574 0.319412 0.0316868 0.0399417
0.183699 0.0143502 0.0779251 0.0485002 0.295693 0.0673129 0.0344748 0.344959 0.0289149 0.00866188
0.0751775 0.179369 0.22047 0.0128594 0.110432 0.181081 0.182602 0.186899 0.241695 0.00166097
0.355656 0.049323 0.0665161 0.302577 0.146919 0.0162917 0.0219073 0.172845 0.0305917 0.123745
0.00368602 0.115708 0.162178 0.0332559 0.00956699 0.220994 0.116323 0.203861 0.160346 0.0146923
0.328668 0.0535531 0.0478806 0.0772311 0.252294 0.00434656 0.0410957 0.158338 0.121823 0.0479921
0.0242918 0.103433 0.00336131 0.270202 0.0902109 0.211216 0.0240003 0.211691 0.173611 0.365524
0.0251483 0.10418 0.0583234 0.0737827 0.0892572 0.0486713 0.136067 0.092398 0.0333926 0.0648876
0.00142664 0.0988489 0.0110688 0.0212648 0.111277 0.100293 0.00764093 0.302372 0.139642 0.105289
0.281281 0.0916914 0.0387771 0.0136142 0.127101 0.0802647 0.362722 0.154289 0.00170958 0.0107375
0.0199177 0.098289 0.0710026 0.654643 3.10915 0.0877988 0.0519081 0.908938 1.40383 0.18598
0.16095 0.260772 0.200092 0.00947266 0.0417222 0.120853 0.222094 0.2907 0.01337 0.272402
3.04409 0.124786 0.0768147 0.0046528 0.0260223 0.0131187 0.0871588 0.00320641 0.0339144 0.183686
0.00744572 0.277885 0.0146506 0.0720734 0.27013 0.0690122 0.0478582 0.0257815 0.110732 0.117096
0.0782356 0.025093 0.0983209 0.0042806 0.167359 0.0426352 0.158142 0.0329719 0.0365573 0.167832
0.0109445 0.00770462 0.0130993 0.000741805 0.172672 0.170212 0.253237 0.476305 0.116425 0.0198309
0.305135 0.088109 0.0429271 0.0599475 0.879167 0.0715436 0.00650375 0.00535547 0.113715 0.161096
0.078652 0.032538 0.238117 0.316932 0.149563 0.0582267 0.0656463 0.10024 0.0579627 0.0166135
0.0390133 0.04916 0.0249345 0.110685 0.0388401 0.157072 0.00650557 0.148651 0.0216891 0.345333
0.0577739 0.278698 0.0968663 0.211505 0.163003 0.0496318 0.0212282 0.194347 0.0207617 0.370366
0.00913022 0.235548 0.0457043 0.0326213 0.204116 0.264569 0.0412256 0.00216178 0.21592 0.000729543
0.199135 0.145956 0.00370092 0.0610519 0.114683 0.0821796 0.0936559 0.174366 0.00570497 0.00345777
0.0161605 0.0888782 0.339919 0.311721 0.0264342 0.0104551 0.36246 0.157948 0.135788 0.132912
0.0398648 0.013406 0.335537 0.0655825 0.0105846 0.143998 0.00623965 0.0167967 0.284976 0.0785609
0.0925382 0.518026 1.3537 0.0238951 0.0849741 0.30513 0.0966461 0.00281288 0.00712767 0.0233396
0.0379168 0.256228 0.176104 0.0196513 0.0165257 0.0194621 0.259838 0.0174392 0.189658 0.12545
0.0218339 0.0353297 0.0316455 0.0997584 0.286966 0.00261704 0.128519 0.103129 7.14344 0.199768
0.242837 0.0178935 0.00316592 0.00621017 0.219215 0.101015 0.0455275 0.0272123 0.0494442 0.00107657
0.370545 0.103394 0.127487 2.26371 0.0478799 4.93815 0.0899478 0.164019 0.0887989 0.00054298
0.152796 0.0735716 0.0569728 0.0213481 0.154074 0.0175061 0.102811 0.109729 0.160738 0.020586
0.00431068 0.0103541 0.44562 0.00637802 0.0413731 0.184203 0.458799 0.18404 0.0161251 0.100909
0.718183 0.225302 0.154714 0.0207558 0.252512 0.682918 0.00728617 0.64986 0.111123 0.0816546
0.163825 0.132587 0.0131228 2.05832 0.118152 0.209588 0.00460798 0.00116541 0.0775776 0.0607949
0.286241 0.127702 0.0905789 0.0373285 0.111223 0.210566 0.0292606 0.00503967 0.43661 0.0970296
0.100498 0.0492512 0.00372251 0.00234644 0.0651719 0.0183386 0.0906618 0.0440313 0.058435 0.00288338
0.123289 0.203981 0.183793 0.0147526 0.039922 0.0121639 0.00862439 3.6813 0.0174495 0.0701055
0.106024 0.218698 0.00689239 12.2105 30.7062 0.381572 0.292437 0.101986 2.06657 0.0316477
0.148414 0.107289 1.20179 0.00173843 0.164654 0.00791384 0.156489 0.0278638 0.33672 0.0284085
0.246669 2.61519 0.0195166 0.128442 0.0164811 0.0404355 16.7631 0.000368 0.206478 0.0871288
1.26867 0.01448 0.0292398 0.160089 0.0432597 0.0175167 0.0853507 0.0656433 0.242588 0.162606
0.230533 0.0646159 0.277808 0.122392 0.114339 0.000913335 0.169391 0.0180395 0.00186695 0.00996496
0.013406 0.0958083 0.0547058 0.0628645 0.795288 0.00629307 0.709378 0.883218 1.43728 0.00252123
0.00450506 0.0491553 0.0950784 0.347796 0.0114851 0.0644413 0.0164886 0.29005 0.247671 0.547394
0.0403816 0.0123429 0.00435295 0.0557416 0.190787 0.0196849 0.0109383 0.089366 0.0120755 0.0609332
0.00108078 0.575783 0.151636 0.201508 0.159051 0.0188222 0.0661508 0.286016 0.0321766 0.0323384
0.0537645 0.227688 0.00982886 0.193374 0.168592 0.212332 0.0231232 3.06946 9.26474 0.444929
0.320817 0.239138 0.10169 0.0547495 0.296161 0.260641 0.102759 0.1676 0.107293 0.135607
0.00456356 0.471927 0.125067 4.2249 0.253444 0.00315524 0.0038489 0.0222263 0.43764 0.106694
0.0870836 0.27316 0.194209 0.0699678 0.304563 0.470026 0.272892 0.154987 7.47573 0.00331017
0.031141 0.0405267 0.0982533 0.0339173 0.0176716 0.0556548 0.0306383 0.000974962 0.296397 0.351588
2.68303 0.15035 0.210454 0.103761 0.109789 0.0819412 0.0365358 0.185145 0.467326 0.11448
0.15852 0.137246 0.185923 0.0846978 0.0670201 0.0103589 0.0242013 0.0280744 0.0284785 0.133253
0.207011 0.0882625 0.0289568 0.0400853 0.355475 0.0625333 0.0381581 0.00190965 0.0169206 0.469889
0.211497 0.0774212 0.0127328 0.0391275 0.229909 0.218612 0.000468258 0.00371408 0.0169053 0.109863
0.0115717 0.0145856 3.4207 0.477759 0.116365 0.653687 0.18988 0.117529 0.0053689 3.09317
0.01622 0.0364296 0.316196 0.108939 1.64501 0.0304882 0.0969972 0.0342267 0.0285013 0.234134
0.713781 0.0260961 0.104177 0.171407 0.011738 0.00360117 0.301461 0.849236 0.00459642 0.177751
0.0129017 0.0150507 0.00670246 0.0225966 0.4389 0.346294 0.00889268 0.00137305 0.91515 0.0718587
0.0737148 0.0118212 0.00187943 0.227174 0.0417199 0.591051 0.0188943 0.427226 0.0308479 0.0788772
0.0363006 0.0982807 0.00316291 0.544891 0.00990776 0.0308355 0.162348 0.110365 0.0237389 1.88569
1.23188 0.0146123 0.165475 0.0379602 0.02033 1.08598 0.426184 0.642623 0.0379146 0.0497229
0.103306 0.261933 0.0466268 0.355194 0.110177 0.0141052 0.0709149 30.8729 0.0587483 0.559507
0.114643 0.142181 0.0425831 0.0371917 0.0705471 0.0385212 0.514567 0.247415 0.288671 0.012183
1.25707 0.00434629 0.0595318 0.081244 0.680634 0.0625644 0.0457682 0.211303 0.0601061 0.730088
0.12204 0.0101598 0.00701732 0.0977968 4.61781 0.00378175 0.0525321 0.0334319 0.0178883 0.0574101
0.00472185 0.0238843 0.0256462 0.0625931 0.0294839 0.365486 1.60345 0.200938 2.60161 0.0333916
0.0573379 0.0189292 0.447538 0.0362215 0.0407343 0.0975639 0.0151638 0.065303 0.481021 0.105015
0.163687 0.400932 0.00196531 4.19147 0.0901675 8.43653 11.3818 1.488 0.0110509 0.517455
0.0408628 0.284595 1.55444 2.94446 0.49399 0.0472443 0.565596 0.0085539 9.16143 0.260791
0.0473488 0.790396 0.119928 0.834983 0.0485256 3.49949 0.224156 0.0505483 0.0641427 1.04822
0.00340907 0.198354 0.18314 2.36379 0.38881 0.281256 0.483267 0.117848 0.486634 3.293
0.043987 0.0396222 0.390177 4.49188 0.600307 0.065394 0.0232638 0.0122294 0.224427 1.94581
0.657781 0.0571186 0.0962074 0.859165 0.0557232 0.243189 0.281214 0.503762 0.0681797 0.119316
0.855075 2.0054 0.399254 0.0624657 0.0594129 0.0974403 0.105061 1.77396 0.17505 0.250053
0.374911 9.63126 0.342332 0.0262076 0.18227 16.6983 0.131055 0.0208704 0.00258404 3.91869
18.0083 0.134371 0.64475 1.14269 2.85551 0.0221141 0.320496 0.288493 0.545924 0.302346
0.717698 0.571692 0.149319 0.021755 0.0330845 0.0743066 1.28052 0.22572 0.0987866 0.595495
0.812442 45.7113 0.00753663 0.78868 0.000619452 0.0960016 0.170355 1.16879 0.539281 0.0256462
0.00223399 1.38096 0.726199 0.551667 0.102749 0.308205 1.21213 1.80618 0.00045663 0.1878
1.70162 3.51486 0.182525 1.02165 0.323216 0.760147 1.44354 0.0342343 0.0316779 0.397591
0.32912 1.01207 3.45067 0.239057 0.453072 0.011119 0.104167 5.38622 48.8703 0.397366
0.0178457 0.0115044 0.420571 0.872762 0.00443501 2.37207 0.161905 0.135151 0.349013 3.47832
5.60263 0.319168 0.0538975 0.847368 0.155061 0.39991 0.0427584 0.467511 0.0508348 0.000961777
0.0981213 0.0768739 0.565434 0.669459 4.93458 7.10984 0.353679 0.654223 0.345588 0.0835782
0.193094 0.0712009 1.48351 0.165947 0.561282 0.0454016 2.37252 0.0257115 0.633727 0.639141
4.79779 0.0365601 2.81994 0.979171 0.508096 2.25689 0.0599034 12.9871 0.69644 0.00951899
0.363383 2.62309 0.00954298 0.0845042 0.92157 0.800694 0.0339833 0.551894 0.509051 1.76173
1.21175 0.694181 0.00663884 1.85352 0.0874646 0.121186 0.556144 2.40146 0.00304436 0.50033
11.7516 0.0717751 1.18715 0.36182 0.108438 0.528778 0.40496 0.191661 0.700744 0.432465
0.0114497 2.35791 3.34587 0.00572712 0.0168794 0.671659 0.932662 0.839044 0.769408 1.27862
0.715525 0.100532 0.160336 0.0492814 0.370258 0.0206562 0.76434 1.03358 0.415313 0.120307
4.63828 0.805521 0.738991 0.00185537 0.118457 4.20399 0.742141 0.178922 0.000698581 8.90544
0.246158 2.16619 10.2849 0.0015924 0.654511 0.163839 1.70025 0.63137 0.0523749 0.832014
1.07382 0.100016 1.54981 0.0300794 0.0649609 0.47792 3.53197 7.48769 0.0875367 0.0707849
0.522503 2.7298 0.133992 1.5509 0.798259 0.00706236 4.06937 0.370256 0.0502827 0.897538
0.247949 6.6611 0.0687035 0.400613 0.705066 1.50652 0.387639 2.11844 0.712343 2.45705
0.508843 3.33107 0.191538 0.123281 1.92435 0.983575 1.14014 0.461223 2.72676 0.0426397
0.676796 0.0241399 0.00465769 0.751377 2.57791 2.71742 0.566546 0.0277583 2.43726 1.00749
1.07036 1.00009 1.0336 0.134591 0.0859269 0.600954 2.92557 0.00591447 2.80831 2.36643
1.07579 1.21525 1.30991 0.389205 3.64453 0.768922 1.7354 0.0317145 0.769303 0.0159824
0.361439 1.63464 1.00295 0.440983 4.24029 0.00343816 0.636479 1.71052 0.0251235 5.98078
0.171652 1.78753 0.642923 0.356702 1.80484 0.240407 0.244904 0.503081 2.14956 1.72034
0.484639 0.0393519 1.94397 1.76357 1.1034 6.74468 0.813421 0.245459 8.09423 0.142417
0.605797 0.424513 0.0445309 0.0911082 0.0670048 0.327264 0.173527 0.0337879 1.17424 0.274326
0.675399 0.0687367 0.142025 0.256203 0.0036778 0.0427759 0.00296878 0.00704956 2.63288 3.44597
0.743792 0.0613688 0.119594 0.512228 0.00875373 1.28005 0.425317 0.558157 0.0697044 0.0517434
0.225229 0.236254 0.15851 0.62305 1.21291 1.01567 1.94526 3.27341 10.0502 2.94941
0.00942243 0.0805087 0.379781 1.80566 0.534941 11.0936 0.193049 0.849883 0.156933 1.03524
0.37784 0.990785 0.115608 4.46167 0.00235249 0.563221 0.469929 0.791682 2.03616 0.350706
1.78057 3.27601 5.27161 0.138752 0.168199 0.767901 0.318696 0.762619 0.0111629 0.180634
1.23728 0.40014 0.863708 0.622012 0.0202006 0.00559933 1.92996 0.344127 18.3726 0.659307
0.433083 0.00525343 1.03134 0.407755 0.0124276 0.0445044 0.506101 0.357486 0.0589995 0.0625376
1.60459 0.511299 0.00464745 1.21833 0.0614531 9.48112 4.20076 0.126114 0.507395 0.031716
0.794458 0.134752 0.00826725 0.242051 0.00671547 0.241714 0.000984861 0.0117946 0.159125 0.374634
1.90695 1.13361 4.47143 1.90591 1.23833 0.743449 1.36949 0.273905 23.4719 10.628
3.57616 0.935229 1.11928 1.212 2.31164 1.41808 0.332564 0.421426 0.764419 0.00307018
1.63247 0.374727 0.0270253 0.083157 0.0927232 0.327472 4.38493 0.733091 0.631574 0.0304185
2.38323 0.705827 0.783546 0.417943 1.2267 0.17581 0.417243 4.14675 1.03456 1.32641
0.369552 0.155215 0.589442 0.144587 0.603592 1.80281 0.61857 0.715863 0.178214 1.25237
0.554191 0.795928 0.00692954 0.00775908 1.17354 0.148444 0.840999 0.0117213 2.82118 2.04753
0.55691 0.0342762 0.108286 0.335595 1.57786 0.570057 0.393711 0.034881 0.0347047 0.82991
0.731682 0.183199 1.38422 7.99275 0.983238 3.29183 0.65266 1.0328 0.209221 0.0200862
0.12949 0.64884 1.06474 0.231875 0.018838 0.954595 4.0965 0.244581 1.06693 0.0208654
0.128193 0.116033 0.0567537 0.853309 0.173369 1.52286 0.0169998 0.554302 0.418682 1.74081
0.0643619 0.165226 1.18434 0.0628192 0.0140671 1.14243 0.0312881 0.125892 0.0229835 0.653476
1.80326 0.12165 0.0825315 0.371784 0.158302 0.826089 0.0110582 0.578387 1.05241 0.14042
0.891029 1.59454 0.0562769 0.833264 0.0849157 0.0661044 0.643332 0.443462 0.879694 0.0702882
0.0477673 2.05366 0.284873 0.0751604 0.113111 0.461341 0.410967 0.0357828 0.0600021 0.16915
1.20732 0.820733 13.4985 0.105493 10.938 0.158713 0.0719895 0.0430326 1.07978 0.103346
7.05246 0.0545721 0.308474 0.249975 0.0136437 0.109708 0.768079 0.751957 0.194517 0.177082
0.149426 0.00946685 0.458862 0.0365949 0.754543 0.0243239 0.209895 0.149759 0.0176095 0.0304177
0.0663399 0.128275 7.46317 0.210342 1.11016 0.113733 0.759756 0.122967 
>covarianceMatrix:
A
1	0	0	0	0	0	0	0	0	0	0	0	
0	1	0	0	0	0	0	0	0	0	0	0	
0	0	1	0	0	0	0	0	0	0	0	0	
0	0	0	1	0	0	0	0	0	0	0	0	
0	0	0	0	1	0	0	0	0	0	0	0	
0	0	0	0	0	1	0	0	0	0	0	0	
0	0	0	0	0	0	1	0	0	0	0	0	
0	0	0	0	0	0	0	1	0	0	0	0	
0	0	0	0	0	0	0	0	1	0	0	0	
0	0	0	0	0	0	0	0	0	1	0	0	
0	0	0	0	0	0	0	0	0	0	1	0	
0	0	0	0	0	0	0	0	0	0	0	1	
***
>covarianceMatrix:
C
1	0	0	0	
0	1	0	0	
0	0	1	0	
0	0	0	1	
***
>covarianceMatrix:
D
1	0	0	0	
0	1	0	0	
0	0	1	0	
0	0	0	1	
***
>covarianceMatrix:
E
1	0	0	0	
0	1	0	0	
0	0	1	0	
0	0	0	1	
***
>covarianceMatrix:
F
1	0	0	0	
0	1	0	0	
0	0	1	0	
0	0	0	1	
***
>covarianceMatrix:
G
1	0	0	0	0	0	0	0	0	0	0	0	
0	1	0	0	0	0	0	0	0	0	0	0	
0	0	1	0	0	0	0	0	0	0	0	0	
0	0	0	1	0	0	0	0	0	0	0	0	
0	0	0	0	1	0	0	0	0	0	0	0	
0	0	0	0	0	1	0	0	0	0	0	0	
0	0	0	0	0	0	1	0	0	0	0	0	
0	0	0	0	0	0	0	1	0	0	0	0	
0	0	0	0	0	0	0	0	1	0	0	0	
0	0	0	0	0	0	0	0	0	1	0	0	
0	0	0	0	0	0	0	0	0	0	1	0	
0	0	0	0	0	0	0	0	0	0	0	1	
***
>covarianceMatrix:
H
1	0	0	0	
0	1	0	0	
0	0	1	0	
0	0	0	1	
***
>covarianceMatrix:
I
1	0	0	0	0	0	0	0	
0	1	0	0	0	0	0	0	
0	0	1	0	0	0	0	0	
0	0	0	1	0	0	0	0	
0	0	0	0	1	0	0	0	
0	0	0	0	0	1	0	0	
0	0	0	0	0	0	1	0	
0	0	0	0	0	0	0	1	
***
>covarianceMatrix:
K
1	0	0	0	
0	1	0	0	
0	0	1	0	
0	0	0	1	
***
>covarianceMatrix:
L
1	0	0	0	0	0	0	0	0	0	0	0	0	0	0	0	0	0	0	0	
0	1	0	0	0	0	0	0	0	0	0	0	0	0	0	0	0	0	0	0	
0	0	1	0	0	0	0	0	0	0	0	0	0	0	0	0	0	0	0	0	
0	0	0	1	0	0	0	0	0	0	0	0	0	0	0	0	0	0	0	0	
0	0	0	0	1	0	0	0	0	0	0	0	0	0	0	0	0	0	0	0	
0	0	0	0	0	1	0	0	0	0	0	0	0	0	0	0	0	0	0	0	
0	0	0	0	0	0	1	0	0	0	0	0	0	0	0	0	0	0	0	0	
0	0	0	0	0	0	0	1	0	0	0	0	0	0	0	0	0	0	0	0	
0	0	0	0	0	0	0	0	1	0	0	0	0	0	0	0	0	0	0	0	
0	0	0	0	0	0	0	0	0	1	0	0	0	0	0	0	0	0	0	0	
0	0	0	0	0	0	0	0	0	0	1	0	0	0	0	0	0	0	0	0	
0	0	0	0	0	0	0	0	0	0	0	1	0	0	0	0	0	0	0	0	
0	0	0	0	0	0	0	0	0	0	0	0	1	0	0	0	0	0	0	0	
0	0	0	0	0	0	0	0	0	0	0	0	0	1	0	0	0	0	0	0	
0	0	0	0	0	0	0	0	0	0	0	0	0	0	1	0	0	0	0	0	
0	0	0	0	0	0	0	0	0	0	0	0	0	0	0	1	0	0	0	0	
0	0	0	0	0	0	0	0	0	0	0	0	0	0	0	0	1	0	0	0	
0	0	0	0	0	0	0	0	0	0	0	0	0	0	0	0	0	1	0	0	
0	0	0	0	0	0	0	0	0	0	0	0	0	0	0	0	0	0	1	0	
0	0	0	0	0	0	0	0	0	0	0	0	0	0	0	0	0	0	0	1	
***
>covarianceMatrix:
M

***
>covarianceMatrix:
N
1	0	0	0	
0	1	0	0	
0	0	1	0	
0	0	0	1	
***
>covarianceMatrix:
P
1	0	0	0	0	0	0	0	0	0	0	0	
0	1	0	0	0	0	0	0	0	0	0	0	
0	0	1	0	0	0	0	0	0	0	0	0	
0	0	0	1	0	0	0	0	0	0	0	0	
0	0	0	0	1	0	0	0	0	0	0	0	
0	0	0	0	0	1	0	0	0	0	0	0	
0	0	0	0	0	0	1	0	0	0	0	0	
0	0	0	0	0	0	0	1	0	0	0	0	
0	0	0	0	0	0	0	0	1	0	0	0	
0	0	0	0	0	0	0	0	0	1	0	0	
0	0	0	0	0	0	0	0	0	0	1	0	
0	0	0	0	0	0	0	0	0	0	0	1	
***
>covarianceMatrix:
Q
1	0	0	0	
0	1	0	0	
0	0	1	0	
0	0	0	1	
***
>covarianceMatrix:
R
1	0	0	0	0	0	0	0	0	0	0	0	0	0	0	0	0	0	0	0	
0	1	0	0	0	0	0	0	0	0	0	0	0	0	0	0	0	0	0	0	
0	0	1	0	0	0	0	0	0	0	0	0	0	0	0	0	0	0	0	0	
0	0	0	1	0	0	0	0	0	0	0	0	0	0	0	0	0	0	0	0	
0	0	0	0	1	0	0	0	0	0	0	0	0	0	0	0	0	0	0	0	
0	0	0	0	0	1	0	0	0	0	0	0	0	0	0	0	0	0	0	0	
0	0	0	0	0	0	1	0	0	0	0	0	0	0	0	0	0	0	0	0	
0	0	0	0	0	0	0	1	0	0	0	0	0	0	0	0	0	0	0	0	
0	0	0	0	0	0	0	0	1	0	0	0	0	0	0	0	0	0	0	0	
0	0	0	0	0	0	0	0	0	1	0	0	0	0	0	0	0	0	0	0	
0	0	0	0	0	0	0	0	0	0	1	0	0	0	0	0	0	0	0	0	
0	0	0	0	0	0	0	0	0	0	0	1	0	0	0	0	0	0	0	0	
0	0	0	0	0	0	0	0	0	0	0	0	1	0	0	0	0	0	0	0	
0	0	0	0	0	0	0	0	0	0	0	0	0	1	0	0	0	0	0	0	
0	0	0	0	0	0	0	0	0	0	0	0	0	0	1	0	0	0	0	0	
0	0	0	0	0	0	0	0	0	0	0	0	0	0	0	1	0	0	0	0	
0	0	0	0	0	0	0	0	0	0	0	0	0	0	0	0	1	0	0	0	
0	0	0	0	0	0	0	0	0	0	0	0	0	0	0	0	0	1	0	0	
0	0	0	0	0	0	0	0	0	0	0	0	0	0	0	0	0	0	1	0	
0	0	0	0	0	0	0	0	0	0	0	0	0	0	0	0	0	0	0	1	
***
>covarianceMatrix:
S
1	0	0	0	0	0	0	0	0	0	0	0	
0	1	0	0	0	0	0	0	0	0	0	0	
0	0	1	0	0	0	0	0	0	0	0	0	
0	0	0	1	0	0	0	0	0	0	0	0	
0	0	0	0	1	0	0	0	0	0	0	0	
0	0	0	0	0	1	0	0	0	0	0	0	
0	0	0	0	0	0	1	0	0	0	0	0	
0	0	0	0	0	0	0	1	0	0	0	0	
0	0	0	0	0	0	0	0	1	0	0	0	
0	0	0	0	0	0	0	0	0	1	0	0	
0	0	0	0	0	0	0	0	0	0	1	0	
0	0	0	0	0	0	0	0	0	0	0	1	
***
>covarianceMatrix:
T
1	0	0	0	0	0	0	0	0	0	0	0	
0	1	0	0	0	0	0	0	0	0	0	0	
0	0	1	0	0	0	0	0	0	0	0	0	
0	0	0	1	0	0	0	0	0	0	0	0	
0	0	0	0	1	0	0	0	0	0	0	0	
0	0	0	0	0	1	0	0	0	0	0	0	
0	0	0	0	0	0	1	0	0	0	0	0	
0	0	0	0	0	0	0	1	0	0	0	0	
0	0	0	0	0	0	0	0	1	0	0	0	
0	0	0	0	0	0	0	0	0	1	0	0	
0	0	0	0	0	0	0	0	0	0	1	0	
0	0	0	0	0	0	0	0	0	0	0	1	
***
>covarianceMatrix:
V
1	0	0	0	0	0	0	0	0	0	0	0	
0	1	0	0	0	0	0	0	0	0	0	0	
0	0	1	0	0	0	0	0	0	0	0	0	
0	0	0	1	0	0	0	0	0	0	0	0	
0	0	0	0	1	0	0	0	0	0	0	0	
0	0	0	0	0	1	0	0	0	0	0	0	
0	0	0	0	0	0	1	0	0	0	0	0	
0	0	0	0	0	0	0	1	0	0	0	0	
0	0	0	0	0	0	0	0	1	0	0	0	
0	0	0	0	0	0	0	0	0	1	0	0	
0	0	0	0	0	0	0	0	0	0	1	0	
0	0	0	0	0	0	0	0	0	0	0	1	
***
>covarianceMatrix:
W

***
>covarianceMatrix:
Y
1	0	0	0	
0	1	0	0	
0	0	1	0	
0	0	0	1	
***
>covarianceMatrix:
Z
1	0	0	0	
0	1	0	0	
0	0	1	0	
0	0	0	1	
***
>covarianceMatrix:
X
1	0	0	0	0	0	0	0	
0	1	0	0	0	0	0	0	
0	0	1	0	0	0	0	0	
0	0	0	1	0	0	0	0	
0	0	0	0	1	0	0	0	
0	0	0	0	0	1	0	0	
0	0	0	0	0	0	1	0	
0	0	0	0	0	0	0	1	
***
>std_csp:
0.1 0.1 0.1 0.1 0.1 0.1 0.1 0.1 0.1 0.1
0.1 0.1 0.1 0.1 0.1 0.1 0.1 0.1 0.1 0.1
0.1 0.1 0.1 0.1 0.1 0.1 0.1 0.1 0.1 0.1
0.1 0.1 0.1 0.1 0.1 0.1 0.1 0.1 0.1 0.1
>currentMutationParameter:
***
-0.351206 0.37804 0.482376 0.00255853 0.58758 -0.420197 0.67819 -0.0882732 0.112046 0.308621
0.412653 -0.17967 0.374825 -0.594874 0.38867 0.85346 0.340444 0.463886 0.0192667 0.355606
-0.0444183 0.291683 0.359361 -0.173836 -0.882229 -0.699295 -0.196709 0.396872 0.197197 0.0236748
0.518833 0.360352 -0.333441 0.286959 0.318584 0.00969851 0.568325 0.19753 0.164234 0.18292

***
-0.878969 -1.16534 -1.30966 -1.34693 -1.52702 1.26688 0.135267 0.0490975 -1.70883 -0.786879
-1.37266 0.362823 -1.09341 0.987818 0.533375 -0.518988 -1.8007 0.46798 2.13151 -1.88395
-0.559724 -1.34065 -1.6078 1.67357 -0.804486 -1.42901 0.25319 -1.23271 -1.4008 0.403151
-0.768476 -1.19973 -0.914442 -1.39422 -1.60159 0.830381 -0.551901 -1.39379 -1.65497 -1.68175

>currentSelectionParameter:
***
0.683676 0.0264842 0.991072 0.509116 -0.216898 -0.279053 -0.360526 1.24613 0.544507 1.31197
-0.253749 1.36071 -0.14625 0.496053 0.416273 1.25077 0.697492 0.872137 0.547614 -0.563987
-0.442261 0.561071 0.564528 -0.44709 -0.00905987 0.627371 2.54963 0.619098 1.82958 0.80367
-0.00135671 0.90203 0.74785 -0.0695889 0.873069 1.03039 -0.0513891 0.679159 -0.394585 0.0316733

***
0.728302 0.291632 1.27976 0.796609 0.257104 -0.79148 -0.106153 0.792277 0.977489 1.38051
0.087766 0.366362 0.0772738 -0.0356145 0.38398 1.17288 1.45748 0.577081 0.0878102 0.160379
0.0197491 1.02207 1.37508 -0.931565 -0.216048 0.70295 0.765411 0.812788 1.78176 0.390388
0.261017 1.18374 0.710871 0.287796 1.32583 0.334893 0.0720326 0.859539 0.0306561 0.635151

