Hello world!

reading fasta file
done reading fasta file
initialize ROCParameter object
	Sphi init: 2
	# mixtures: 2
	mixture definition: allUnique
0.0115848
0.108035
0.0168837
0.0159084
0.0312604
0.0303313
0.00572856
0.02189
0.0217371
0.0385656
0.0296778
0.00754215
0.0144268
0.0136141
0.049612
0.0204727
0.0227904
0.00361585
0.0299004
0.0558997
0.109986
0.0332636
0.0483291
0.077966
0.106865
0.336669
0.100065
0.0135697
0.135469
0.0664029
0.102103
0.0469052
0.0662403
0.00528401
0.0286279
0.106198
0.00521743
0.0534019
0.104898
0.0315589
0.0162617
0.0562846
0.0382699
0.0685987
0.108659
0.251628
0.00596583
0.0672647
0.0043751
0.0776568
0.037263
0.0955437
0.0666863
0.0939391
0.0506094
0.0232981
0.0147069
0.00377373
0.0272274
0.0992334
0.0554407
0.0391345
0.00669899
0.06361
0.0209235
0.0158012
0.0358835
0.0995625
0.00822542
0.109954
0.0810911
0.0376541
0.0438164
0.0952854
0.142089
0.00714028
0.0422483
0.0451745
0.0961524
0.126012
0.062755
0.00335899
0.0191638
0.0120103
0.0227049
0.147018
0.0744482
0.144668
0.00378112
0.0183909
0.0347503
0.318322
1.86851
0.105158
0.548961
13.9138
0.0864895
0.0158004
0.0226563
0.0135154
0.0485034
0.00612639
0.0632043
0.0464799
0.0222307
0.0252162
0.0954111
0.0443476
0.00775691
0.0826569
0.0704137
0.060656
0.0186862
0.0136546
0.00820839
0.0221411
0.0084938
0.563127
0.0346444
0.0889144
0.126189
0.194182
0.0120312
0.00888628
0.0614178
0.0448135
0.12017
0.0765563
0.0980716
0.0750231
0.0120893
0.0385445
0.102245
0.0277879
0.0330661
0.0381047
0.0918545
0.0605951
0.0925611
0.0152408
0.00453288
0.00127873
0.00744236
0.124033
0.010776
0.00721191
0.0268954
0.130218
0.144499
0.0365442
0.222926
0.0477485
0.147873
0.0177995
0.0265296
0.0768984
0.0118476
0.0310603
0.017856
0.0281937
0.870843
0.030743
0.00520723
0.0134564
0.0275361
0.0431885
0.0401653
0.0735942
0.0327414
1.80357
0.032761
0.0392234
0.0570298
0.00552541
0.0764186
5.3285
0.00593093
0.0125565
0.0486686
0.0906676
0.0983364
0.148358
1.38076
0.00219536
0.0304198
0.000724023
0.0934092
0.117062
0.037858
0.360464
0.188152
0.0174733
3.48212
0.0362686
0.00787357
0.189149
0.0811296
0.0268081
0.0370323
0.323109
0.0135017
0.306664
1.2894
0.011894
0.0223742
0.00847688
0.0974966
0.00310717
0.127559
0.0507688
0.0715421
0.00952594
0.00737701
0.174043
0.00470626
0.0308601
0.0920213
2.32497
0.00533128
0.0203631
0.023976
0.0769531
0.014442
0.032815
0.121753
0.0128035
10.8287
17.0305
0.154888
1.22889
0.0579257
0.00407862
0.737237
0.0490782
0.0502502
1.5515
0.0175724
0.0329834
0.0790082
14.5312
0.000515478
0.821208
0.0237329
0.0507108
0.0892681
0.0307792
0.00135812
0.0311061
0.408209
1.80698
0.0168088
0.0215224
0.0126478
0.109161
0.340907
0.00630611
0.096969
0.00840416
0.0337602
0.138225
0.00383368
0.019429
0.226475
0.136722
0.0785497
0.0274417
0.115334
0.0204142
0.00837199
0.0178811
0.12781
0.00256406
0.255948
0.0340582
0.0186662
0.0133715
0.528888
0.0595416
0.111006
0.0576904
0.0413508
0.867746
6.61579
0.189368
0.0114708
0.0101675
0.113226
0.194175
2.54999
0.0058644
4.73236
0.0398497
0.175252
0.197526
0.0564328
0.0792821
0.0308082
0.140218
0.0642477
0.113353
0.00619875
0.0539308
0.00283111
1.59853
0.0693299
0.190645
0.0170672
0.0424829
0.0518053
0.0495226
0.078435
0.150743
0.049524
0.0742358
0.00455206
0.0294674
0.0190082
0.0753503
0.193669
0.0236136
0.000701618
0.00733752
0.0290568
0.0196406
0.195182
0.305085
1.85899
0.0104212
0.0692434
0.027303
0.0662599
0.00799774
0.0492078
0.35062
1.03484
0.0465733
0.516422
0.0198881
0.00846481
0.0212819
0.0253243
0.136566
0.0403044
0.182001
0.0127821
0.0148535
0.002919
0.552892
0.0201486
0.00434671
0.170965
0.264802
0.0812596
0.0315689
0.0564144
2.04248
0.0645088
0.00580691
0.234702
0.0172188
0.0548693
0.0558732
1.06836
0.0742109
0.0239375
0.673071
0.170829
0.285311
0.0734517
0.100895
0.0789504
0.141617
0.0361441
0.0232579
0.786034
1.68356
0.12445
0.245262
0.0631656
0.0419404
0.081941
0.214424
0.0204348
0.0726903
0.834257
0.00808322
0.122782
0.319367
13.14
0.1329
0.0914269
0.129731
0.359542
0.0171586
0.0129097
0.379698
2.80518
0.108713
0.0440575
0.0679317
0.00912188
0.119688
0.0424955
1.49891
0.0507721
0.144093
0.062565
0.12078
1.00087
4.95755
0.0689849
0.187824
0.032132
0.0254546
0.0810868
0.0460903
0.0919054
2.5861
0.164113
0.01903
0.00425305
0.914289
0.0797817
0.200885
0.218263
0.930778
6.12679
1.22462
9.7985
0.0938424
0.319936
0.0176336
0.00753285
0.0938959
0.426937
2.15678
0.467953
0.623726
0.0959392
21.347
0.102679
0.198838
0.154896
0.0048029
2.68235
1.3758
0.198484
2.02483
0.0759676
0.266518
0.158709
0.0417113
0.0902244
0.0205657
0.499754
1.22335
0.11768
0.1133
0.317853
0.202171
12.8911
0.12557
0.524646
1.2005
0.123139
0.159797
0.144533
0.134295
0.048356
0.0418558
0.00462846
1.06805
3.39075
0.723049
0.299637
0.354563
0.235304
0.253161
1.77356
0.0380165
0.0615095
0.830595
0.264714
0.0135446
0.42689
0.456422
0.00120285
0.710619
0.771585
0.229384
0.00429662
0.0452855
0.855809
0.360274
0.235528
1.022
0.00021359
1.06083
0.589391
2.12306
0.877951
0.399135
0.0636904
0.0589688
2.14116
0.183967
0.13513
0.587779
3.70048
0.0191718
0.0309723
0.185135
0.158909
0.16966
2.15589
0.530062
1.42181
0.0200167
0.140063
0.00795661
3.66408
0.109086
3.46791
0.513339
0.161411
0.192653
0.0843038
0.00143665
0.247469
0.318884
0.144476
4.91717
0.307053
0.136304
3.37054
7.27529
0.015569
0.8878
0.0902934
0.0461737
1.42184
0.126338
0.281604
0.253992
0.285175
1.67448
0.0711162
0.213456
0.345772
0.0167934
1.21355
0.157761
1.59155
0.727734
0.0654185
0.238347
0.763257
0.230071
1.02024
0.443548
0.326029
0.0127272
1.07174
1.47227
0.244565
0.00573251
0.20148
8.20804
0.729785
0.151958
0.163738
0.568693
0.229183
0.172596
5.6052
0.367707
0.330822
1.37303
0.019328
0.0111208
2.04951
0.290033
0.0298693
0.557578
0.350634
0.480627
0.415792
0.807212
11.5717
30.8403
3.12174
0.148281
0.59984
0.165906
0.456162
0.00415656
2.39737
0.0363867
0.439203
0.080392
0.00392369
1.29878
0.00318484
0.30737
7.81499
1.00668
0.255065
0.457384
0.108685
0.647897
0.197808
0.913978
0.0512788
2.23171
0.228241
4.79068
0.0133799
1.68377
0.147503
3.46959
0.437604
2.3195
0.104348
3.60672
0.882926
0.163017
0.330987
0.157419
1.29423
0.34148
2.06836
1.39675
1.08026
0.569836
0.701874
0.176355
0.00881438
0.204697
0.782455
0.319275
1.67114
0.918577
0.0834917
0.374155
0.0433591
1.49508
1.65168
0.249329
1.44112
0.58071
0.0396227
0.0488475
0.607976
0.581082
0.266272
0.653454
1.80006
0.010804
0.411922
1.40371
0.666544
0.849884
0.158129
2.24389
1.02507
1.81674
0.0264422
0.143596
0.931571
0.0593952
0.449049
2.61184
0.00721058
0.142328
0.287655
0.0449966
1.02051
0.183691
3.67091
1.09334
0.292511
1.04846
1.02825
1.28449
0.198424
0.0753938
1.1444
1.03734
0.688834
0.201045
0.457063
0.151132
0.061562
0.726847
0.270598
0.319065
0.0903425
0.132145
7.05244
0.205543
0.00680477
0.0148377
0.415598
0.0866514
0.00569471
0.0131551
1.61357
2.03375
0.201682
0.830553
0.385729
0.244531
0.169774
0.103119
0.288149
0.772996
0.583518
1.15039
7.35745
1.9165
0.0109833
1.8035
1.03528
0.154282
9.20315
0.524488
0.151917
0.220722
0.61885
0.578263
0.00506025
2.61411
0.246573
0.18966
11.6763
0.43064
0.136324
1.17335
1.05045
3.79894
0.788219
0.019252
0.40357
0.410445
0.160376
0.524935
0.0361307
1.96223
0.272382
0.0104543
0.134459
1.11973
0.17367
0.0104308
0.308043
0.587677
0.0207053
0.202853
0.08983
0.136906
0.929077
0.165176
2.23915
0.775206
0.0146735
15.3011
0.20911
0.00849949
0.129748
4.25215
0.207921
0.125062
0.432355
0.0127982
0.00148299
1.07749
0.696644
2.9222
0.150381
1.06337
0.406991
0.789011
0.801451
0.0200226
14.6446
0.493255
4.41813
0.70844
0.276121
0.868526
0.133816
2.24401
0.169715
0.00569211
0.150719
0.404222
0.0452334
0.373849
1.84292
0.276588
1.31183
0.331354
0.0129242
0.0538659
0.917555
0.987157
0.426321
0.784168
0.165816
2.3377
0.617375
0.168199
0.148231
1.55365
0.256675
0.721731
0.240013
0.27454
0.0575362
1.04433
0.812306
0.240009
0.0213808
0.271691
0.0684018
0.437079
1.72585
0.472311
0.0184986
0.25113
0.92242
0.252359
0.156915
0.067922
0.460423
0.361892
0.861517
0.569328
4.81314
1.98263
0.0665032
0.303436
0.600273
0.294791
0.00412595
0.562467
0.714152
2.37325
0.291194
0.0358625
0.62604
0.0375686
0.915154
0.114008
0.243018
0.029779
0.169135
0.655386
0.0228894
0.0427117
0.705964
1.05754
0.0400939
0.315066
0.15024
0.625031
0.523978
0.0188211
0.26256
0.64245
1.02059
0.534789
0.114267
0.94535
0.461093
0.184185
1.21369
1.21897
0.192438
0.162567
0.0686696
0.0945836
0.126702
0.757267
0.46375
12.4836
8.97087
0.0884005
0.383752
0.669052
0.545096
0.0227533
4.37231
0.428824
0.0154377
0.194149
0.112755
0.0712001
0.391448
0.0440739
0.0295001
0.0522426
0.3965
4.63835
0.681154
0.0115848
0.108035
0.0168837
0.0159084
0.0312604
0.0303313
0.00572856
0.02189
0.0217371
0.0385656
0.0296778
0.00754215
0.0144268
0.0136141
0.049612
0.0204727
0.0227904
0.00361585
0.0299004
0.0558997
0.109986
0.0332636
0.0483291
0.077966
0.106865
0.336669
0.100065
0.0135697
0.135469
0.0664029
0.102103
0.0469052
0.0662403
0.00528401
0.0286279
0.106198
0.00521743
0.0534019
0.104898
0.0315589
0.0162617
0.0562846
0.0382699
0.0685987
0.108659
0.251628
0.00596583
0.0672647
0.0043751
0.0776568
0.037263
0.0955437
0.0666863
0.0939391
0.0506094
0.0232981
0.0147069
0.00377373
0.0272274
0.0992334
0.0554407
0.0391345
0.00669899
0.06361
0.0209235
0.0158012
0.0358835
0.0995625
0.00822542
0.109954
0.0810911
0.0376541
0.0438164
0.0952854
0.142089
0.00714028
0.0422483
0.0451745
0.0961524
0.126012
0.062755
0.00335899
0.0191638
0.0120103
0.0227049
0.147018
0.0744482
0.144668
0.00378112
0.0183909
0.0347503
0.318322
1.86851
0.105158
0.548961
13.9138
0.0864895
0.0158004
0.0226563
0.0135154
0.0485034
0.00612639
0.0632043
0.0464799
0.0222307
0.0252162
0.0954111
0.0443476
0.00775691
0.0826569
0.0704137
0.060656
0.0186862
0.0136546
0.00820839
0.0221411
0.0084938
0.563127
0.0346444
0.0889144
0.126189
0.194182
0.0120312
0.00888628
0.0614178
0.0448135
0.12017
0.0765563
0.0980716
0.0750231
0.0120893
0.0385445
0.102245
0.0277879
0.0330661
0.0381047
0.0918545
0.0605951
0.0925611
0.0152408
0.00453288
0.00127873
0.00744236
0.124033
0.010776
0.00721191
0.0268954
0.130218
0.144499
0.0365442
0.222926
0.0477485
0.147873
0.0177995
0.0265296
0.0768984
0.0118476
0.0310603
0.017856
0.0281937
0.870843
0.030743
0.00520723
0.0134564
0.0275361
0.0431885
0.0401653
0.0735942
0.0327414
1.80357
0.032761
0.0392234
0.0570298
0.00552541
0.0764186
5.3285
0.00593093
0.0125565
0.0486686
0.0906676
0.0983364
0.148358
1.38076
0.00219536
0.0304198
0.000724023
0.0934092
0.117062
0.037858
0.360464
0.188152
0.0174733
3.48212
0.0362686
0.00787357
0.189149
0.0811296
0.0268081
0.0370323
0.323109
0.0135017
0.306664
1.2894
0.011894
0.0223742
0.00847688
0.0974966
0.00310717
0.127559
0.0507688
0.0715421
0.00952594
0.00737701
0.174043
0.00470626
0.0308601
0.0920213
2.32497
0.00533128
0.0203631
0.023976
0.0769531
0.014442
0.032815
0.121753
0.0128035
10.8287
17.0305
0.154888
1.22889
0.0579257
0.00407862
0.737237
0.0490782
0.0502502
1.5515
0.0175724
0.0329834
0.0790082
14.5312
0.000515478
0.821208
0.0237329
0.0507108
0.0892681
0.0307792
0.00135812
0.0311061
0.408209
1.80698
0.0168088
0.0215224
0.0126478
0.109161
0.340907
0.00630611
0.096969
0.00840416
0.0337602
0.138225
0.00383368
0.019429
0.226475
0.136722
0.0785497
0.0274417
0.115334
0.0204142
0.00837199
0.0178811
0.12781
0.00256406
0.255948
0.0340582
0.0186662
0.0133715
0.528888
0.0595416
0.111006
0.0576904
0.0413508
0.867746
6.61579
0.189368
0.0114708
0.0101675
0.113226
0.194175
2.54999
0.0058644
4.73236
0.0398497
0.175252
0.197526
0.0564328
0.0792821
0.0308082
0.140218
0.0642477
0.113353
0.00619875
0.0539308
0.00283111
1.59853
0.0693299
0.190645
0.0170672
0.0424829
0.0518053
0.0495226
0.078435
0.150743
0.049524
0.0742358
0.00455206
0.0294674
0.0190082
0.0753503
0.193669
0.0236136
0.000701618
0.00733752
0.0290568
0.0196406
0.195182
0.305085
1.85899
0.0104212
0.0692434
0.027303
0.0662599
0.00799774
0.0492078
0.35062
1.03484
0.0465733
0.516422
0.0198881
0.00846481
0.0212819
0.0253243
0.136566
0.0403044
0.182001
0.0127821
0.0148535
0.002919
0.552892
0.0201486
0.00434671
0.170965
0.264802
0.0812596
0.0315689
0.0564144
2.04248
0.0645088
0.00580691
0.234702
0.0172188
0.0548693
0.0558732
1.06836
0.0742109
0.0239375
0.673071
0.170829
0.285311
0.0734517
0.100895
0.0789504
0.141617
0.0361441
0.0232579
0.786034
1.68356
0.12445
0.245262
0.0631656
0.0419404
0.081941
0.214424
0.0204348
0.0726903
0.834257
0.00808322
0.122782
0.319367
13.14
0.1329
0.0914269
0.129731
0.359542
0.0171586
0.0129097
0.379698
2.80518
0.108713
0.0440575
0.0679317
0.00912188
0.119688
0.0424955
1.49891
0.0507721
0.144093
0.062565
0.12078
1.00087
4.95755
0.0689849
0.187824
0.032132
0.0254546
0.0810868
0.0460903
0.0919054
2.5861
0.164113
0.01903
0.00425305
0.914289
0.0797817
0.200885
0.218263
0.930778
6.12679
1.22462
9.7985
0.0938424
0.319936
0.0176336
0.00753285
0.0938959
0.426937
2.15678
0.467953
0.623726
0.0959392
21.347
0.102679
0.198838
0.154896
0.0048029
2.68235
1.3758
0.198484
2.02483
0.0759676
0.266518
0.158709
0.0417113
0.0902244
0.0205657
0.499754
1.22335
0.11768
0.1133
0.317853
0.202171
12.8911
0.12557
0.524646
1.2005
0.123139
0.159797
0.144533
0.134295
0.048356
0.0418558
0.00462846
1.06805
3.39075
0.723049
0.299637
0.354563
0.235304
0.253161
1.77356
0.0380165
0.0615095
0.830595
0.264714
0.0135446
0.42689
0.456422
0.00120285
0.710619
0.771585
0.229384
0.00429662
0.0452855
0.855809
0.360274
0.235528
1.022
0.00021359
1.06083
0.589391
2.12306
0.877951
0.399135
0.0636904
0.0589688
2.14116
0.183967
0.13513
0.587779
3.70048
0.0191718
0.0309723
0.185135
0.158909
0.16966
2.15589
0.530062
1.42181
0.0200167
0.140063
0.00795661
3.66408
0.109086
3.46791
0.513339
0.161411
0.192653
0.0843038
0.00143665
0.247469
0.318884
0.144476
4.91717
0.307053
0.136304
3.37054
7.27529
0.015569
0.8878
0.0902934
0.0461737
1.42184
0.126338
0.281604
0.253992
0.285175
1.67448
0.0711162
0.213456
0.345772
0.0167934
1.21355
0.157761
1.59155
0.727734
0.0654185
0.238347
0.763257
0.230071
1.02024
0.443548
0.326029
0.0127272
1.07174
1.47227
0.244565
0.00573251
0.20148
8.20804
0.729785
0.151958
0.163738
0.568693
0.229183
0.172596
5.6052
0.367707
0.330822
1.37303
0.019328
0.0111208
2.04951
0.290033
0.0298693
0.557578
0.350634
0.480627
0.415792
0.807212
11.5717
30.8403
3.12174
0.148281
0.59984
0.165906
0.456162
0.00415656
2.39737
0.0363867
0.439203
0.080392
0.00392369
1.29878
0.00318484
0.30737
7.81499
1.00668
0.255065
0.457384
0.108685
0.647897
0.197808
0.913978
0.0512788
2.23171
0.228241
4.79068
0.0133799
1.68377
0.147503
3.46959
0.437604
2.3195
0.104348
3.60672
0.882926
0.163017
0.330987
0.157419
1.29423
0.34148
2.06836
1.39675
1.08026
0.569836
0.701874
0.176355
0.00881438
0.204697
0.782455
0.319275
1.67114
0.918577
0.0834917
0.374155
0.0433591
1.49508
1.65168
0.249329
1.44112
0.58071
0.0396227
0.0488475
0.607976
0.581082
0.266272
0.653454
1.80006
0.010804
0.411922
1.40371
0.666544
0.849884
0.158129
2.24389
1.02507
1.81674
0.0264422
0.143596
0.931571
0.0593952
0.449049
2.61184
0.00721058
0.142328
0.287655
0.0449966
1.02051
0.183691
3.67091
1.09334
0.292511
1.04846
1.02825
1.28449
0.198424
0.0753938
1.1444
1.03734
0.688834
0.201045
0.457063
0.151132
0.061562
0.726847
0.270598
0.319065
0.0903425
0.132145
7.05244
0.205543
0.00680477
0.0148377
0.415598
0.0866514
0.00569471
0.0131551
1.61357
2.03375
0.201682
0.830553
0.385729
0.244531
0.169774
0.103119
0.288149
0.772996
0.583518
1.15039
7.35745
1.9165
0.0109833
1.8035
1.03528
0.154282
9.20315
0.524488
0.151917
0.220722
0.61885
0.578263
0.00506025
2.61411
0.246573
0.18966
11.6763
0.43064
0.136324
1.17335
1.05045
3.79894
0.788219
0.019252
0.40357
0.410445
0.160376
0.524935
0.0361307
1.96223
0.272382
0.0104543
0.134459
1.11973
0.17367
0.0104308
0.308043
0.587677
0.0207053
0.202853
0.08983
0.136906
0.929077
0.165176
2.23915
0.775206
0.0146735
15.3011
0.20911
0.00849949
0.129748
4.25215
0.207921
0.125062
0.432355
0.0127982
0.00148299
1.07749
0.696644
2.9222
0.150381
1.06337
0.406991
0.789011
0.801451
0.0200226
14.6446
0.493255
4.41813
0.70844
0.276121
0.868526
0.133816
2.24401
0.169715
0.00569211
0.150719
0.404222
0.0452334
0.373849
1.84292
0.276588
1.31183
0.331354
0.0129242
0.0538659
0.917555
0.987157
0.426321
0.784168
0.165816
2.3377
0.617375
0.168199
0.148231
1.55365
0.256675
0.721731
0.240013
0.27454
0.0575362
1.04433
0.812306
0.240009
0.0213808
0.271691
0.0684018
0.437079
1.72585
0.472311
0.0184986
0.25113
0.92242
0.252359
0.156915
0.067922
0.460423
0.361892
0.861517
0.569328
4.81314
1.98263
0.0665032
0.303436
0.600273
0.294791
0.00412595
0.562467
0.714152
2.37325
0.291194
0.0358625
0.62604
0.0375686
0.915154
0.114008
0.243018
0.029779
0.169135
0.655386
0.0228894
0.0427117
0.705964
1.05754
0.0400939
0.315066
0.15024
0.625031
0.523978
0.0188211
0.26256
0.64245
1.02059
0.534789
0.114267
0.94535
0.461093
0.184185
1.21369
1.21897
0.192438
0.162567
0.0686696
0.0945836
0.126702
0.757267
0.46375
12.4836
8.97087
0.0884005
0.383752
0.669052
0.545096
0.0227533
4.37231
0.428824
0.0154377
0.194149
0.112755
0.0712001
0.391448
0.0440739
0.0295001
0.0522426
0.3965
4.63835
0.681154
done initialize ROCParameter object
