Hello world!

reading fasta file
done reading fasta file
initialize ROCParameter object
	Sphi init: 2
	# mixtures: 2
	mixture definition: allUnique
0.0102301
0.117368
0.016998
0.0166134
0.0331301
0.0300426
0.00730356
0.0235539
0.0214093
0.0385176
0.0274167
0.00755927
0.0134807
0.0116272
0.0506888
0.022041
0.0243462
0.00202265
0.0298362
0.0576568
0.121086
0.0345388
0.0466063
0.0788447
0.117946
0.367193
0.103961
0.0133237
0.148167
0.0666235
0.108553
0.0465312
0.0661232
0.00420059
0.0271991
0.115038
0.00250139
0.0544275
0.113628
0.0332404
0.0166608
0.0568119
0.0380129
0.06984
0.117579
0.285764
0.00629897
0.0672219
0.00272935
0.0783142
0.0361488
0.0864157
0.068579
0.0960067
0.050727
0.0247689
0.0145238
0.00171127
0.0267292
0.101464
0.0550858
0.0398246
0.006751
0.0656422
0.0225586
0.0158733
0.0217614
0.102593
0.00793658
0.119284
0.0808493
0.0375447
0.0424618
0.0973646
0.158354
0.00663223
0.0420423
0.0448697
0.0982073
0.138826
0.063929
0.00190986
0.019044
0.0131056
0.0242308
0.163925
0.0757795
0.162463
0.00223269
0.0179888
0.0348955
0.346045
2.37881
0.113214
0.377774
18.5864
0.0810395
0.0149258
0.0239485
0.0127254
0.047588
0.00610674
0.0624152
0.0461855
0.0232409
0.0257605
0.0974495
0.044537
0.00771319
0.0823463
0.071404
0.0632522
0.0180295
0.0133517
0.00792548
0.0231163
0.00864521
0.573029
0.0336878
0.0838003
0.139903
0.227912
0.0110467
0.00838695
0.0628354
0.0434276
0.130667
0.0764137
0.102285
0.0742219
0.0110486
0.0383885
0.103863
0.0279911
0.0363615
0.0377754
0.0917797
0.0607779
0.0933947
0.0146598
0.00295643
0.0014218
0.00721191
0.132647
0.00986874
0.00665902
0.0268954
0.141898
0.163002
0.147822
0.247736
0.047233
0.167003
0.0139346
0.0264446
0.07761
0.010269
0.0324066
0.0177239
0.0281269
0.757901
0.030854
0.00403231
0.0126567
0.0275709
0.0414622
0.0413862
0.0742126
0.0343224
2.28355
0.0336699
0.0403328
0.0584419
0.00473163
0.0790228
6.07074
0.00497238
0.0108843
0.0479257
0.0916811
0.105435
0.168486
1.69068
0.00175458
0.0305463
0.0012936
0.096873
0.127032
0.0378699
0.367273
0.210472
0.0172657
4.85759
0.0355894
0.00772048
0.213926
0.0817452
0.0267471
0.0353575
0.361817
0.0129525
0.347987
0.613563
0.0110256
0.0242276
0.00844412
0.0983708
0.00188189
0.140706
0.0512957
0.0724146
0.00798822
0.00699228
0.208106
0.00368708
0.0324369
0.0926448
3.22554
0.00431106
0.0213945
0.0252896
0.0781333
0.0144892
0.0337014
0.13245
0.0120336
10.3054
38.7952
0.179907
1.48582
0.0590169
0.00231429
0.784799
0.0475945
0.0502695
1.84951
0.0260334
0.033982
0.0791252
20.4206
0.00111241
0.862943
0.0252397
0.0511374
0.084554
0.0311315
0.0013335
0.032608
0.427139
2.32883
0.0144484
0.0242295
0.012876
0.121389
0.336595
0.00634215
0.0607404
0.00779154
0.0341259
0.155851
0.00233237
0.0192213
0.250792
0.153371
0.0777374
0.0270232
0.126388
0.0220479
0.00806013
0.0180229
0.140901
0.00178991
0.295771
0.0346191
0.0212316
0.0168004
0.531747
0.060182
0.121362
0.0607067
0.0406728
0.986751
6.92707
0.215114
0.0100622
0.00923732
0.123038
0.223543
3.48217
0.005455
3.31377
0.0388166
0.208675
0.22801
0.0576756
0.0796985
0.0312236
0.156187
0.0659312
0.124096
0.00599526
0.0547643
0.00180028
1.92827
0.0706475
0.219632
0.0175592
0.0408973
0.0527163
0.0500409
0.0786514
0.171342
0.0509415
0.0748004
0.0032075
0.0287204
0.0224442
0.0760808
0.220139
0.024693
0.00116814
0.00677857
0.0284544
0.0192445
0.229129
0.346106
2.36004
0.00951506
0.0703678
0.0269954
0.0661528
0.0076248
0.0515535
0.37368
1.1925
0.0454183
0.456655
0.0196029
0.00842499
0.0230552
0.0258429
0.152961
0.0403786
0.189051
0.0112843
0.0146215
0.00182126
0.548085
0.0200704
0.00268954
0.207315
0.298489
0.0818976
0.0331796
0.0570331
2.8145
0.0709288
0.00505142
0.267447
0.0174707
0.0546859
0.0552845
1.31234
0.0743654
0.025641
0.72372
0.203223
0.323396
0.0734631
0.105593
0.0918062
0.158029
0.0352772
0.0245427
0.835041
130.379
0.132895
0.275993
0.0727259
0.0417536
0.0823328
0.245646
0.0216447
0.0749108
0.858782
0.00775684
0.13846
0.361267
18.428
0.144244
0.0880707
0.140865
0.37704
0.0172625
0.0123367
0.411209
2.9967
0.118949
0.0425222
0.0687766
0.00907202
0.12741
0.0416679
1.79197
0.052145
0.163188
0.0635437
0.131494
1.10936
6.05453
0.0703438
0.209998
0.0334896
0.0262685
0.0717897
0.0453043
0.231827
3.53077
0.190527
0.0180989
0.00274886
1.01239
0.0803618
0.233974
0.24692
1.06499
6.86059
2.19685
9.95813
0.0921766
0.339901
0.0174761
0.00727708
0.0946432
0.435331
3.15305
0.495514
0.668283
0.0975687
39.2545
0.110592
0.233721
0.180068
0.00759876
3.77472
1.69692
0.0322134
2.61438
0.0762548
0.298891
0.183562
0.0410659
0.0887891
0.0219654
0.513117
1.48263
0.127561
0.123646
0.35122
0.236301
30.2186
0.13631
0.507034
1.45795
0.142732
0.17869
0.172976
0.00201557
0.0419136
0.0417199
0.00395528
1.39734
4.21786
0.752795
0.328608
0.373816
0.268381
0.288531
2.13683
0.0393333
0.0633028
0.86863
0.298755
0.0129671
0.431638
0.47303
0.00126065
0.689733
0.795124
0.26218
0.00302145
0.0444359
0.916456
0.377555
0.270169
1.11473
0.00120703
1.29588
0.622585
2.91234
1.00276
0.403799
0.0540051
0.0582686
3.20296
0.211264
0.146414
0.608652
5.05647
0.0184514
0.0322801
0.213749
0.186214
0.201432
3.03395
0.51244
1.48684
0.0197663
0.154744
0.00834437
4.99307
0.115144
4.34076
0.505466
0.190214
0.217073
0.0825523
0.00147578
0.278391
0.357671
0.15886
6.01984
0.340607
0.148766
4.1124
7.96493
0.0158386
1.00439
0.089471
0.0454613
1.71665
0.139719
0.293718
0.294166
0.322846
1.91689
0.0719016
0.241818
0.371585
0.0164641
1.62255
0.183444
1.88255
0.765713
0.0656848
0.27152
0.786274
0.263032
1.19543
0.470841
0.362574
0.0110951
1.14228
1.77296
0.275464
0.00454348
0.23446
13.9262
0.778712
0.176315
0.191755
0.572396
0.25153
0.206611
6.11729
0.386762
0.363488
1.66916
0.0189294
0.00914446
3.02546
0.358177
0.0298115
0.565185
0.376795
0.496983
0.416486
0.844537
15.6742
173.576
4.02386
0.147306
0.645961
0.197755
0.465747
0.00240319
3.09924
0.0363155
0.457622
0.0986992
0.00230074
1.61824
0.00217831
0.351166
8.7502
1.1144
0.318942
0.476795
0.116977
0.68121
0.229293
1.06014
0.0524624
3.04096
0.24505
5.4534
0.0125715
2.00675
0.165955
4.26282
0.456868
3.30278
0.111937
5.16837
0.995465
0.188693
0.364573
0.177233
1.58197
0.372073
2.58942
1.7387
1.32806
0.594734
0.738607
0.218495
0.00870216
0.235556
0.806606
0.358874
2.00061
0.679098
0.0824504
0.391168
0.0421361
1.81001
1.98039
0.280941
1.75686
0.595357
0.0403583
0.0494844
0.655171
0.606756
0.322555
0.686627
2.09584
0.0100173
0.424225
1.70808
0.687219
0.883714
0.177806
3.20545
1.13525
1.76035
0.0258625
0.158526
1.10942
0.0596451
0.667838
3.61359
0.0047037
0.15841
0.322705
0.0445753
1.1254
0.20912
5.12898
1.10675
0.333167
1.22992
1.14913
1.60241
0.232606
0.0749809
1.3951
1.20604
0.728805
0.235928
0.475841
0.188392
0.064226
0.764463
0.304645
0.358352
0.0892559
0.142283
6.26365
0.238106
0.00702208
0.0121265
0.428462
0.083225
0.00438446
0.0123705
1.85202
2.82453
0.241885
0.865976
0.385824
0.2661
0.202964
0.104844
0.323284
0.799337
0.597225
1.40527
7.8121
2.53141
0.0156873
2.27883
1.28304
0.174822
9.2057
0.426868
0.174293
0.255415
0.658892
0.599012
0.00383146
3.62855
0.276789
0.222983
17.2016
0.437474
0.157133
1.44002
1.2639
5.18495
0.843698
0.0191976
0.410267
0.417098
0.18809
0.508607
0.0350001
1.85093
0.303201
0.00985821
0.145456
1.37057
0.207208
0.00955202
0.353623
0.629507
0.0221586
0.237725
0.0884971
0.152263
1.07319
0.193113
3.41032
0.800441
0.0135555
24.5309
0.241558
0.00842838
0.132743
6.95952
0.240861
0.13444
0.441325
0.0117162
0.00154684
1.32072
0.73484
3.86719
0.171069
1.31714
0.418334
0.808217
0.909841
0.0202316
32.5837
0.597812
8.7449
0.699755
0.787618
0.924138
0.144718
3.2588
0.202502
0.00574478
0.17029
0.418209
0.0473171
0.383472
3.54263
0.321149
1.61704
0.36506
0.0117834
0.0530648
1.0125
1.08819
0.431188
0.829597
0.19918
3.39418
0.631849
0.199253
0.166106
1.85523
0.295877
0.750081
0.368742
0.311542
0.055111
1.21433
0.857295
0.272267
0.0231115
0.304904
0.0688042
0.449574
2.06708
0.481408
0.01932
0.285446
1.06155
0.278948
0.187696
0.0527928
0.449289
0.38327
0.88941
0.592918
5.53784
2.47357
0.0645709
0.339622
0.637003
0.339556
0.0330977
0.565927
0.77085
3.43436
0.329401
0.0349288
0.67725
0.0374644
1.05611
0.124772
0.273187
0.0297567
0.200013
0.708005
0.0235056
0.0577948
0.740838
1.18446
0.0405396
0.348595
0.170188
0.671841
0.506722
0.0183612
0.283945
0.347109
1.10603
0.53676
0.125868
0.67904
0.486076
0.212815
1.46195
1.38558
0.218554
0.184049
0.0702461
0.0965853
0.139802
0.780669
0.491221
0.492413
9.07357
0.0843506
0.398753
0.714583
0.539793
0.0242784
3.68977
0.435804
0.0147626
0.221653
0.121923
0.0723731
0.401554
0.0427924
0.0307937
0.0517965
0.407966
5.26309
0.732569
0.0102301
0.117368
0.016998
0.0166134
0.0331301
0.0300426
0.00730356
0.0235539
0.0214093
0.0385176
0.0274167
0.00755927
0.0134807
0.0116272
0.0506888
0.022041
0.0243462
0.00202265
0.0298362
0.0576568
0.121086
0.0345388
0.0466063
0.0788447
0.117946
0.367193
0.103961
0.0133237
0.148167
0.0666235
0.108553
0.0465312
0.0661232
0.00420059
0.0271991
0.115038
0.00250139
0.0544275
0.113628
0.0332404
0.0166608
0.0568119
0.0380129
0.06984
0.117579
0.285764
0.00629897
0.0672219
0.00272935
0.0783142
0.0361488
0.0864157
0.068579
0.0960067
0.050727
0.0247689
0.0145238
0.00171127
0.0267292
0.101464
0.0550858
0.0398246
0.006751
0.0656422
0.0225586
0.0158733
0.0217614
0.102593
0.00793658
0.119284
0.0808493
0.0375447
0.0424618
0.0973646
0.158354
0.00663223
0.0420423
0.0448697
0.0982073
0.138826
0.063929
0.00190986
0.019044
0.0131056
0.0242308
0.163925
0.0757795
0.162463
0.00223269
0.0179888
0.0348955
0.346045
2.37881
0.113214
0.377774
18.5864
0.0810395
0.0149258
0.0239485
0.0127254
0.047588
0.00610674
0.0624152
0.0461855
0.0232409
0.0257605
0.0974495
0.044537
0.00771319
0.0823463
0.071404
0.0632522
0.0180295
0.0133517
0.00792548
0.0231163
0.00864521
0.573029
0.0336878
0.0838003
0.139903
0.227912
0.0110467
0.00838695
0.0628354
0.0434276
0.130667
0.0764137
0.102285
0.0742219
0.0110486
0.0383885
0.103863
0.0279911
0.0363615
0.0377754
0.0917797
0.0607779
0.0933947
0.0146598
0.00295643
0.0014218
0.00721191
0.132647
0.00986874
0.00665902
0.0268954
0.141898
0.163002
0.147822
0.247736
0.047233
0.167003
0.0139346
0.0264446
0.07761
0.010269
0.0324066
0.0177239
0.0281269
0.757901
0.030854
0.00403231
0.0126567
0.0275709
0.0414622
0.0413862
0.0742126
0.0343224
2.28355
0.0336699
0.0403328
0.0584419
0.00473163
0.0790228
6.07074
0.00497238
0.0108843
0.0479257
0.0916811
0.105435
0.168486
1.69068
0.00175458
0.0305463
0.0012936
0.096873
0.127032
0.0378699
0.367273
0.210472
0.0172657
4.85759
0.0355894
0.00772048
0.213926
0.0817452
0.0267471
0.0353575
0.361817
0.0129525
0.347987
0.613563
0.0110256
0.0242276
0.00844412
0.0983708
0.00188189
0.140706
0.0512957
0.0724146
0.00798822
0.00699228
0.208106
0.00368708
0.0324369
0.0926448
3.22554
0.00431106
0.0213945
0.0252896
0.0781333
0.0144892
0.0337014
0.13245
0.0120336
10.3054
38.7952
0.179907
1.48582
0.0590169
0.00231429
0.784799
0.0475945
0.0502695
1.84951
0.0260334
0.033982
0.0791252
20.4206
0.00111241
0.862943
0.0252397
0.0511374
0.084554
0.0311315
0.0013335
0.032608
0.427139
2.32883
0.0144484
0.0242295
0.012876
0.121389
0.336595
0.00634215
0.0607404
0.00779154
0.0341259
0.155851
0.00233237
0.0192213
0.250792
0.153371
0.0777374
0.0270232
0.126388
0.0220479
0.00806013
0.0180229
0.140901
0.00178991
0.295771
0.0346191
0.0212316
0.0168004
0.531747
0.060182
0.121362
0.0607067
0.0406728
0.986751
6.92707
0.215114
0.0100622
0.00923732
0.123038
0.223543
3.48217
0.005455
3.31377
0.0388166
0.208675
0.22801
0.0576756
0.0796985
0.0312236
0.156187
0.0659312
0.124096
0.00599526
0.0547643
0.00180028
1.92827
0.0706475
0.219632
0.0175592
0.0408973
0.0527163
0.0500409
0.0786514
0.171342
0.0509415
0.0748004
0.0032075
0.0287204
0.0224442
0.0760808
0.220139
0.024693
0.00116814
0.00677857
0.0284544
0.0192445
0.229129
0.346106
2.36004
0.00951506
0.0703678
0.0269954
0.0661528
0.0076248
0.0515535
0.37368
1.1925
0.0454183
0.456655
0.0196029
0.00842499
0.0230552
0.0258429
0.152961
0.0403786
0.189051
0.0112843
0.0146215
0.00182126
0.548085
0.0200704
0.00268954
0.207315
0.298489
0.0818976
0.0331796
0.0570331
2.8145
0.0709288
0.00505142
0.267447
0.0174707
0.0546859
0.0552845
1.31234
0.0743654
0.025641
0.72372
0.203223
0.323396
0.0734631
0.105593
0.0918062
0.158029
0.0352772
0.0245427
0.835041
130.379
0.132895
0.275993
0.0727259
0.0417536
0.0823328
0.245646
0.0216447
0.0749108
0.858782
0.00775684
0.13846
0.361267
18.428
0.144244
0.0880707
0.140865
0.37704
0.0172625
0.0123367
0.411209
2.9967
0.118949
0.0425222
0.0687766
0.00907202
0.12741
0.0416679
1.79197
0.052145
0.163188
0.0635437
0.131494
1.10936
6.05453
0.0703438
0.209998
0.0334896
0.0262685
0.0717897
0.0453043
0.231827
3.53077
0.190527
0.0180989
0.00274886
1.01239
0.0803618
0.233974
0.24692
1.06499
6.86059
2.19685
9.95813
0.0921766
0.339901
0.0174761
0.00727708
0.0946432
0.435331
3.15305
0.495514
0.668283
0.0975687
39.2545
0.110592
0.233721
0.180068
0.00759876
3.77472
1.69692
0.0322134
2.61438
0.0762548
0.298891
0.183562
0.0410659
0.0887891
0.0219654
0.513117
1.48263
0.127561
0.123646
0.35122
0.236301
30.2186
0.13631
0.507034
1.45795
0.142732
0.17869
0.172976
0.00201557
0.0419136
0.0417199
0.00395528
1.39734
4.21786
0.752795
0.328608
0.373816
0.268381
0.288531
2.13683
0.0393333
0.0633028
0.86863
0.298755
0.0129671
0.431638
0.47303
0.00126065
0.689733
0.795124
0.26218
0.00302145
0.0444359
0.916456
0.377555
0.270169
1.11473
0.00120703
1.29588
0.622585
2.91234
1.00276
0.403799
0.0540051
0.0582686
3.20296
0.211264
0.146414
0.608652
5.05647
0.0184514
0.0322801
0.213749
0.186214
0.201432
3.03395
0.51244
1.48684
0.0197663
0.154744
0.00834437
4.99307
0.115144
4.34076
0.505466
0.190214
0.217073
0.0825523
0.00147578
0.278391
0.357671
0.15886
6.01984
0.340607
0.148766
4.1124
7.96493
0.0158386
1.00439
0.089471
0.0454613
1.71665
0.139719
0.293718
0.294166
0.322846
1.91689
0.0719016
0.241818
0.371585
0.0164641
1.62255
0.183444
1.88255
0.765713
0.0656848
0.27152
0.786274
0.263032
1.19543
0.470841
0.362574
0.0110951
1.14228
1.77296
0.275464
0.00454348
0.23446
13.9262
0.778712
0.176315
0.191755
0.572396
0.25153
0.206611
6.11729
0.386762
0.363488
1.66916
0.0189294
0.00914446
3.02546
0.358177
0.0298115
0.565185
0.376795
0.496983
0.416486
0.844537
15.6742
173.576
4.02386
0.147306
0.645961
0.197755
0.465747
0.00240319
3.09924
0.0363155
0.457622
0.0986992
0.00230074
1.61824
0.00217831
0.351166
8.7502
1.1144
0.318942
0.476795
0.116977
0.68121
0.229293
1.06014
0.0524624
3.04096
0.24505
5.4534
0.0125715
2.00675
0.165955
4.26282
0.456868
3.30278
0.111937
5.16837
0.995465
0.188693
0.364573
0.177233
1.58197
0.372073
2.58942
1.7387
1.32806
0.594734
0.738607
0.218495
0.00870216
0.235556
0.806606
0.358874
2.00061
0.679098
0.0824504
0.391168
0.0421361
1.81001
1.98039
0.280941
1.75686
0.595357
0.0403583
0.0494844
0.655171
0.606756
0.322555
0.686627
2.09584
0.0100173
0.424225
1.70808
0.687219
0.883714
0.177806
3.20545
1.13525
1.76035
0.0258625
0.158526
1.10942
0.0596451
0.667838
3.61359
0.0047037
0.15841
0.322705
0.0445753
1.1254
0.20912
5.12898
1.10675
0.333167
1.22992
1.14913
1.60241
0.232606
0.0749809
1.3951
1.20604
0.728805
0.235928
0.475841
0.188392
0.064226
0.764463
0.304645
0.358352
0.0892559
0.142283
6.26365
0.238106
0.00702208
0.0121265
0.428462
0.083225
0.00438446
0.0123705
1.85202
2.82453
0.241885
0.865976
0.385824
0.2661
0.202964
0.104844
0.323284
0.799337
0.597225
1.40527
7.8121
2.53141
0.0156873
2.27883
1.28304
0.174822
9.2057
0.426868
0.174293
0.255415
0.658892
0.599012
0.00383146
3.62855
0.276789
0.222983
17.2016
0.437474
0.157133
1.44002
1.2639
5.18495
0.843698
0.0191976
0.410267
0.417098
0.18809
0.508607
0.0350001
1.85093
0.303201
0.00985821
0.145456
1.37057
0.207208
0.00955202
0.353623
0.629507
0.0221586
0.237725
0.0884971
0.152263
1.07319
0.193113
3.41032
0.800441
0.0135555
24.5309
0.241558
0.00842838
0.132743
6.95952
0.240861
0.13444
0.441325
0.0117162
0.00154684
1.32072
0.73484
3.86719
0.171069
1.31714
0.418334
0.808217
0.909841
0.0202316
32.5837
0.597812
8.7449
0.699755
0.787618
0.924138
0.144718
3.2588
0.202502
0.00574478
0.17029
0.418209
0.0473171
0.383472
3.54263
0.321149
1.61704
0.36506
0.0117834
0.0530648
1.0125
1.08819
0.431188
0.829597
0.19918
3.39418
0.631849
0.199253
0.166106
1.85523
0.295877
0.750081
0.368742
0.311542
0.055111
1.21433
0.857295
0.272267
0.0231115
0.304904
0.0688042
0.449574
2.06708
0.481408
0.01932
0.285446
1.06155
0.278948
0.187696
0.0527928
0.449289
0.38327
0.88941
0.592918
5.53784
2.47357
0.0645709
0.339622
0.637003
0.339556
0.0330977
0.565927
0.77085
3.43436
0.329401
0.0349288
0.67725
0.0374644
1.05611
0.124772
0.273187
0.0297567
0.200013
0.708005
0.0235056
0.0577948
0.740838
1.18446
0.0405396
0.348595
0.170188
0.671841
0.506722
0.0183612
0.283945
0.347109
1.10603
0.53676
0.125868
0.67904
0.486076
0.212815
1.46195
1.38558
0.218554
0.184049
0.0702461
0.0965853
0.139802
0.780669
0.491221
0.492413
9.07357
0.0843506
0.398753
0.714583
0.539793
0.0242784
3.68977
0.435804
0.0147626
0.221653
0.121923
0.0723731
0.401554
0.0427924
0.0307937
0.0517965
0.407966
5.26309
0.732569
done initialize ROCParameter object
