>Sphi:
1.09101
>Aphi:
3.10504e+231
>numParam:
40
>numMixtures:
2
>std_sphi:
0.096
>std_phi:
***
0.515978 0.298598 0.429982 0.358318 0.238879 0.298598 0.515978 0.429982 0.358318 0.515978
0.429982 0.515978 0.515978 0.429982 0.429982 0.199066 0.429982 0.515978 0.358318 0.286654
0.515978 0.429982 0.515978 0.248832 0.429982 0.515978 0.515978 0.429982 0.515978 0.515978
0.515978 0.515978 0.358318 0.20736 0.248832 0.20736 0.515978 0.298598 0.358318 0.199066
0.358318 0.199066 0.358318 0.515978 0.298598 0.358318 0.358318 0.343985 0.298598 0.429982
0.515978 0.298598 0.515978 0.429982 0.515978 0.20736 0.358318 0.199066 0.515978 0.515978
0.248832 0.515978 0.429982 0.429982 0.515978 0.515978 0.248832 0.515978 0.515978 0.515978
0.515978 0.429982 0.515978 0.515978 0.165888 0.358318 0.358318 0.515978 0.515978 0.515978
0.286654 0.515978 0.20736 0.358318 0.515978 0.165888 0.248832 0.515978 0.429982 0.286654
0.515978 0.515978 0.515978 0.429982 0.248832 0.248832 0.515978 0.515978 0.515978 0.298598
0.515978 0.515978 0.515978 0.429982 0.248832 0.515978 0.358318 0.358318 0.248832 0.358318
0.229324 0.429982 0.515978 0.238879 0.298598 0.515978 0.248832 0.515978 0.515978 0.515978
0.248832 0.286654 0.429982 0.515978 0.515978 0.515978 0.248832 0.515978 0.248832 0.515978
0.515978 0.515978 0.515978 0.429982 0.429982 0.298598 0.238879 0.515978 0.358318 0.515978
0.20736 0.515978 0.358318 0.248832 0.429982 0.515978 0.515978 0.358318 0.515978 0.199066
0.515978 0.515978 0.515978 0.515978 0.199066 0.429982 0.515978 0.515978 0.248832 0.298598
0.199066 0.429982 0.199066 0.358318 0.358318 0.515978 0.515978 0.248832 0.515978 0.515978
0.248832 0.429982 0.515978 0.20736 0.515978 0.238879 0.515978 0.515978 0.515978 0.515978
0.429982 0.248832 0.515978 0.515978 0.286654 0.515978 0.515978 0.358318 0.238879 0.20736
0.429982 0.298598 0.429982 0.298598 0.248832 0.515978 0.515978 0.286654 0.515978 0.515978
0.286654 0.429982 0.248832 0.429982 0.358318 0.515978 0.429982 0.298598 0.248832 0.429982
0.298598 0.358318 0.515978 0.248832 0.358318 0.238879 0.248832 0.298598 0.358318 0.515978
0.515978 0.358318 0.248832 0.515978 0.248832 0.286654 0.515978 0.515978 0.515978 0.515978
0.358318 0.199066 0.515978 0.165888 0.298598 0.199066 0.358318 0.515978 0.515978 0.515978
0.343985 0.298598 0.238879 0.298598 0.515978 0.343985 0.298598 0.515978 0.515978 0.515978
0.515978 0.358318 0.515978 0.515978 0.429982 0.358318 0.429982 0.515978 0.515978 0.238879
0.515978 0.515978 0.298598 0.515978 0.199066 0.515978 0.298598 0.358318 0.515978 0.248832
0.429982 0.429982 0.515978 0.515978 0.515978 0.515978 0.298598 0.515978 0.429982 0.358318
0.429982 0.429982 0.515978 0.429982 0.515978 0.429982 0.515978 0.515978 0.515978 0.248832
0.515978 0.515978 0.515978 0.238879 0.515978 0.248832 0.515978 0.165888 0.429982 0.515978
0.429982 0.515978 0.429982 0.429982 0.238879 0.286654 0.298598 0.515978 0.515978 0.515978
0.515978 0.248832 0.429982 0.515978 0.515978 0.298598 0.429982 0.515978 0.358318 0.429982
0.248832 0.515978 0.429982 0.515978 0.515978 0.515978 0.515978 0.515978 0.238879 0.515978
0.515978 0.515978 0.199066 0.515978 0.515978 0.286654 0.358318 0.515978 0.429982 0.343985
0.515978 0.515978 0.429982 0.515978 0.298598 0.515978 0.515978 0.515978 0.515978 0.358318
0.358318 0.515978 0.515978 0.515978 0.238879 0.515978 0.515978 0.515978 0.515978 0.515978
0.515978 0.429982 0.298598 0.515978 0.515978 0.358318 0.358318 0.298598 0.199066 0.515978
0.515978 0.515978 0.429982 0.358318 0.199066 0.515978 0.358318 0.515978 0.429982 0.515978
0.20736 0.358318 0.515978 0.358318 0.429982 0.429982 0.515978 0.515978 0.286654 0.248832
0.429982 0.515978 0.358318 0.358318 0.515978 0.298598 0.298598 0.343985 0.429982 0.429982
0.298598 0.429982 0.199066 0.286654 0.515978 0.238879 0.238879 0.343985 0.298598 0.515978
0.515978 0.358318 0.515978 0.429982 0.20736 0.248832 0.343985 0.248832 0.429982 0.358318
0.429982 0.515978 0.515978 0.358318 0.238879 0.358318 0.515978 0.429982 0.429982 0.515978
0.248832 0.515978 0.515978 0.429982 0.199066 0.429982 0.358318 0.515978 0.515978 0.199066
0.515978 0.515978 0.515978 0.515978 0.248832 0.358318 0.429982 0.515978 0.358318 0.429982
0.429982 0.358318 0.515978 0.515978 0.429982 0.429982 0.191103 0.515978 0.343985 0.515978
0.248832 0.199066 0.298598 0.358318 0.515978 0.515978 0.286654 0.429982 0.429982 0.358318
0.298598 0.515978 0.358318 0.515978 0.515978 0.515978 0.358318 0.515978 0.515978 0.298598
0.515978 0.298598 0.429982 0.515978 0.515978 0.515978 0.358318 0.358318 0.429982 0.515978
0.286654 0.429982 0.515978 0.286654 0.515978 0.515978 0.515978 0.286654 0.248832 0.515978
0.515978 0.515978 0.515978 0.515978 0.515978 0.515978 0.515978 0.515978 0.515978 0.515978
0.515978 0.515978 0.515978 0.515978 0.515978 0.515978 0.515978 0.515978 0.515978 0.515978
0.515978 0.515978 0.515978 0.515978 0.515978 0.515978 0.515978 0.515978 0.515978 0.515978
0.515978 0.515978 0.515978 0.515978 0.515978 0.515978 0.515978 0.515978 0.515978 0.515978
0.515978 0.515978 0.515978 0.515978 0.515978 0.515978 0.515978 0.515978 0.515978 0.515978
0.515978 0.515978 0.515978 0.515978 0.515978 0.515978 0.515978 0.515978 0.515978 0.515978
0.515978 0.515978 0.515978 0.515978 0.515978 0.515978 0.515978 0.515978 0.515978 0.515978
0.515978 0.515978 0.515978 0.515978 0.515978 0.515978 0.515978 0.515978 0.515978 0.515978
0.515978 0.515978 0.515978 0.515978 0.515978 0.515978 0.515978 0.515978 0.515978 0.515978
0.515978 0.515978 0.515978 0.515978 0.515978 0.515978 0.515978 0.515978 0.515978 0.515978
0.515978 0.515978 0.515978 0.515978 0.515978 0.515978 0.515978 0.515978 0.515978 0.515978
0.515978 0.515978 0.515978 0.515978 0.515978 0.515978 0.515978 0.515978 0.515978 0.515978
0.515978 0.515978 0.515978 0.515978 0.515978 0.515978 0.515978 0.515978 0.515978 0.515978
0.515978 0.515978 0.515978 0.515978 0.515978 0.515978 0.515978 0.515978 0.515978 0.515978
0.515978 0.515978 0.515978 0.515978 0.515978 0.515978 0.515978 0.515978 0.515978 0.515978
0.515978 0.515978 0.515978 0.515978 0.515978 0.515978 0.515978 0.515978 0.515978 0.515978
0.515978 0.515978 0.515978 0.515978 0.515978 0.515978 0.515978 0.515978 0.515978 0.515978
0.515978 0.515978 0.515978 0.515978 0.515978 0.515978 0.515978 0.515978 0.515978 0.515978
0.515978 0.515978 0.515978 0.515978 0.515978 0.515978 0.515978 0.515978 0.515978 0.515978
0.515978 0.515978 0.515978 0.515978 0.515978 0.515978 0.515978 0.515978 0.515978 0.515978
0.515978 0.515978 0.515978 0.515978 0.515978 0.515978 0.515978 0.515978 0.515978 0.515978
0.515978 0.515978 0.515978 0.515978 0.515978 0.515978 0.515978 0.515978 0.515978 0.515978
0.515978 0.515978 0.515978 0.515978 0.515978 0.515978 0.515978 0.515978 0.515978 0.515978
0.515978 0.515978 0.515978 0.515978 0.515978 0.515978 0.515978 0.515978 0.515978 0.515978
0.515978 0.515978 0.515978 0.515978 0.515978 0.515978 0.515978 0.515978 0.515978 0.515978
0.515978 0.515978 0.515978 0.515978 0.515978 0.515978 0.515978 0.515978 0.515978 0.515978
0.515978 0.515978 0.515978 0.515978 0.515978 0.515978 0.515978 0.515978 0.515978 0.515978
0.515978 0.515978 0.515978 0.515978 0.515978 0.515978 0.515978 0.515978 0.515978 0.515978
0.515978 0.515978 0.515978 0.515978 0.515978 0.515978 0.515978 0.515978 0.515978 0.515978
0.515978 0.515978 0.515978 0.515978 0.515978 0.515978 0.515978 0.515978 0.515978 0.515978
0.515978 0.515978 0.515978 0.515978 0.515978 0.515978 0.515978 0.515978 0.515978 0.515978
0.515978 0.515978 0.515978 0.515978 0.515978 0.515978 0.515978 0.515978 0.515978 0.515978
0.515978 0.515978 0.515978 0.515978 0.515978 0.515978 0.515978 0.515978 0.515978 0.515978
0.515978 0.515978 0.515978 0.515978 0.515978 0.515978 0.515978 0.515978 0.515978 0.515978
0.515978 0.515978 0.515978 0.515978 0.515978 0.515978 0.515978 0.515978 0.515978 0.515978
0.515978 0.515978 0.515978 0.515978 0.515978 0.515978 0.515978 0.515978 0.515978 0.515978
0.515978 0.515978 0.515978 0.515978 0.515978 0.515978 0.515978 0.515978 0.515978 0.515978
0.515978 0.515978 0.515978 0.515978 0.515978 0.515978 0.515978 0.515978 0.515978 0.515978
0.515978 0.515978 0.515978 0.515978 0.515978 0.515978 0.515978 0.515978 0.515978 0.515978
0.515978 0.515978 0.515978 0.515978 0.515978 0.515978 0.515978 0.515978 0.515978 0.515978
0.515978 0.515978 0.515978 0.515978 0.515978 0.515978 0.515978 0.515978 0.515978 0.515978
0.515978 0.515978 0.515978 0.515978 0.515978 0.515978 0.515978 0.515978 0.515978 0.515978
0.515978 0.515978 0.515978 0.515978 0.515978 0.515978 0.515978 0.515978 0.515978 0.515978
0.515978 0.515978 0.515978 0.515978 0.515978 0.515978 0.515978 0.515978 0.515978 0.515978
0.515978 0.515978 0.515978 0.515978 0.515978 0.515978 0.515978 0.515978 0.515978 0.515978
0.515978 0.515978 0.515978 0.515978 0.515978 0.515978 0.515978 0.515978 0.515978 0.515978
0.515978 0.515978 0.515978 0.515978 0.515978 0.515978 0.515978 0.515978 0.515978 0.515978
0.515978 0.515978 0.515978 0.515978 0.515978 0.515978 0.515978 0.515978 0.515978 0.515978
0.515978 0.515978 0.515978 0.515978 0.515978 0.515978 0.515978 0.515978 0.515978 0.515978
0.515978 0.515978 0.515978 0.515978 0.515978 0.515978 0.515978 0.515978 0.515978 0.515978
***
0.515978 0.515978 0.515978 0.515978 0.515978 0.515978 0.515978 0.515978 0.515978 0.515978
0.515978 0.515978 0.515978 0.515978 0.515978 0.515978 0.515978 0.515978 0.515978 0.515978
0.515978 0.515978 0.515978 0.515978 0.515978 0.515978 0.515978 0.515978 0.515978 0.515978
0.515978 0.515978 0.515978 0.515978 0.515978 0.515978 0.515978 0.515978 0.515978 0.515978
0.515978 0.515978 0.515978 0.515978 0.515978 0.515978 0.515978 0.515978 0.515978 0.515978
0.515978 0.515978 0.515978 0.515978 0.515978 0.515978 0.515978 0.515978 0.515978 0.515978
0.515978 0.515978 0.515978 0.515978 0.515978 0.515978 0.515978 0.515978 0.515978 0.515978
0.515978 0.515978 0.515978 0.515978 0.515978 0.515978 0.515978 0.515978 0.515978 0.515978
0.515978 0.515978 0.515978 0.515978 0.515978 0.515978 0.515978 0.515978 0.515978 0.515978
0.515978 0.515978 0.515978 0.515978 0.515978 0.515978 0.515978 0.515978 0.515978 0.515978
0.515978 0.515978 0.515978 0.515978 0.515978 0.515978 0.515978 0.515978 0.515978 0.515978
0.515978 0.515978 0.515978 0.515978 0.515978 0.515978 0.515978 0.515978 0.515978 0.515978
0.515978 0.515978 0.515978 0.515978 0.515978 0.515978 0.515978 0.515978 0.515978 0.515978
0.515978 0.515978 0.515978 0.515978 0.515978 0.515978 0.515978 0.515978 0.515978 0.515978
0.515978 0.515978 0.515978 0.515978 0.515978 0.515978 0.515978 0.515978 0.515978 0.515978
0.515978 0.515978 0.515978 0.515978 0.515978 0.515978 0.515978 0.515978 0.515978 0.515978
0.515978 0.515978 0.515978 0.515978 0.515978 0.515978 0.515978 0.515978 0.515978 0.515978
0.515978 0.515978 0.515978 0.515978 0.515978 0.515978 0.515978 0.515978 0.515978 0.515978
0.515978 0.515978 0.515978 0.515978 0.515978 0.515978 0.515978 0.515978 0.515978 0.515978
0.515978 0.515978 0.515978 0.515978 0.515978 0.515978 0.515978 0.515978 0.515978 0.515978
0.515978 0.515978 0.515978 0.515978 0.515978 0.515978 0.515978 0.515978 0.515978 0.515978
0.515978 0.515978 0.515978 0.515978 0.515978 0.515978 0.515978 0.515978 0.515978 0.515978
0.515978 0.515978 0.515978 0.515978 0.515978 0.515978 0.515978 0.515978 0.515978 0.515978
0.515978 0.515978 0.515978 0.515978 0.515978 0.515978 0.515978 0.515978 0.515978 0.515978
0.515978 0.515978 0.515978 0.515978 0.515978 0.515978 0.515978 0.515978 0.515978 0.515978
0.515978 0.515978 0.515978 0.515978 0.515978 0.515978 0.515978 0.515978 0.515978 0.515978
0.515978 0.515978 0.515978 0.515978 0.515978 0.515978 0.515978 0.515978 0.515978 0.515978
0.515978 0.515978 0.515978 0.515978 0.515978 0.515978 0.515978 0.515978 0.515978 0.515978
0.515978 0.515978 0.515978 0.515978 0.515978 0.515978 0.515978 0.515978 0.515978 0.515978
0.515978 0.515978 0.515978 0.515978 0.515978 0.515978 0.515978 0.515978 0.515978 0.515978
0.515978 0.515978 0.515978 0.515978 0.515978 0.515978 0.515978 0.515978 0.515978 0.515978
0.515978 0.515978 0.515978 0.515978 0.515978 0.515978 0.515978 0.515978 0.515978 0.515978
0.515978 0.515978 0.515978 0.515978 0.515978 0.515978 0.515978 0.515978 0.515978 0.515978
0.515978 0.515978 0.515978 0.515978 0.515978 0.515978 0.515978 0.515978 0.515978 0.515978
0.515978 0.515978 0.515978 0.515978 0.515978 0.515978 0.515978 0.515978 0.515978 0.515978
0.515978 0.515978 0.515978 0.515978 0.515978 0.515978 0.515978 0.515978 0.515978 0.515978
0.515978 0.515978 0.515978 0.515978 0.515978 0.515978 0.515978 0.515978 0.515978 0.515978
0.515978 0.515978 0.515978 0.515978 0.515978 0.515978 0.515978 0.515978 0.515978 0.515978
0.515978 0.515978 0.515978 0.515978 0.515978 0.515978 0.515978 0.515978 0.515978 0.515978
0.515978 0.515978 0.515978 0.515978 0.515978 0.515978 0.358318 0.515978 0.515978 0.515978
0.515978 0.515978 0.515978 0.515978 0.515978 0.515978 0.515978 0.515978 0.515978 0.515978
0.515978 0.515978 0.515978 0.515978 0.515978 0.515978 0.515978 0.515978 0.515978 0.515978
0.515978 0.515978 0.515978 0.515978 0.515978 0.515978 0.515978 0.515978 0.515978 0.515978
0.515978 0.515978 0.515978 0.515978 0.515978 0.515978 0.515978 0.515978 0.515978 0.515978
0.515978 0.515978 0.515978 0.515978 0.515978 0.515978 0.515978 0.515978 0.515978 0.515978
0.515978 0.515978 0.515978 0.515978 0.515978 0.515978 0.515978 0.515978 0.515978 0.515978
0.515978 0.515978 0.515978 0.515978 0.515978 0.515978 0.515978 0.515978 0.515978 0.515978
0.515978 0.515978 0.515978 0.515978 0.515978 0.515978 0.515978 0.515978 0.515978 0.515978
0.515978 0.515978 0.515978 0.515978 0.515978 0.515978 0.515978 0.515978 0.515978 0.515978
0.515978 0.515978 0.515978 0.515978 0.515978 0.515978 0.515978 0.515978 0.515978 0.515978
0.515978 0.165888 0.199066 0.248832 0.298598 0.515978 0.358318 0.515978 0.358318 0.199066
0.13271 0.515978 0.165888 0.515978 0.429982 0.358318 0.515978 0.515978 0.1728 0.358318
0.429982 0.515978 0.358318 0.515978 0.515978 0.429982 0.358318 0.248832 0.515978 0.358318
0.13824 0.515978 0.515978 0.199066 0.515978 0.429982 0.515978 0.515978 0.20736 0.199066
0.515978 0.358318 0.248832 0.238879 0.515978 0.199066 0.298598 0.429982 0.343985 0.515978
0.248832 0.515978 0.515978 0.515978 0.429982 0.1728 0.515978 0.515978 0.20736 0.515978
0.515978 0.144 0.515978 0.1728 0.248832 0.515978 0.358318 0.165888 0.1728 0.1728
0.238879 0.515978 0.248832 0.238879 0.515978 0.515978 0.358318 0.515978 0.515978 0.515978
0.1728 0.515978 0.515978 0.515978 0.515978 0.515978 0.515978 0.429982 0.165888 0.429982
0.515978 0.515978 0.515978 0.165888 0.238879 0.358318 0.515978 0.165888 0.515978 0.515978
0.515978 0.515978 0.248832 0.515978 0.429982 0.13824 0.429982 0.298598 0.515978 0.515978
0.429982 0.20736 0.298598 0.248832 0.358318 0.515978 0.515978 0.248832 0.199066 0.515978
0.1728 0.429982 0.1728 0.1728 0.199066 0.515978 0.358318 0.358318 0.298598 0.515978
0.515978 0.429982 0.144 0.298598 0.199066 0.515978 0.1152 0.515978 0.298598 0.515978
0.515978 0.13824 0.238879 0.199066 0.515978 0.515978 0.429982 0.429982 0.298598 0.358318
0.515978 0.515978 0.199066 0.515978 0.159252 0.429982 0.238879 0.358318 0.358318 0.13824
0.515978 0.191103 0.199066 0.515978 0.515978 0.165888 0.429982 0.515978 0.199066 0.515978
0.13824 0.429982 0.199066 0.515978 0.515978 0.199066 0.429982 0.298598 0.515978 0.515978
0.298598 0.515978 0.20736 0.515978 0.515978 0.298598 0.20736 0.358318 0.515978 0.298598
0.515978 0.165888 0.13824 0.515978 0.165888 0.165888 0.515978 0.20736 0.358318 0.515978
0.515978 0.248832 0.515978 0.248832 0.429982 0.20736 0.358318 0.1728 0.429982 0.515978
0.1728 0.1728 0.358318 0.144 0.515978 0.429982 0.159252 0.248832 0.429982 0.515978
0.298598 0.515978 0.358318 0.515978 0.515978 0.515978 0.358318 0.358318 0.298598 0.515978
0.358318 0.298598 0.1728 0.515978 0.199066 0.515978 0.515978 0.429982 0.429982 0.515978
0.515978 0.515978 0.248832 0.515978 0.515978 0.20736 0.515978 0.165888 0.429982 0.429982
0.358318 0.358318 0.515978 0.358318 0.248832 0.515978 0.165888 0.515978 0.515978 0.515978
0.238879 0.286654 0.144 0.515978 0.286654 0.248832 0.515978 0.191103 0.429982 0.515978
0.20736 0.515978 0.298598 0.199066 0.515978 0.515978 0.358318 0.298598 0.429982 0.358318
0.515978 0.144 0.515978 0.298598 0.144 0.248832 0.159252 0.1728 0.358318 0.248832
0.248832 0.515978 0.20736 0.358318 0.20736 0.298598 0.429982 0.298598 0.515978 0.515978
0.515978 0.298598 0.20736 0.238879 0.238879 0.515978 0.286654 0.515978 0.199066 0.248832
0.515978 0.165888 0.298598 0.515978 0.515978 0.248832 0.286654 0.1728 0.238879 0.298598
0.515978 0.515978 0.515978 0.515978 0.358318 0.515978 0.429982 0.515978 0.298598 0.515978
0.515978 0.515978 0.515978 0.358318 0.20736 0.13271 0.515978 0.286654 0.429982 0.515978
0.515978 0.515978 0.248832 0.199066 0.515978 0.298598 0.515978 0.429982 0.515978 0.199066
0.298598 0.165888 0.515978 0.515978 0.358318 0.515978 0.515978 0.429982 0.515978 0.358318
0.20736 0.515978 0.515978 0.199066 0.515978 0.248832 0.298598 0.1152 0.429982 0.248832
0.515978 0.515978 0.429982 0.1728 0.515978 0.429982 0.238879 0.358318 0.298598 0.358318
0.429982 0.515978 0.429982 0.515978 0.429982 0.515978 0.515978 0.358318 0.286654 0.515978
0.515978 0.515978 0.298598 0.515978 0.515978 0.1152 0.110592 0.515978 0.298598 0.199066
0.515978 0.358318 0.358318 0.429982 0.343985 0.429982 0.199066 0.429982 0.515978 0.515978
0.286654 0.515978 0.298598 0.144 0.248832 0.238879 0.144 0.286654 0.358318 0.515978
0.515978 0.1152 0.298598 0.515978 0.1728 0.515978 0.515978 0.358318 0.515978 0.515978
0.429982 0.515978 0.1152 0.515978 0.515978 0.20736 0.515978 0.358318 0.358318 0.515978
0.358318 0.358318 0.199066 0.429982 0.515978 0.515978 0.515978 0.13824 0.248832 0.515978
0.13824 0.248832 0.20736 0.165888 0.429982 0.199066 0.298598 0.515978 0.298598 0.1728
0.515978 0.515978 0.515978 0.515978 0.429982 0.515978 0.286654 0.199066 0.515978 0.199066
0.298598 0.515978 0.429982 0.515978 0.515978 0.515978 0.20736 0.515978 0.515978 0.429982
0.515978 0.358318 0.515978 0.286654 0.515978 0.159252 0.238879 0.298598 0.1728 0.13824
0.429982 0.13824 0.515978 0.358318 0.298598 0.515978 0.515978 0.298598 0.515978 0.515978
>categories:
0 0
1 1
>mixtureAssignment:
0 0 0 0 0 0 0 0 0 0 0 0 0 0 0 0 0 0 0 0 0 0 0 0 0 0 0 0 0 0 0 0 0 0 0 0 0 0 0 0 0 0 0 0 0 0 0 0 0 0
0 0 0 0 0 0 0 0 0 0 0 0 0 0 0 0 0 0 0 0 0 0 0 0 0 0 0 0 0 0 0 0 0 0 0 0 0 0 0 0 0 0 0 0 0 0 0 0 0 0
0 0 0 0 0 0 0 0 0 0 0 0 0 0 0 0 0 0 0 0 0 0 0 0 0 0 0 0 0 0 0 0 0 0 0 0 0 0 0 0 0 0 0 0 0 0 0 0 0 0
0 0 0 0 0 0 0 0 0 0 0 0 0 0 0 0 0 0 0 0 0 0 0 0 0 0 0 0 0 0 0 0 0 0 0 0 0 0 0 0 0 0 0 0 0 0 0 0 0 0
0 0 0 0 0 0 0 0 0 0 0 0 0 0 0 0 0 0 0 0 0 0 0 0 0 0 0 0 0 0 0 0 0 0 0 0 0 0 0 0 0 0 0 0 0 0 0 0 0 0
0 0 0 0 0 0 0 0 0 0 0 0 0 0 0 0 0 0 0 0 0 0 0 0 0 0 0 0 0 0 0 0 0 0 0 0 0 0 0 0 0 0 0 0 0 0 0 0 0 0
0 0 0 0 0 0 0 0 0 0 0 0 0 0 0 0 0 0 0 0 0 0 0 0 0 0 0 0 0 0 0 0 0 0 0 0 0 0 0 0 0 0 0 0 0 0 0 0 0 0
0 0 0 0 0 0 0 0 0 0 0 0 0 0 0 0 0 0 0 0 0 0 0 0 0 0 0 0 0 0 0 0 0 0 0 0 0 0 0 0 0 0 0 0 0 0 0 0 0 0
0 0 0 0 0 0 0 0 0 0 0 0 0 0 0 0 0 0 0 0 0 0 0 0 0 0 0 0 0 0 0 0 0 0 0 0 0 0 0 0 0 0 0 0 0 0 0 0 0 0
0 0 0 0 0 0 0 0 0 0 0 0 0 0 0 0 0 0 0 0 0 0 0 0 0 0 0 0 0 0 0 0 0 0 0 0 0 0 0 0 0 0 0 0 0 0 0 0 0 0
1 1 1 1 1 1 1 1 1 1 1 1 1 1 1 1 1 1 1 1 1 1 1 1 1 1 1 1 1 1 1 1 1 1 1 1 1 1 1 1 1 1 1 1 1 1 1 1 1 1
1 1 1 1 1 1 1 1 1 1 1 1 1 1 1 1 1 1 1 1 1 1 1 1 1 1 1 1 1 1 1 1 1 1 1 1 1 1 1 1 1 1 1 1 1 1 1 1 1 1
1 1 1 1 1 1 1 1 1 1 1 1 1 1 1 1 1 1 1 1 1 1 1 1 1 1 1 1 1 1 1 1 1 1 1 1 1 1 1 1 1 1 1 1 1 1 1 1 1 1
1 1 1 1 1 1 1 1 1 1 1 1 1 1 1 1 1 1 1 1 1 1 1 1 1 1 1 1 1 1 1 1 1 1 1 1 1 1 1 1 1 1 1 1 1 1 1 1 1 1
1 1 1 1 1 1 1 1 1 1 1 1 1 1 1 1 1 1 1 1 1 1 1 1 1 1 1 1 1 1 1 1 1 1 1 1 1 1 1 1 1 1 1 1 1 1 1 1 1 1
1 1 1 1 1 1 1 1 1 1 1 1 1 1 1 1 1 1 1 1 1 1 1 1 1 1 1 1 1 1 1 1 1 1 1 1 1 1 1 1 1 1 1 1 1 1 1 1 1 1
1 1 1 1 1 1 1 1 1 1 1 1 1 1 1 1 1 1 1 1 1 1 1 1 1 1 1 1 1 1 1 1 1 1 1 1 1 1 1 1 1 1 1 1 1 1 1 1 1 1
1 1 1 1 1 1 1 1 1 1 1 1 1 1 1 1 1 1 1 1 1 1 1 1 1 1 1 1 1 1 1 1 1 1 1 1 1 1 1 1 1 1 1 1 1 1 1 1 1 1
1 1 1 1 1 1 1 1 1 1 1 1 1 1 1 1 1 1 1 1 1 1 1 1 1 1 1 1 1 1 1 1 1 1 1 1 1 1 1 1 1 1 1 1 1 1 1 1 1 1
1 1 1 1 1 1 1 1 1 1 1 1 1 1 1 1 1 1 1 1 1 1 1 1 1 1 1 1 1 1 1 1 1 1 1 1 1 1 1 1 1 1 1 1 1 1 1 1 1 1
>numMutationCategories:
2
>numSelectionCategories:
2
>categoryProbabilities:
0.515312 0.484688 
>selectionIsInMixture:
***
0 
***
1 
>mutationIsInMixture:
***
0 
***
1 
>currentSynthesisRateLevel:
***
0.407651 1.20748 0.566561 0.777686 1.25956 0.811305 0.094151 0.423929 0.784442 0.278262
1.81062 0.277898 0.198839 0.750313 0.476111 2.19075 0.295297 0.0961176 0.71513 1.25508
0.382312 0.544924 1.15158 1.15142 1.07177 0.153973 0.420396 0.429333 0.0999329 1.03798
0.321457 0.17239 2.68547 1.1804 1.0334 1.54665 0.175733 1.25173 2.31368 2.27751
0.432722 0.927157 0.608237 0.213125 1.95209 0.669972 2.58955 0.385259 0.963777 3.20532
0.0944146 0.724244 0.224531 0.363215 0.207572 1.10799 0.610568 1.87548 0.480315 0.327482
0.785311 0.189592 0.405098 0.445442 0.230661 0.831769 1.04637 0.303049 0.129403 0.24772
0.235958 0.400336 0.344635 0.585865 1.21306 0.795792 0.553685 0.277762 0.403152 0.067713
0.624191 0.288146 2.42418 0.637689 0.130616 1.51136 0.993463 0.576226 0.396345 2.14444
1.04707 0.0691643 0.140524 0.477018 3.0879 1.92314 0.317734 0.13293 0.393633 0.651389
0.214016 0.266448 0.741243 0.302765 1.39161 2.36082 3.92599 0.804711 1.49695 1.78053
3.32118 3.21478 0.231247 0.878677 0.636369 0.241421 0.947725 0.197937 0.0583562 0.313618
2.69726 1.76756 1.2142 0.243413 0.468484 0.444114 0.801809 0.305015 2.28017 0.18302
0.17925 0.240937 0.400391 0.740387 0.346831 3.20592 1.24473 0.140607 1.72654 0.0912225
2.28219 0.419779 0.54151 0.916988 0.397996 0.246797 0.206503 1.21637 0.27422 1.96221
0.0350821 0.267661 0.12057 1.65319 2.21387 0.483747 0.210135 0.318353 2.34178 1.66985
1.52179 0.323338 1.18818 0.495703 0.496493 0.702088 0.251236 1.33296 0.270355 0.305232
0.817535 3.14489 0.197238 1.41574 0.368176 2.65578 0.341557 1.42559 0.0263505 0.176359
1.79173 1.9151 0.297436 0.0576489 4.13745 0.134956 0.315084 0.761124 4.23018 3.60443
0.752977 1.41293 0.414929 0.789644 0.779223 0.255277 0.279204 3.64284 0.144411 0.232108
1.12099 0.401864 1.01327 0.600036 0.333124 0.289268 0.756678 2.79597 0.850851 1.81164
1.09144 0.679536 0.0870178 1.78559 0.567428 1.274 1.179 1.6603 0.806659 0.0240588
0.479793 0.730105 0.77677 0.212063 1.16155 0.844387 0.165592 0.335861 0.673518 0.171688
0.471395 2.08082 0.0796289 1.19971 1.96514 1.65473 0.809391 0.412478 0.197203 0.0387804
0.428427 1.00531 0.881751 1.09278 0.187789 0.52131 0.981531 0.289037 0.163596 0.137887
0.1726 0.581245 0.187997 0.447533 0.663887 0.950049 0.529423 0.606638 0.0959396 2.70135
0.229021 0.241016 0.813026 0.494846 1.82009 0.588001 0.866851 0.732894 0.224575 3.25156
1.29377 2.28834 0.501261 0.0804026 0.131764 0.131291 0.690416 0.274302 0.370288 0.671926
0.541432 2.33507 0.201296 0.818618 0.0698092 0.902695 0.0276795 0.605257 0.412203 0.94268
0.251002 0.583282 0.23819 3.18418 0.0890653 2.53073 0.158417 2.00067 0.398568 0.185654
1.57467 0.138412 0.811456 0.698655 2.35555 1.39975 4.36906 0.226373 0.142131 2.58817
0.561954 2.83014 0.693057 0.238137 0.0468062 0.824363 0.850414 0.163798 1.48899 0.322831
2.8282 0.26459 0.449504 0.231596 0.0400553 0.127985 0.322063 0.53051 3.4213 0.13661
0.159887 1.48633 1.42218 0.329792 0.28016 0.638506 1.14768 0.371081 0.368988 2.80886
1.28774 0.685871 0.713425 0.134935 1.23472 0.491623 0.0899574 3.6571 0.236797 1.64074
0.527328 0.088256 0.515983 0.373108 0.753094 1.15473 0.748689 0.286648 0.389166 0.255554
0.364724 1.109 1.18357 0.519426 0.254323 0.462612 2.23226 3.40929 1.44741 0.189714
0.395024 0.177874 1.06133 0.71447 1.54716 0.277708 0.780157 0.329721 0.406344 0.338322
1.69429 1.72913 0.38472 5.74205 0.440881 0.789845 0.0481478 0.244717 1.07468 1.32588
0.514004 0.254071 1.06803 0.461286 0.182469 1.96437 9.00315 0.509201 0.556626 1.092
0.957364 0.650186 2.96619 1.60586 0.0952109 0.698373 1.04254 0.49276 0.852702 0.222175
0.212119 0.546613 0.195082 0.859103 1.46607 2.55193 0.563806 4.07051 0.430797 1.65543
1.71195 0.239103 0.184563 0.451294 2.08763 0.539254 0.319588 1.1468 0.740075 0.65431
1.29048 0.203377 0.542969 0.378732 1.04191 0.580001 0.596879 0.246669 0.195389 2.29562
0.224777 1.63698 0.427142 1.39027 0.960834 1.51187 0.859886 0.138072 1.06118 0.928204
1.04618 2.53829 0.148912 0.311197 0.420912 1.13176 3.31008 1.22978 1.93288 0.105891
1.03865 1.41044 0.900984 0.507842 0.301869 0.214111 0.410491 0.590838 1.21199 0.461194
0.857054 0.182165 2.01644 1.24838 1.68609 0.0683761 0.632595 0.285731 0.238746 0.882155
12.1906 1.58147 0.489698 0.166937 0.40689 0.788901 1.31576 2.46835 0.438874 0.494271
1.00011 0.454667 1.39155 0.606239 1.67885 0.207481 0.202631 0.540775 0.713349 0.290413
0.0408239 0.0265176 0.0617288 0.0154267 0.0304335 0.0221775 0.0612744 0.138053 0.0472977 0.0261806
0.0342427 0.0648091 0.0169884 0.0157726 0.0623293 0.0327466 0.0545652 0.0202904 0.0409123 0.00688555
0.0226768 0.062477 0.146302 0.0495733 0.0244666 0.0258404 0.0148041 0.0369321 0.0773276 0.0457632
0.0401705 0.0560523 0.0852106 0.0441768 0.071089 0.0158041 0.0121095 0.0122989 0.0100411 0.0438891
0.0317722 0.0776099 0.00971659 0.0382805 0.0174151 0.085341 0.0146058 0.0201618 0.0362568 0.0171678
0.00636678 0.0297382 0.0431293 0.0230106 0.0765667 0.040406 0.0433874 0.0603378 0.0301483 0.0354127
0.0065758 0.0175583 0.00876146 0.0388746 0.0211084 0.0496247 0.0216007 0.058226 0.0208815 0.0258967
0.0357415 0.0627802 0.0332077 0.0517155 0.0402719 0.042211 0.0348751 0.0325201 0.0451563 0.0112221
0.0535662 0.0236997 0.0276398 0.0144206 0.0151824 0.0842885 0.012007 0.0783813 0.0218759 0.109736
0.0371641 0.0994143 0.0430298 0.036814 0.0304875 0.00745531 0.00502778 0.0280104 0.0746598 0.0218807
0.00798962 0.0373423 0.0464659 0.0718649 0.0908653 0.0323052 0.0230599 0.0173519 0.0375712 0.11262
0.043685 0.00794799 0.0227536 0.0225008 0.13261 0.0131771 0.0929899 0.035401 0.0442075 0.0335651
0.0171739 0.0499192 0.00801025 0.0221822 0.037008 0.0368319 0.0539075 0.0650573 0.0499908 0.062253
0.116569 0.0335488 0.0449836 0.0414174 0.0219294 0.0510144 0.0259422 0.0106701 0.0601979 0.0190086
0.216826 0.00850517 0.0203214 0.0131064 0.0477286 0.0127139 0.00950024 0.0224177 0.0443278 0.042131
0.0364727 0.0279546 0.0383295 0.050249 0.0346203 0.0239698 0.0242732 0.0299521 0.0351583 0.0254205
0.0485839 0.0135253 0.0488335 0.0338398 0.0123931 0.0330813 0.0136955 0.0297191 0.0597401 0.0160973
0.0271097 0.0390936 0.0613345 0.1258 0.0544619 0.0823974 0.02424 0.0711412 0.0192719 0.036867
0.0244512 0.0145645 0.0102033 0.0522152 0.0738965 0.00977681 0.0236292 0.00975233 0.0540981 0.0217119
0.0308445 0.0295981 0.0171479 0.00839984 0.018774 0.0134007 0.0228742 0.068908 0.0840619 0.00774718
0.0151148 0.0167699 0.00680609 0.0295023 0.0256538 0.0244594 0.0361936 0.0152386 0.0191041 0.038789
0.019046 0.0176863 0.0581957 0.0362901 0.0312908 0.0498349 0.0194433 0.029576 0.0280236 0.115021
0.0193983 0.0239656 0.00845205 0.0182529 0.0168517 0.015081 0.131542 0.138002 0.0196174 0.0761623
0.0330878 0.0425849 0.0229658 0.059281 0.0212206 0.0122 0.0109864 0.0264222 0.050729 0.0475293
0.113293 0.0772297 0.0349131 0.0232523 0.0081328 0.0300797 0.0235197 0.0256022 0.0262328 0.0214418
0.0349429 0.0480163 0.05317 0.0559105 0.0277365 0.0115583 0.018044 0.0114798 0.0334486 0.0220247
0.0192447 0.020917 0.0180473 0.0400028 0.0286261 0.0393222 0.0239119 0.0499826 0.0860722 0.0424419
0.0389854 0.0361011 0.0308865 0.0239935 0.0156187 0.0185929 0.0202426 0.00638249 0.0306797 0.0684036
0.105192 0.0446654 0.0394165 0.0584532 0.023436 0.0126577 0.0360458 0.0670597 0.0299118 0.0330289
0.05864 0.01969 0.0335736 0.0362431 0.0236495 0.0442816 0.0334938 0.0265246 0.118333 0.046987
0.0131119 0.00925912 0.0833406 0.0724808 0.041313 0.0275111 0.0127246 0.0097381 0.0150985 0.011002
0.0114549 0.0346434 0.04884 0.0287879 0.0623558 0.0105485 0.0401809 0.0106091 0.0277866 0.0144357
0.0349707 0.0151988 0.0209028 0.0150789 0.0288018 0.0106646 0.023441 0.0102878 0.0265406 0.0146881
0.0179317 0.0239467 0.0443116 0.0251416 0.0537734 0.0273925 0.0768772 0.0208466 0.0361903 0.0145263
0.0621077 0.0359954 0.0465398 0.0559514 0.0234999 0.0669576 0.0764006 0.044865 0.0999107 0.0694982
0.0500623 0.0231154 0.0245931 0.0226336 0.023348 0.0533197 0.0165652 0.0294111 0.013262 0.0332883
0.0262888 0.0296926 0.0194953 0.0153749 0.0618651 0.0418586 0.0757281 0.0297705 0.0958876 0.0189863
0.0150737 0.0296539 0.0253449 0.0157321 0.0103233 0.0355648 0.0298193 0.0235595 0.0779664 0.0138359
0.0474999 0.0106698 0.029269 0.0168227 0.0149391 0.0743024 0.02672 0.0687505 0.0159348 0.0332272
0.0392242 0.0875379 0.0313585 0.0267614 0.160899 0.00919111 0.0226523 0.0221431 0.0076031 0.0192125
0.0181543 0.0368599 0.0217994 0.0437766 0.0164511 0.0471762 0.0170138 0.0145642 0.0805571 0.0365416
0.0245653 0.0153695 0.0271279 0.0198643 0.0753948 0.0322925 0.00635712 0.0420905 0.0319248 0.0264149
0.0217205 0.0448049 0.0172325 0.0494932 0.0215755 0.0172485 0.0262522 0.10803 0.088102 0.023608
0.0313269 0.0199377 0.00662105 0.0629126 0.0215457 0.0237162 0.0466517 0.0241411 0.0693146 0.0410902
0.0493792 0.0603356 0.00763463 0.0202126 0.0476988 0.0438608 0.0673657 0.0154205 0.0234638 0.0469296
0.0659582 0.0220939 0.0659129 0.0306728 0.0297119 0.0382166 0.0276946 0.0152051 0.0391764 0.0777209
0.0202241 0.0487361 0.0243731 0.0532021 0.0791321 0.00664387 0.0568409 0.0142491 0.045643 0.0270172
0.0689954 0.0613101 0.0461477 0.0164376 0.0231132 0.020018 0.0502651 0.0224246 0.0121308 0.0121663
0.0582813 0.0532535 0.0356252 0.052534 0.0310376 0.019359 0.0487456 0.0262626 0.0277327 0.00757647
0.0130763 0.0203653 0.00976141 0.0672311 0.0159256 0.031998 0.0167375 0.0380416 0.037879 0.00857932
***
0.0997526 0.137969 0.0870753 0.0599837 0.173071 0.108344 0.0247337 0.0294398 0.0636129 0.0458931
0.0986405 0.0288697 0.0516038 0.0248802 0.0370692 0.188223 0.0216194 0.00659011 0.0891065 0.0300505
0.0754977 0.0277506 0.283914 0.202096 0.172369 0.00916889 0.0746231 0.0453355 0.0197251 0.239411
0.018709 0.0640687 0.104802 0.0960036 0.04938 0.0884476 0.0773772 0.0111131 0.142094 0.0697468
0.0336343 0.0703005 0.0258388 0.0349322 0.0660221 0.0871398 0.375686 0.0687773 0.11272 0.200222
0.0175033 0.0290567 0.0630751 0.0190658 0.0498689 0.129556 0.0374785 0.215828 0.14077 0.167007
0.0456371 0.0249805 0.0339644 0.0284353 0.0323055 0.100245 0.0369185 0.0630235 0.0291599 0.0280559
0.0256448 0.0745284 0.0585463 0.112839 0.0961569 0.0459521 0.0834624 0.030087 0.123294 0.0283014
0.039955 0.0603069 0.260347 0.0530206 0.0298261 0.169079 0.074075 0.0405185 0.0298851 0.193733
0.624515 0.0639529 0.0396498 0.0956356 0.287599 0.149245 0.0364807 0.0367829 0.168214 0.0159845
0.0403193 0.0715937 0.125757 0.0291957 0.0340658 0.543581 0.517243 0.0427258 0.139544 0.175279
0.263625 0.3339 0.051685 0.0409687 0.0407969 0.0382155 0.0123917 0.109086 0.0244873 0.0188228
0.283288 0.0677796 0.126622 0.0321675 0.0551861 0.0646334 0.0166316 0.0485195 0.28027 0.0372121
0.0507829 0.0127036 0.153316 0.0358409 0.035188 0.0585666 0.0413656 0.0147529 0.113322 0.0298701
0.157611 0.0547914 0.0253921 0.120508 0.0378542 0.0416901 0.135632 0.0782635 0.0832361 0.13054
0.0337904 0.0318095 0.0369204 0.162586 0.205275 0.0151514 0.0440224 0.0950297 0.0657061 0.149425
0.140071 0.00474431 0.142085 0.0330604 0.0398006 0.0716972 0.23516 0.0592391 0.0264095 0.0323542
0.0291281 0.361747 0.0203204 0.115067 0.0342724 0.423877 0.0569541 0.0652133 0.0151122 0.0383771
0.0740172 0.231201 0.0403537 0.0144501 0.711685 0.0330029 0.0370277 0.0648537 0.309446 0.312386
0.0751126 0.0751477 0.0156717 0.060737 0.0325117 0.0686953 0.030673 0.468703 0.0219811 0.0252102
0.0718912 0.0352715 0.113561 0.0809866 0.0294563 0.0452815 0.211164 0.209687 0.131579 0.0725035
0.0744003 0.0650336 0.0321853 0.255345 0.0571382 0.246925 0.21861 0.0699617 0.124725 0.0652769
0.101354 0.0286084 0.051601 0.0374242 0.0848513 0.136216 0.0322647 0.223952 0.0405704 0.0393417
0.0434256 0.179851 0.0693343 0.050864 0.164588 0.0624293 0.128385 0.038538 0.0244946 0.0270641
0.0330225 0.124707 0.230131 0.0405484 0.0565171 0.0182369 0.0925502 0.0116375 0.0516482 0.0383332
0.057901 0.0718421 0.0280287 0.0591955 0.112161 0.0902062 0.0417986 0.043363 0.0630515 0.265559
0.0242622 0.00965253 0.019542 0.0541799 0.213001 0.0408037 0.0405619 0.0320068 0.012073 0.324243
0.092312 0.205437 0.0133408 0.0248857 0.0372466 0.0829824 0.0530731 0.0203391 0.0468994 0.0497851
0.0155007 0.20142 0.0813963 0.0378467 0.0371297 0.0508624 0.0116944 0.0957887 0.0792667 0.0301867
0.0214524 0.0168743 0.12166 0.209566 0.023235 0.387157 0.0198472 0.241922 0.0154084 0.103363
0.26773 0.0326444 0.0333384 0.207113 0.040984 0.0470536 0.354198 0.0194392 0.0499242 0.125403
0.222015 0.266644 0.0603565 0.0281935 0.094441 0.0645531 0.0595863 0.0807446 0.140447 0.0446631
0.198864 0.133077 0.0472151 0.0199118 0.0578063 0.00706451 0.0340787 0.0701586 0.345951 0.0074616
0.0268511 0.227575 0.137263 0.0327298 0.111417 0.0374226 0.151423 0.0551333 0.0215095 0.481348
0.247906 0.0426965 0.0676515 0.0166792 0.221676 0.0920683 0.0164762 0.272023 0.0399148 0.172405
0.00979033 0.0953508 0.157937 0.0490968 0.101666 0.107569 0.0954821 0.108411 0.11912 0.0329082
0.0247823 0.126847 0.136998 0.0882257 0.0942769 0.0570053 0.415799 0.386686 0.0779853 0.0191848
0.0367993 0.0422912 0.0355807 0.0465949 0.125799 0.0478998 0.0822448 0.0598843 0.0315104 0.0909046
0.234981 0.0326236 0.0252001 0.229576 0.0553651 0.183303 0.0649891 0.0686937 0.138153 0.0669288
0.089746 0.0259355 0.0689386 0.0189761 0.0861737 0.236251 0.578144 0.0155181 0.0603372 0.101685
0.0791708 0.0255347 0.311343 0.132476 0.037773 0.0650915 0.0268271 0.0641782 0.0946583 0.0304216
0.0579178 0.0189796 0.023275 0.0633544 0.211143 0.20224 0.0244887 0.43865 0.118248 0.212954
0.542703 0.0467822 0.0164555 0.04994 0.15286 0.0347882 0.0396051 0.059925 0.103083 0.0662252
0.120178 0.0138853 0.129883 0.0208206 0.129458 0.0413763 0.07083 0.0859414 0.0326748 0.146197
0.0244453 0.0567164 0.0621991 0.411621 0.0171973 0.536882 0.196376 0.0278573 0.0144077 0.0611185
0.154341 0.273816 0.0138763 0.0607274 0.0478211 0.193529 0.280544 0.0873861 0.302307 0.0165131
0.0259637 0.0893042 0.0269184 0.0195356 0.0916686 0.0626037 0.0201491 0.0868238 0.322081 0.0222309
0.0450226 0.0421393 0.306826 0.0342574 0.211738 0.0572712 0.0312932 0.0255149 0.0425412 0.0853047
0.554515 0.174844 0.0843468 0.0281208 0.0351674 0.337507 0.0728204 0.069278 0.0620847 0.0772793
0.0367657 0.138501 0.108427 0.0345345 0.0436889 0.0890246 0.0201166 0.0725519 0.10673 0.0137816
0.529517 5.33254 2.68441 2.14777 1.50239 0.371095 1.37134 0.319344 0.973791 1.64775
2.89155 0.344718 3.26846 0.334546 0.665915 1.07018 0.686464 0.417104 1.86795 0.946029
0.848058 0.529181 5.60138 0.6468 0.125877 0.49236 0.682656 1.48844 0.286254 1.19185
6.71303 0.133525 0.357624 1.33684 0.882498 0.606123 0.415322 0.422326 10.4736 2.15887
0.269274 2.13421 1.27021 1.61347 0.106294 1.49617 1.12369 1.14845 1.41761 0.28594
1.72791 0.250023 1.68498 0.433723 1.80705 6.55284 0.392928 0.188235 1.66807 0.45647
0.096444 2.80519 0.125508 4.94757 1.34972 0.0799195 0.517002 3.05607 6.42605 2.47878
1.34017 0.531608 1.77727 1.62326 0.703802 0.946949 0.598651 0.518504 0.0586245 0.872252
2.47947 0.196738 0.260639 0.057734 0.298357 0.996632 0.428293 0.647439 2.8384 1.44635
0.0430572 1.65409 0.257886 2.30871 2.24048 0.87825 0.0633208 4.44248 0.0803642 0.114784
0.652564 0.407372 0.934317 0.162776 0.85032 3.73654 0.755544 1.10976 0.327784 1.50323
1.32755 2.13318 0.59944 0.969123 2.02274 0.365533 0.573431 5.83984 5.96063 0.293178
6.8128 0.419241 6.73153 1.45681 1.53598 0.363179 1.36316 2.11476 0.76503 0.349144
0.177181 0.865121 1.93469 1.53486 1.34468 0.713724 2.93236 0.0937612 1.56126 0.209808
1.07917 4.33626 1.05746 1.58715 0.474863 0.13818 0.39854 0.78272 1.8942 1.08638
0.0325957 0.206533 2.74748 0.597394 2.46456 1.38214 3.20657 1.68817 1.01557 3.55731
0.519218 1.22874 1.71912 0.241641 0.357911 3.33587 0.532538 0.076283 1.85319 0.0774375
1.77073 0.588067 2.07278 0.291453 0.645664 2.50729 0.396883 1.19009 0.243033 0.167127
1.14469 0.162515 4.55132 0.671405 0.50693 1.02611 1.29757 0.817705 0.302877 0.877615
0.357242 1.98849 3.43091 0.230567 2.15533 4.00041 0.44689 2.89934 6.15411 0.427361
0.252122 1.22007 0.0610224 1.22337 1.43315 1.70313 1.17746 3.78909 0.615484 0.582737
2.1436 1.71679 6.11434 3.22761 0.116304 1.01622 8.08828 1.25305 0.409392 0.855305
1.26129 0.105573 0.893601 0.311112 0.0234566 0.493541 3.36834 1.51422 1.85924 0.275588
1.30256 1.5574 1.80676 0.134296 2.85056 0.610247 0.0905279 0.685136 0.566805 0.525925
0.123282 0.693976 1.4442 0.138079 0.329311 1.20916 0.256778 4.12147 0.632234 0.314398
0.613426 1.11122 0.768233 2.38034 1.73383 0.618783 9.59375 0.395328 0.154258 0.286176
1.17199 0.793762 8.42913 35.6195 1.09975 6.4032 0.164174 1.84894 9.04667 0.298202
4.0019 0.36276 3.11569 1.80404 0.548124 0.756908 0.761559 0.780103 0.943932 0.864808
0.634589 2.36437 0.292607 1.85663 2.78776 9.70336 3.60058 2.60062 6.11964 0.908459
1.39699 0.440399 1.46082 0.857753 1.50881 1.12933 0.411676 1.03655 0.80505 0.593413
0.430915 1.04424 2.2218 2.11632 1.79964 0.324967 0.996508 0.323627 1.62783 16.8088
0.245657 5.40125 0.960632 0.0681813 0.8074 1.59401 1.57563 8.78609 1.46597 1.17432
0.339209 0.10783 0.363434 0.203001 1.21255 0.130665 0.504609 0.334366 3.61652 0.280772
0.364396 0.0556735 0.149295 0.736685 1.76849 2.62333 1.37019 1.00033 0.673573 0.849341
0.257508 0.372265 1.49664 2.56487 0.318708 1.00438 0.0766965 0.580881 0.272061 1.56193
0.600208 3.2731 0.0934326 0.29461 0.816499 0.25646 0.548684 0.463165 0.472508 0.674517
7.37631 0.141138 0.418956 2.23449 0.147618 1.32456 1.36434 3.17821 1.55593 1.34014
0.401248 0.651267 0.465122 1.70249 0.0852884 0.817792 1.57469 0.908389 1.06888 17.0406
1.92249 0.0334618 0.489689 0.180636 0.636188 0.825136 0.186384 0.977781 1.01235 0.40142
0.12761 0.716428 2.19151 0.171416 1.42097 4.0603 2.93412 0.245134 1.17665 1.74374
0.423989 1.91648 5.60479 1.21249 0.648935 0.466484 9.46998 0.599854 0.0672913 0.379005
1.00132 0.412162 0.91662 3.31235 2.0836 1.17946 5.15223 1.09845 0.503322 0.56179
0.547343 4.12359 0.856543 0.0757619 2.57287 0.109237 0.185714 2.65191 0.293763 0.514348
0.827476 0.441685 4.28239 0.195158 0.169123 2.15129 0.353399 0.688239 1.084 0.949885
0.835708 2.08462 1.77463 0.414209 0.537117 0.100378 1.07106 6.68766 1.82144 0.225803
4.34693 3.38098 2.48389 1.51706 0.783761 1.76092 1.20327 0.0909958 1.21146 2.3894
0.44779 0.165737 0.269976 0.659227 0.864948 0.0600171 1.48497 1.8263 0.0756263 1.0358
2.44444 1.75569 0.867085 0.572466 0.532539 0.508019 2.34916 0.110914 0.571479 0.639052
0.403562 7.74723 0.0867694 1.96266 0.456561 4.15487 4.80094 1.10122 1.94452 3.75806
0.680412 4.60328 0.115233 4.24307 0.999731 0.218203 0.454908 4.66741 0.264629 0.453498
>covarianceMatrix:
A
0.000120893	0	0	0	0	0	0	0	0	0	0	0	
0	0.000120893	0	0	0	0	0	0	0	0	0	0	
0	0	0.000120893	0	0	0	0	0	0	0	0	0	
0	0	0	0.000120893	0	0	0	0	0	0	0	0	
0	0	0	0	0.000120893	0	0	0	0	0	0	0	
0	0	0	0	0	0.000120893	0	0	0	0	0	0	
0	0	0	0	0	0	0.000120893	0	0	0	0	0	
0	0	0	0	0	0	0	0.000120893	0	0	0	0	
0	0	0	0	0	0	0	0	0.000120893	0	0	0	
0	0	0	0	0	0	0	0	0	0.000120893	0	0	
0	0	0	0	0	0	0	0	0	0	0.000120893	0	
0	0	0	0	0	0	0	0	0	0	0	0.000120893	
***
>covarianceMatrix:
C
0.00671089	0	0	0	
0	0.00671089	0	0	
0	0	0.00671089	0	
0	0	0	0.00671089	
***
>covarianceMatrix:
D
0.00671089	0	0	0	
0	0.00671089	0	0	
0	0	0.00671089	0	
0	0	0	0.00671089	
***
>covarianceMatrix:
E
0.00671089	0	0	0	
0	0.00671089	0	0	
0	0	0.00671089	0	
0	0	0	0.00671089	
***
>covarianceMatrix:
F
0.00671089	0	0	0	
0	0.00671089	0	0	
0	0	0.00671089	0	
0	0	0	0.00671089	
***
>covarianceMatrix:
G
0.000120893	0	0	0	0	0	0	0	0	0	0	0	
0	0.000120893	0	0	0	0	0	0	0	0	0	0	
0	0	0.000120893	0	0	0	0	0	0	0	0	0	
0	0	0	0.000120893	0	0	0	0	0	0	0	0	
0	0	0	0	0.000120893	0	0	0	0	0	0	0	
0	0	0	0	0	0.000120893	0	0	0	0	0	0	
0	0	0	0	0	0	0.000120893	0	0	0	0	0	
0	0	0	0	0	0	0	0.000120893	0	0	0	0	
0	0	0	0	0	0	0	0	0.000120893	0	0	0	
0	0	0	0	0	0	0	0	0	0.000120893	0	0	
0	0	0	0	0	0	0	0	0	0	0.000120893	0	
0	0	0	0	0	0	0	0	0	0	0	0.000120893	
***
>covarianceMatrix:
H
0.00671089	0	0	0	
0	0.00671089	0	0	
0	0	0.00671089	0	
0	0	0	0.00671089	
***
>covarianceMatrix:
I
0.00090072	0	0	0	0	0	0	0	
0	0.00090072	0	0	0	0	0	0	
0	0	0.00090072	0	0	0	0	0	
0	0	0	0.00090072	0	0	0	0	
0	0	0	0	0.00090072	0	0	0	
0	0	0	0	0	0.00090072	0	0	
0	0	0	0	0	0	0.00090072	0	
0	0	0	0	0	0	0	0.00090072	
***
>covarianceMatrix:
K
0.00671089	0	0	0	
0	0.00671089	0	0	
0	0	0.00671089	0	
0	0	0	0.00671089	
***
>covarianceMatrix:
L
0.00015402	0	0	0	0	0	0	0	0	0	0	0	0	0	0	0	0	0	0	0	
0	0.00015402	0	0	0	0	0	0	0	0	0	0	0	0	0	0	0	0	0	0	
0	0	0.00015402	0	0	0	0	0	0	0	0	0	0	0	0	0	0	0	0	0	
0	0	0	0.00015402	0	0	0	0	0	0	0	0	0	0	0	0	0	0	0	0	
0	0	0	0	0.00015402	0	0	0	0	0	0	0	0	0	0	0	0	0	0	0	
0	0	0	0	0	0.00015402	0	0	0	0	0	0	0	0	0	0	0	0	0	0	
0	0	0	0	0	0	0.00015402	0	0	0	0	0	0	0	0	0	0	0	0	0	
0	0	0	0	0	0	0	0.00015402	0	0	0	0	0	0	0	0	0	0	0	0	
0	0	0	0	0	0	0	0	0.00015402	0	0	0	0	0	0	0	0	0	0	0	
0	0	0	0	0	0	0	0	0	0.00015402	0	0	0	0	0	0	0	0	0	0	
0	0	0	0	0	0	0	0	0	0	0.00015402	0	0	0	0	0	0	0	0	0	
0	0	0	0	0	0	0	0	0	0	0	0.00015402	0	0	0	0	0	0	0	0	
0	0	0	0	0	0	0	0	0	0	0	0	0.00015402	0	0	0	0	0	0	0	
0	0	0	0	0	0	0	0	0	0	0	0	0	0.00015402	0	0	0	0	0	0	
0	0	0	0	0	0	0	0	0	0	0	0	0	0	0.00015402	0	0	0	0	0	
0	0	0	0	0	0	0	0	0	0	0	0	0	0	0	0.00015402	0	0	0	0	
0	0	0	0	0	0	0	0	0	0	0	0	0	0	0	0	0.00015402	0	0	0	
0	0	0	0	0	0	0	0	0	0	0	0	0	0	0	0	0	0.00015402	0	0	
0	0	0	0	0	0	0	0	0	0	0	0	0	0	0	0	0	0	0.00015402	0	
0	0	0	0	0	0	0	0	0	0	0	0	0	0	0	0	0	0	0	0.00015402	
***
>covarianceMatrix:
M

***
>covarianceMatrix:
N
0.00671089	0	0	0	
0	0.00671089	0	0	
0	0	0.00671089	0	
0	0	0	0.00671089	
***
>covarianceMatrix:
P
0.000120893	0	0	0	0	0	0	0	0	0	0	0	
0	0.000120893	0	0	0	0	0	0	0	0	0	0	
0	0	0.000120893	0	0	0	0	0	0	0	0	0	
0	0	0	0.000120893	0	0	0	0	0	0	0	0	
0	0	0	0	0.000120893	0	0	0	0	0	0	0	
0	0	0	0	0	0.000120893	0	0	0	0	0	0	
0	0	0	0	0	0	0.000120893	0	0	0	0	0	
0	0	0	0	0	0	0	0.000120893	0	0	0	0	
0	0	0	0	0	0	0	0	0.000120893	0	0	0	
0	0	0	0	0	0	0	0	0	0.000120893	0	0	
0	0	0	0	0	0	0	0	0	0	0.000120893	0	
0	0	0	0	0	0	0	0	0	0	0	0.000120893	
***
>covarianceMatrix:
Q
0.00671089	0	0	0	
0	0.00671089	0	0	
0	0	0.00671089	0	
0	0	0	0.00671089	
***
>covarianceMatrix:
R
5.04691e-05	0	0	0	0	0	0	0	0	0	0	0	0	0	0	0	0	0	0	0	
0	5.04691e-05	0	0	0	0	0	0	0	0	0	0	0	0	0	0	0	0	0	0	
0	0	5.04691e-05	0	0	0	0	0	0	0	0	0	0	0	0	0	0	0	0	0	
0	0	0	5.04691e-05	0	0	0	0	0	0	0	0	0	0	0	0	0	0	0	0	
0	0	0	0	5.04691e-05	0	0	0	0	0	0	0	0	0	0	0	0	0	0	0	
0	0	0	0	0	5.04691e-05	0	0	0	0	0	0	0	0	0	0	0	0	0	0	
0	0	0	0	0	0	5.04691e-05	0	0	0	0	0	0	0	0	0	0	0	0	0	
0	0	0	0	0	0	0	5.04691e-05	0	0	0	0	0	0	0	0	0	0	0	0	
0	0	0	0	0	0	0	0	5.04691e-05	0	0	0	0	0	0	0	0	0	0	0	
0	0	0	0	0	0	0	0	0	5.04691e-05	0	0	0	0	0	0	0	0	0	0	
0	0	0	0	0	0	0	0	0	0	5.04691e-05	0	0	0	0	0	0	0	0	0	
0	0	0	0	0	0	0	0	0	0	0	5.04691e-05	0	0	0	0	0	0	0	0	
0	0	0	0	0	0	0	0	0	0	0	0	5.04691e-05	0	0	0	0	0	0	0	
0	0	0	0	0	0	0	0	0	0	0	0	0	5.04691e-05	0	0	0	0	0	0	
0	0	0	0	0	0	0	0	0	0	0	0	0	0	5.04691e-05	0	0	0	0	0	
0	0	0	0	0	0	0	0	0	0	0	0	0	0	0	5.04691e-05	0	0	0	0	
0	0	0	0	0	0	0	0	0	0	0	0	0	0	0	0	5.04691e-05	0	0	0	
0	0	0	0	0	0	0	0	0	0	0	0	0	0	0	0	0	5.04691e-05	0	0	
0	0	0	0	0	0	0	0	0	0	0	0	0	0	0	0	0	0	5.04691e-05	0	
0	0	0	0	0	0	0	0	0	0	0	0	0	0	0	0	0	0	0	5.04691e-05	
***
>covarianceMatrix:
S
0.000120893	0	0	0	0	0	0	0	0	0	0	0	
0	0.000120893	0	0	0	0	0	0	0	0	0	0	
0	0	0.000120893	0	0	0	0	0	0	0	0	0	
0	0	0	0.000120893	0	0	0	0	0	0	0	0	
0	0	0	0	0.000120893	0	0	0	0	0	0	0	
0	0	0	0	0	0.000120893	0	0	0	0	0	0	
0	0	0	0	0	0	0.000120893	0	0	0	0	0	
0	0	0	0	0	0	0	0.000120893	0	0	0	0	
0	0	0	0	0	0	0	0	0.000120893	0	0	0	
0	0	0	0	0	0	0	0	0	0.000120893	0	0	
0	0	0	0	0	0	0	0	0	0	0.000120893	0	
0	0	0	0	0	0	0	0	0	0	0	0.000120893	
***
>covarianceMatrix:
T
0.000120893	0	0	0	0	0	0	0	0	0	0	0	
0	0.000120893	0	0	0	0	0	0	0	0	0	0	
0	0	0.000120893	0	0	0	0	0	0	0	0	0	
0	0	0	0.000120893	0	0	0	0	0	0	0	0	
0	0	0	0	0.000120893	0	0	0	0	0	0	0	
0	0	0	0	0	0.000120893	0	0	0	0	0	0	
0	0	0	0	0	0	0.000120893	0	0	0	0	0	
0	0	0	0	0	0	0	0.000120893	0	0	0	0	
0	0	0	0	0	0	0	0	0.000120893	0	0	0	
0	0	0	0	0	0	0	0	0	0.000120893	0	0	
0	0	0	0	0	0	0	0	0	0	0.000120893	0	
0	0	0	0	0	0	0	0	0	0	0	0.000120893	
***
>covarianceMatrix:
V
0.000236118	0	0	0	0	0	0	0	0	0	0	0	
0	0.000236118	0	0	0	0	0	0	0	0	0	0	
0	0	0.000236118	0	0	0	0	0	0	0	0	0	
0	0	0	0.000236118	0	0	0	0	0	0	0	0	
0	0	0	0	0.000236118	0	0	0	0	0	0	0	
0	0	0	0	0	0.000236118	0	0	0	0	0	0	
0	0	0	0	0	0	0.000236118	0	0	0	0	0	
0	0	0	0	0	0	0	0.000236118	0	0	0	0	
0	0	0	0	0	0	0	0	0.000236118	0	0	0	
0	0	0	0	0	0	0	0	0	0.000236118	0	0	
0	0	0	0	0	0	0	0	0	0	0.000236118	0	
0	0	0	0	0	0	0	0	0	0	0	0.000236118	
***
>covarianceMatrix:
W

***
>covarianceMatrix:
Y
0.00671089	0	0	0	
0	0.00671089	0	0	
0	0	0.00671089	0	
0	0	0	0.00671089	
***
>covarianceMatrix:
Z
0.00671089	0	0	0	
0	0.00671089	0	0	
0	0	0.00671089	0	
0	0	0	0.00671089	
***
>covarianceMatrix:
X
1	0	0	0	0	0	0	0	
0	1	0	0	0	0	0	0	
0	0	1	0	0	0	0	0	
0	0	0	1	0	0	0	0	
0	0	0	0	1	0	0	0	
0	0	0	0	0	1	0	0	
0	0	0	0	0	0	1	0	
0	0	0	0	0	0	0	1	
***
>std_csp:
0.0134218 0.0134218 0.0134218 0.0134218 0.0134218 0.0134218 0.0134218 0.0134218 0.0134218 0.0134218
0.0134218 0.0134218 0.0134218 0.0134218 0.0314573 0.0314573 0.0314573 0.0314573 0.0314573 0.0134218
0.0134218 0.0134218 0.0134218 0.0134218 0.0251658 0.0251658 0.0251658 0.0251658 0.0251658 0.0134218
0.0134218 0.0134218 0.0134218 0.0134218 0.0134218 0.0167772 0.0167772 0.0167772 0.0134218 0.0134218
>currentMutationParameter:
***
-0.737395 1.75569 -0.886395 0.101223 -1.51746 1.00846 -1.00241 -1.78732 -1.7594 1.00986
0.772874 1.10899 1.83136 1.18918 1.06344 1.62341 0.858331 -1.27476 0.647776 1.34131
-1.59918 1.5139 1.19517 1.67004 1.1152 0.176519 -0.658948 0.183027 -0.76089 0.578139
-0.733769 -0.456334 -0.941842 1.82027 -0.835639 -0.101039 1.71143 0.608015 -0.27158 0.597393
***
0.372163 -1.35923 -1.55507 2.04061 -1.21736 -1.43396 1.44144 -0.510612 -1.07401 -0.594731
1.17381 1.83378 -1.70738 -0.106396 -0.160043 0.192494 0.163711 -0.217415 -0.374403 -1.57554
-1.16534 0.391734 -0.320081 1.63028 -0.803482 0.743053 -0.512129 1.00796 -0.918843 0.761644
-1.07398 -1.75656 0.255707 1.36714 0.553129 0.520642 -1.5939 1.48295 1.10984 1.89871
>currentSelectionParameter:
***
-0.799213 -0.9373 -0.455196 -2.04904 -1.81833 0.282392 1.80319 -1.25176 -0.256521 -0.63622
1.67326 1.42047 0.512384 0.938922 -0.490746 -0.506754 0.792874 -1.85938 -1.79957 0.0527405
-1.23657 0.462639 -1.95029 0.969263 -1.53721 -1.46426 1.66357 1.77645 -1.34385 2.61554
0.184233 0.955137 0.705429 2.47325 -0.608721 1.82273 1.50604 0.43461 -1.64006 0.739707
***
0.528484 0.721393 1.13831 0.84569 1.1282 0.480369 0.0572068 -1.33621 1.07177 -1.15827
0.830173 -0.497149 -0.876148 1.12729 0.350176 -0.430696 0.679114 1.22998 -0.880944 1.17181
0.46142 -0.526966 -0.0776344 -0.47332 -1.23425 -1.54021 -0.641645 0.402521 -0.170711 0.273716
0.498836 -0.321832 0.779802 -0.842409 -0.556202 0.785895 0.0102558 -1.117 -0.181419 1.2405
