>Sphi:
1.08427
>Aphi:
-2.0039
>numParam:
40
>numMixtures:
2
>std_sphi:
0.073728
>std_phi:
***
0.515978 0.298598 0.429982 0.358318 0.298598 0.358318 0.515978 0.515978 0.358318 0.515978
0.515978 0.429982 0.515978 0.429982 0.429982 0.248832 0.429982 0.515978 0.429982 0.298598
0.429982 0.429982 0.515978 0.238879 0.429982 0.515978 0.515978 0.515978 0.515978 0.515978
0.429982 0.515978 0.298598 0.248832 0.248832 0.199066 0.515978 0.286654 0.358318 0.199066
0.358318 0.248832 0.358318 0.515978 0.298598 0.358318 0.358318 0.429982 0.298598 0.429982
0.515978 0.286654 0.515978 0.429982 0.515978 0.238879 0.429982 0.199066 0.515978 0.515978
0.238879 0.515978 0.358318 0.429982 0.515978 0.515978 0.248832 0.515978 0.515978 0.515978
0.358318 0.429982 0.515978 0.515978 0.248832 0.343985 0.286654 0.515978 0.515978 0.515978
0.286654 0.515978 0.199066 0.358318 0.515978 0.20736 0.286654 0.515978 0.515978 0.298598
0.515978 0.515978 0.515978 0.515978 0.248832 0.191103 0.515978 0.515978 0.515978 0.248832
0.515978 0.515978 0.515978 0.515978 0.248832 0.429982 0.358318 0.358318 0.20736 0.286654
0.199066 0.515978 0.515978 0.298598 0.248832 0.515978 0.298598 0.515978 0.515978 0.515978
0.20736 0.229324 0.429982 0.515978 0.515978 0.515978 0.358318 0.515978 0.248832 0.515978
0.515978 0.515978 0.515978 0.358318 0.429982 0.286654 0.20736 0.515978 0.298598 0.515978
0.20736 0.515978 0.358318 0.298598 0.429982 0.515978 0.515978 0.358318 0.515978 0.20736
0.515978 0.515978 0.515978 0.343985 0.20736 0.515978 0.515978 0.515978 0.298598 0.298598
0.248832 0.515978 0.248832 0.429982 0.429982 0.515978 0.515978 0.199066 0.515978 0.515978
0.248832 0.429982 0.515978 0.248832 0.515978 0.286654 0.515978 0.429982 0.515978 0.515978
0.343985 0.248832 0.515978 0.515978 0.298598 0.515978 0.515978 0.358318 0.298598 0.248832
0.429982 0.248832 0.515978 0.286654 0.248832 0.515978 0.515978 0.298598 0.515978 0.515978
0.429982 0.358318 0.248832 0.429982 0.429982 0.515978 0.429982 0.20736 0.358318 0.429982
0.248832 0.358318 0.515978 0.358318 0.298598 0.358318 0.199066 0.358318 0.298598 0.515978
0.515978 0.298598 0.298598 0.515978 0.248832 0.298598 0.515978 0.515978 0.515978 0.515978
0.358318 0.248832 0.515978 0.248832 0.298598 0.298598 0.358318 0.515978 0.515978 0.515978
0.429982 0.298598 0.298598 0.298598 0.515978 0.429982 0.298598 0.515978 0.515978 0.515978
0.515978 0.358318 0.515978 0.515978 0.358318 0.429982 0.429982 0.515978 0.515978 0.286654
0.515978 0.515978 0.429982 0.515978 0.20736 0.515978 0.298598 0.358318 0.515978 0.248832
0.515978 0.358318 0.515978 0.515978 0.515978 0.515978 0.286654 0.515978 0.515978 0.358318
0.358318 0.429982 0.515978 0.298598 0.515978 0.429982 0.515978 0.515978 0.515978 0.248832
0.515978 0.515978 0.515978 0.248832 0.515978 0.248832 0.515978 0.238879 0.515978 0.515978
0.429982 0.515978 0.429982 0.429982 0.248832 0.298598 0.358318 0.515978 0.515978 0.515978
0.515978 0.20736 0.358318 0.515978 0.515978 0.248832 0.515978 0.515978 0.298598 0.515978
0.286654 0.515978 0.429982 0.515978 0.515978 0.515978 0.515978 0.515978 0.298598 0.515978
0.515978 0.515978 0.20736 0.515978 0.515978 0.298598 0.358318 0.515978 0.429982 0.286654
0.515978 0.515978 0.429982 0.515978 0.298598 0.429982 0.515978 0.429982 0.515978 0.358318
0.298598 0.515978 0.515978 0.515978 0.298598 0.515978 0.515978 0.515978 0.515978 0.515978
0.515978 0.515978 0.298598 0.515978 0.515978 0.358318 0.515978 0.298598 0.191103 0.515978
0.515978 0.515978 0.429982 0.358318 0.248832 0.429982 0.358318 0.515978 0.429982 0.515978
0.165888 0.298598 0.515978 0.429982 0.515978 0.515978 0.515978 0.515978 0.298598 0.238879
0.358318 0.515978 0.343985 0.358318 0.515978 0.248832 0.298598 0.358318 0.358318 0.358318
0.298598 0.429982 0.20736 0.199066 0.515978 0.286654 0.20736 0.429982 0.298598 0.515978
0.515978 0.358318 0.515978 0.429982 0.20736 0.20736 0.429982 0.248832 0.429982 0.238879
0.515978 0.515978 0.515978 0.343985 0.248832 0.429982 0.515978 0.358318 0.429982 0.515978
0.298598 0.515978 0.515978 0.429982 0.248832 0.429982 0.358318 0.515978 0.515978 0.20736
0.515978 0.515978 0.515978 0.515978 0.248832 0.515978 0.515978 0.515978 0.358318 0.515978
0.429982 0.429982 0.515978 0.429982 0.358318 0.515978 0.238879 0.429982 0.358318 0.515978
0.238879 0.20736 0.298598 0.358318 0.515978 0.515978 0.429982 0.429982 0.515978 0.429982
0.286654 0.515978 0.286654 0.515978 0.429982 0.515978 0.358318 0.429982 0.515978 0.298598
0.429982 0.199066 0.429982 0.515978 0.515978 0.429982 0.358318 0.358318 0.429982 0.515978
0.238879 0.515978 0.429982 0.298598 0.515978 0.515978 0.515978 0.286654 0.248832 0.515978
0.515978 0.515978 0.515978 0.515978 0.515978 0.515978 0.515978 0.515978 0.515978 0.515978
0.515978 0.515978 0.515978 0.515978 0.515978 0.515978 0.515978 0.515978 0.515978 0.515978
0.515978 0.515978 0.515978 0.515978 0.515978 0.515978 0.515978 0.515978 0.515978 0.515978
0.515978 0.515978 0.515978 0.515978 0.515978 0.515978 0.515978 0.515978 0.515978 0.515978
0.515978 0.515978 0.515978 0.515978 0.515978 0.515978 0.515978 0.515978 0.515978 0.515978
0.515978 0.515978 0.515978 0.515978 0.515978 0.515978 0.515978 0.515978 0.515978 0.515978
0.515978 0.515978 0.515978 0.515978 0.515978 0.515978 0.515978 0.515978 0.515978 0.515978
0.515978 0.515978 0.515978 0.515978 0.515978 0.515978 0.515978 0.515978 0.515978 0.515978
0.515978 0.515978 0.515978 0.515978 0.515978 0.515978 0.515978 0.515978 0.515978 0.515978
0.515978 0.515978 0.515978 0.515978 0.515978 0.515978 0.515978 0.515978 0.515978 0.515978
0.515978 0.515978 0.515978 0.515978 0.515978 0.515978 0.515978 0.515978 0.515978 0.515978
0.515978 0.515978 0.515978 0.515978 0.515978 0.515978 0.515978 0.515978 0.515978 0.515978
0.515978 0.515978 0.515978 0.515978 0.515978 0.515978 0.515978 0.515978 0.515978 0.515978
0.515978 0.515978 0.515978 0.515978 0.515978 0.515978 0.515978 0.515978 0.515978 0.515978
0.515978 0.515978 0.515978 0.515978 0.515978 0.515978 0.515978 0.515978 0.515978 0.515978
0.515978 0.515978 0.515978 0.515978 0.515978 0.515978 0.515978 0.515978 0.515978 0.515978
0.515978 0.515978 0.515978 0.515978 0.515978 0.515978 0.515978 0.515978 0.515978 0.515978
0.515978 0.515978 0.515978 0.515978 0.515978 0.515978 0.515978 0.515978 0.515978 0.515978
0.515978 0.515978 0.515978 0.515978 0.515978 0.515978 0.515978 0.515978 0.515978 0.515978
0.515978 0.515978 0.515978 0.515978 0.515978 0.515978 0.515978 0.515978 0.515978 0.515978
0.515978 0.515978 0.515978 0.515978 0.515978 0.515978 0.515978 0.515978 0.515978 0.515978
0.515978 0.515978 0.515978 0.515978 0.515978 0.515978 0.515978 0.515978 0.515978 0.515978
0.515978 0.515978 0.515978 0.515978 0.515978 0.515978 0.515978 0.515978 0.515978 0.515978
0.515978 0.515978 0.515978 0.515978 0.515978 0.515978 0.515978 0.515978 0.515978 0.515978
0.515978 0.515978 0.515978 0.515978 0.515978 0.515978 0.515978 0.515978 0.515978 0.515978
0.515978 0.515978 0.515978 0.515978 0.515978 0.515978 0.515978 0.515978 0.515978 0.515978
0.515978 0.515978 0.515978 0.515978 0.515978 0.515978 0.515978 0.515978 0.515978 0.515978
0.515978 0.515978 0.515978 0.515978 0.515978 0.515978 0.515978 0.515978 0.515978 0.515978
0.515978 0.515978 0.515978 0.515978 0.515978 0.515978 0.515978 0.515978 0.515978 0.515978
0.515978 0.515978 0.515978 0.515978 0.515978 0.515978 0.515978 0.515978 0.515978 0.515978
0.515978 0.515978 0.515978 0.515978 0.515978 0.515978 0.515978 0.515978 0.515978 0.515978
0.515978 0.515978 0.515978 0.515978 0.515978 0.515978 0.515978 0.515978 0.515978 0.515978
0.515978 0.515978 0.515978 0.515978 0.515978 0.515978 0.515978 0.515978 0.515978 0.515978
0.515978 0.515978 0.515978 0.515978 0.515978 0.515978 0.515978 0.515978 0.515978 0.515978
0.515978 0.515978 0.515978 0.515978 0.515978 0.515978 0.515978 0.515978 0.515978 0.515978
0.515978 0.515978 0.515978 0.515978 0.515978 0.515978 0.515978 0.515978 0.515978 0.515978
0.515978 0.515978 0.515978 0.515978 0.515978 0.515978 0.515978 0.515978 0.515978 0.515978
0.515978 0.515978 0.515978 0.515978 0.515978 0.515978 0.515978 0.515978 0.515978 0.515978
0.515978 0.515978 0.515978 0.515978 0.515978 0.515978 0.515978 0.515978 0.515978 0.515978
0.515978 0.515978 0.515978 0.515978 0.515978 0.515978 0.515978 0.515978 0.515978 0.515978
0.515978 0.515978 0.515978 0.515978 0.515978 0.515978 0.515978 0.515978 0.515978 0.515978
0.515978 0.515978 0.515978 0.515978 0.515978 0.515978 0.515978 0.515978 0.515978 0.515978
0.515978 0.515978 0.515978 0.515978 0.515978 0.515978 0.515978 0.515978 0.515978 0.515978
0.515978 0.515978 0.515978 0.515978 0.515978 0.515978 0.515978 0.515978 0.515978 0.515978
0.515978 0.515978 0.515978 0.515978 0.515978 0.515978 0.515978 0.515978 0.515978 0.515978
0.515978 0.515978 0.515978 0.515978 0.515978 0.515978 0.515978 0.515978 0.515978 0.515978
0.515978 0.515978 0.515978 0.515978 0.515978 0.515978 0.515978 0.515978 0.515978 0.515978
0.515978 0.515978 0.515978 0.515978 0.515978 0.515978 0.515978 0.515978 0.515978 0.515978
0.515978 0.515978 0.515978 0.515978 0.515978 0.515978 0.515978 0.515978 0.515978 0.515978
0.515978 0.515978 0.515978 0.515978 0.515978 0.515978 0.515978 0.515978 0.515978 0.515978
***
0.515978 0.515978 0.515978 0.515978 0.515978 0.515978 0.515978 0.515978 0.515978 0.515978
0.515978 0.515978 0.515978 0.515978 0.515978 0.515978 0.515978 0.515978 0.515978 0.515978
0.515978 0.515978 0.515978 0.515978 0.515978 0.515978 0.515978 0.515978 0.515978 0.515978
0.515978 0.515978 0.515978 0.515978 0.515978 0.515978 0.515978 0.515978 0.515978 0.515978
0.515978 0.515978 0.515978 0.515978 0.515978 0.515978 0.515978 0.515978 0.515978 0.515978
0.515978 0.515978 0.515978 0.515978 0.515978 0.515978 0.515978 0.515978 0.515978 0.515978
0.515978 0.515978 0.515978 0.515978 0.515978 0.515978 0.515978 0.515978 0.515978 0.515978
0.515978 0.515978 0.515978 0.515978 0.515978 0.515978 0.515978 0.515978 0.515978 0.515978
0.515978 0.515978 0.515978 0.515978 0.515978 0.515978 0.515978 0.515978 0.515978 0.515978
0.515978 0.515978 0.515978 0.515978 0.515978 0.515978 0.515978 0.515978 0.515978 0.515978
0.515978 0.515978 0.515978 0.515978 0.515978 0.515978 0.515978 0.515978 0.515978 0.515978
0.429982 0.515978 0.515978 0.515978 0.515978 0.515978 0.515978 0.515978 0.515978 0.515978
0.515978 0.515978 0.515978 0.515978 0.515978 0.515978 0.515978 0.515978 0.515978 0.515978
0.515978 0.515978 0.515978 0.515978 0.515978 0.515978 0.515978 0.515978 0.515978 0.515978
0.515978 0.515978 0.515978 0.515978 0.515978 0.515978 0.515978 0.515978 0.515978 0.515978
0.515978 0.515978 0.515978 0.515978 0.515978 0.515978 0.515978 0.515978 0.515978 0.515978
0.515978 0.515978 0.515978 0.515978 0.515978 0.515978 0.515978 0.515978 0.515978 0.515978
0.515978 0.515978 0.515978 0.515978 0.515978 0.429982 0.515978 0.515978 0.515978 0.515978
0.515978 0.515978 0.515978 0.515978 0.515978 0.515978 0.515978 0.515978 0.515978 0.429982
0.515978 0.515978 0.515978 0.515978 0.515978 0.515978 0.515978 0.515978 0.515978 0.515978
0.515978 0.515978 0.515978 0.515978 0.515978 0.515978 0.515978 0.515978 0.515978 0.515978
0.515978 0.515978 0.515978 0.515978 0.515978 0.515978 0.515978 0.515978 0.515978 0.515978
0.515978 0.515978 0.515978 0.515978 0.515978 0.515978 0.515978 0.515978 0.515978 0.515978
0.515978 0.515978 0.515978 0.515978 0.515978 0.515978 0.515978 0.515978 0.515978 0.515978
0.515978 0.515978 0.515978 0.515978 0.515978 0.515978 0.515978 0.515978 0.515978 0.515978
0.515978 0.515978 0.515978 0.515978 0.515978 0.515978 0.515978 0.515978 0.515978 0.515978
0.515978 0.515978 0.515978 0.515978 0.515978 0.515978 0.515978 0.515978 0.515978 0.515978
0.515978 0.515978 0.515978 0.515978 0.515978 0.515978 0.515978 0.515978 0.515978 0.515978
0.515978 0.515978 0.515978 0.515978 0.515978 0.515978 0.515978 0.515978 0.515978 0.515978
0.515978 0.515978 0.515978 0.515978 0.515978 0.515978 0.515978 0.515978 0.515978 0.515978
0.515978 0.515978 0.515978 0.515978 0.515978 0.515978 0.515978 0.515978 0.515978 0.515978
0.515978 0.515978 0.515978 0.515978 0.515978 0.515978 0.515978 0.515978 0.515978 0.515978
0.515978 0.515978 0.515978 0.515978 0.515978 0.515978 0.515978 0.515978 0.515978 0.515978
0.515978 0.515978 0.515978 0.515978 0.515978 0.515978 0.515978 0.515978 0.515978 0.515978
0.515978 0.515978 0.515978 0.515978 0.515978 0.515978 0.515978 0.515978 0.515978 0.515978
0.515978 0.515978 0.515978 0.515978 0.515978 0.515978 0.515978 0.515978 0.515978 0.515978
0.515978 0.515978 0.515978 0.515978 0.515978 0.515978 0.515978 0.515978 0.515978 0.515978
0.515978 0.515978 0.515978 0.515978 0.515978 0.515978 0.515978 0.515978 0.515978 0.515978
0.515978 0.515978 0.515978 0.515978 0.515978 0.515978 0.515978 0.515978 0.515978 0.515978
0.515978 0.515978 0.515978 0.515978 0.515978 0.515978 0.298598 0.515978 0.515978 0.515978
0.515978 0.515978 0.515978 0.515978 0.515978 0.515978 0.515978 0.515978 0.515978 0.515978
0.515978 0.515978 0.515978 0.515978 0.515978 0.515978 0.515978 0.515978 0.515978 0.515978
0.515978 0.515978 0.515978 0.515978 0.515978 0.515978 0.515978 0.515978 0.515978 0.515978
0.515978 0.515978 0.515978 0.515978 0.515978 0.515978 0.515978 0.515978 0.515978 0.515978
0.515978 0.515978 0.515978 0.515978 0.515978 0.515978 0.515978 0.515978 0.515978 0.515978
0.515978 0.515978 0.515978 0.515978 0.515978 0.515978 0.515978 0.515978 0.515978 0.515978
0.515978 0.515978 0.515978 0.515978 0.515978 0.515978 0.515978 0.515978 0.515978 0.515978
0.515978 0.515978 0.515978 0.515978 0.515978 0.515978 0.515978 0.515978 0.515978 0.515978
0.515978 0.515978 0.515978 0.515978 0.515978 0.515978 0.515978 0.515978 0.515978 0.515978
0.515978 0.515978 0.515978 0.515978 0.515978 0.515978 0.515978 0.515978 0.515978 0.515978
0.515978 0.159252 0.1728 0.20736 0.298598 0.515978 0.358318 0.515978 0.343985 0.165888
0.1152 0.515978 0.13824 0.515978 0.429982 0.429982 0.515978 0.515978 0.13824 0.429982
0.429982 0.515978 0.358318 0.358318 0.515978 0.515978 0.298598 0.238879 0.515978 0.358318
0.165888 0.515978 0.515978 0.1728 0.515978 0.358318 0.515978 0.515978 0.165888 0.248832
0.515978 0.358318 0.20736 0.20736 0.515978 0.238879 0.298598 0.358318 0.429982 0.515978
0.238879 0.515978 0.358318 0.515978 0.515978 0.1728 0.429982 0.515978 0.199066 0.515978
0.515978 0.13824 0.515978 0.20736 0.248832 0.515978 0.358318 0.13824 0.1152 0.13824
0.248832 0.515978 0.20736 0.20736 0.515978 0.515978 0.343985 0.515978 0.515978 0.515978
0.13824 0.515978 0.515978 0.515978 0.515978 0.515978 0.515978 0.515978 0.165888 0.358318
0.515978 0.515978 0.515978 0.20736 0.1728 0.358318 0.515978 0.165888 0.515978 0.515978
0.358318 0.515978 0.248832 0.515978 0.515978 0.165888 0.429982 0.298598 0.515978 0.515978
0.429982 0.20736 0.358318 0.248832 0.358318 0.515978 0.429982 0.248832 0.20736 0.515978
0.20736 0.515978 0.1728 0.248832 0.238879 0.515978 0.298598 0.358318 0.298598 0.515978
0.515978 0.298598 0.165888 0.238879 0.20736 0.286654 0.13824 0.515978 0.248832 0.515978
0.515978 0.13271 0.298598 0.13824 0.515978 0.515978 0.429982 0.358318 0.298598 0.298598
0.515978 0.515978 0.20736 0.515978 0.165888 0.429982 0.298598 0.358318 0.358318 0.096
0.515978 0.20736 0.199066 0.515978 0.515978 0.199066 0.358318 0.515978 0.20736 0.515978
0.199066 0.429982 0.20736 0.515978 0.515978 0.248832 0.429982 0.358318 0.515978 0.515978
0.248832 0.515978 0.165888 0.515978 0.515978 0.298598 0.20736 0.358318 0.515978 0.248832
0.515978 0.1728 0.13271 0.515978 0.165888 0.13824 0.515978 0.248832 0.358318 0.515978
0.515978 0.248832 0.515978 0.298598 0.429982 0.199066 0.358318 0.165888 0.429982 0.515978
0.1728 0.1728 0.248832 0.096 0.515978 0.358318 0.165888 0.298598 0.429982 0.515978
0.238879 0.515978 0.298598 0.515978 0.515978 0.515978 0.298598 0.429982 0.298598 0.515978
0.429982 0.298598 0.13824 0.515978 0.20736 0.515978 0.515978 0.515978 0.429982 0.515978
0.515978 0.515978 0.20736 0.515978 0.515978 0.199066 0.515978 0.110592 0.515978 0.429982
0.298598 0.286654 0.515978 0.358318 0.248832 0.515978 0.165888 0.515978 0.515978 0.515978
0.298598 0.238879 0.165888 0.515978 0.358318 0.248832 0.515978 0.199066 0.429982 0.515978
0.199066 0.515978 0.286654 0.20736 0.515978 0.358318 0.358318 0.298598 0.429982 0.358318
0.515978 0.144 0.515978 0.298598 0.1152 0.20736 0.1728 0.1728 0.358318 0.248832
0.238879 0.515978 0.165888 0.286654 0.1728 0.358318 0.358318 0.429982 0.515978 0.515978
0.515978 0.248832 0.1728 0.199066 0.358318 0.515978 0.298598 0.515978 0.199066 0.298598
0.515978 0.20736 0.248832 0.515978 0.429982 0.199066 0.238879 0.165888 0.358318 0.20736
0.515978 0.515978 0.515978 0.515978 0.358318 0.515978 0.429982 0.515978 0.286654 0.515978
0.515978 0.515978 0.515978 0.515978 0.199066 0.165888 0.515978 0.358318 0.286654 0.429982
0.515978 0.429982 0.286654 0.159252 0.515978 0.199066 0.515978 0.515978 0.515978 0.20736
0.358318 0.20736 0.515978 0.515978 0.298598 0.515978 0.429982 0.429982 0.515978 0.358318
0.20736 0.515978 0.515978 0.238879 0.515978 0.199066 0.358318 0.1152 0.358318 0.20736
0.515978 0.515978 0.515978 0.20736 0.515978 0.358318 0.199066 0.238879 0.298598 0.429982
0.358318 0.515978 0.429982 0.515978 0.429982 0.515978 0.515978 0.358318 0.298598 0.515978
0.515978 0.515978 0.298598 0.515978 0.429982 0.1152 0.110592 0.515978 0.248832 0.165888
0.429982 0.358318 0.238879 0.429982 0.358318 0.429982 0.298598 0.429982 0.515978 0.515978
0.298598 0.515978 0.298598 0.144 0.298598 0.238879 0.13824 0.248832 0.429982 0.358318
0.515978 0.13824 0.358318 0.515978 0.165888 0.515978 0.515978 0.298598 0.515978 0.429982
0.515978 0.429982 0.13824 0.515978 0.515978 0.165888 0.515978 0.358318 0.358318 0.515978
0.358318 0.358318 0.199066 0.429982 0.515978 0.515978 0.515978 0.144 0.248832 0.515978
0.20736 0.165888 0.199066 0.20736 0.429982 0.248832 0.238879 0.515978 0.358318 0.165888
0.515978 0.515978 0.515978 0.429982 0.298598 0.515978 0.248832 0.248832 0.515978 0.248832
0.248832 0.515978 0.358318 0.515978 0.358318 0.358318 0.1728 0.515978 0.429982 0.429982
0.515978 0.343985 0.515978 0.298598 0.358318 0.165888 0.1728 0.20736 0.20736 0.12
0.429982 0.110592 0.515978 0.298598 0.286654 0.515978 0.515978 0.358318 0.515978 0.515978
>categories:
0 0
1 1
>mixtureAssignment:
0 0 0 0 0 0 0 0 0 0 0 0 0 0 0 0 0 0 0 0 0 0 0 0 0 0 0 0 0 0 0 0 0 0 0 0 0 0 0 0 0 0 0 0 0 0 0 0 0 0
0 0 0 0 0 0 0 0 0 0 0 0 0 0 0 0 0 0 0 0 0 0 0 0 0 0 0 0 0 0 0 0 0 0 0 0 0 0 0 0 0 0 0 0 0 0 0 0 0 0
0 0 0 0 0 0 0 0 0 0 0 0 0 0 0 0 0 0 0 0 0 0 0 0 0 0 0 0 0 0 0 0 0 0 0 0 0 0 0 0 0 0 0 0 0 0 0 0 0 0
0 0 0 0 0 0 0 0 0 0 0 0 0 0 0 0 0 0 0 0 0 0 0 0 0 0 0 0 0 0 0 0 0 0 0 0 0 0 0 0 0 0 0 0 0 0 0 0 0 0
0 0 0 0 0 0 0 0 0 0 0 0 0 0 0 0 0 0 0 0 0 0 0 0 0 0 0 0 0 0 0 0 0 0 0 0 0 0 0 0 0 0 0 0 0 0 0 0 0 0
0 0 0 0 0 0 0 0 0 0 0 0 0 0 0 0 0 0 0 0 0 0 0 0 0 0 0 0 0 0 0 0 0 0 0 0 0 0 0 0 0 0 0 0 0 0 0 0 0 0
0 0 0 0 0 0 0 0 0 0 0 0 0 0 0 0 0 0 0 0 0 0 0 0 0 0 0 0 0 0 0 0 0 0 0 0 0 0 0 0 0 0 0 0 0 0 0 0 0 0
0 0 0 0 0 0 0 0 0 0 0 0 0 0 0 0 0 0 0 0 0 0 0 0 0 0 0 0 0 0 0 0 0 0 0 0 0 0 0 0 0 0 0 0 0 0 0 0 0 0
0 0 0 0 0 0 0 0 0 0 0 0 0 0 0 0 0 0 0 0 0 0 0 0 0 0 0 0 0 0 0 0 0 0 0 0 0 0 0 0 0 0 0 0 0 0 0 0 0 0
0 0 0 0 0 0 0 0 0 0 0 0 0 0 0 0 0 0 0 0 0 0 0 0 0 0 0 0 0 0 0 0 0 0 0 0 0 0 0 0 0 0 0 0 0 0 0 0 0 0
1 1 1 1 1 1 1 1 1 1 1 1 1 1 1 1 1 1 1 1 1 1 1 1 1 1 1 1 1 1 1 1 1 1 1 1 1 1 1 1 1 1 1 1 1 1 1 1 1 1
1 1 1 1 1 1 1 1 1 1 1 1 1 1 1 1 1 1 1 1 1 1 1 1 1 1 1 1 1 1 1 1 1 1 1 1 1 1 1 1 1 1 1 1 1 1 1 1 1 1
1 1 1 1 1 1 1 1 1 1 1 1 1 1 1 1 1 1 1 1 1 1 1 1 1 1 1 1 1 1 1 1 1 1 1 1 1 1 1 1 1 1 1 1 1 1 1 1 1 1
1 1 1 1 1 1 1 1 1 1 1 1 1 1 1 1 1 1 1 1 1 1 1 1 1 1 1 1 1 1 1 1 1 1 1 1 1 1 1 1 1 1 1 1 1 1 1 1 1 1
1 1 1 1 1 1 1 1 1 1 1 1 1 1 1 1 1 1 1 1 1 1 1 1 1 1 1 1 1 1 1 1 1 1 1 1 1 1 1 1 1 1 1 1 1 1 1 1 1 1
1 1 1 1 1 1 1 1 1 1 1 1 1 1 1 1 1 1 1 1 1 1 1 1 1 1 1 1 1 1 1 1 1 1 1 1 1 1 1 1 1 1 1 1 1 1 1 1 1 1
1 1 1 1 1 1 1 1 1 1 1 1 1 1 1 1 1 1 1 1 1 1 1 1 1 1 1 1 1 1 1 1 1 1 1 1 1 1 1 1 1 1 1 1 1 1 1 1 1 1
1 1 1 1 1 1 1 1 1 1 1 1 1 1 1 1 1 1 1 1 1 1 1 1 1 1 1 1 1 1 1 1 1 1 1 1 1 1 1 1 1 1 1 1 1 1 1 1 1 1
1 1 1 1 1 1 1 1 1 1 1 1 1 1 1 1 1 1 1 1 1 1 1 1 1 1 1 1 1 1 1 1 1 1 1 1 1 1 1 1 1 1 1 1 1 1 1 1 1 1
1 1 1 1 1 1 1 1 1 1 1 1 1 1 1 1 1 1 1 1 1 1 1 1 1 1 1 1 1 1 1 1 1 1 1 1 1 1 1 1 1 1 1 1 1 1 1 1 1 1
>numMutationCategories:
2
>numSelectionCategories:
2
>categoryProbabilities:
0.505452 0.494548 
>selectionIsInMixture:
***
0 
***
1 
>mutationIsInMixture:
***
0 
***
1 
>currentSynthesisRateLevel:
***
0.420746 1.30696 0.600157 0.72704 1.02542 0.747569 0.0464456 0.440177 0.81283 0.164914
1.63067 0.31985 0.219235 0.672434 0.412211 2.1144 0.273871 0.171538 0.80224 1.22222
0.271647 0.404506 1.57099 0.994021 1.33195 0.137744 0.340455 0.309103 0.139473 0.956388
0.356561 0.250274 2.28754 1.29429 1.03854 1.54215 0.229316 1.19752 2.17401 2.49971
0.451983 0.945408 0.674499 0.159228 1.88354 0.553087 2.72065 0.404186 1.17678 3.38611
0.0265996 0.671587 0.248791 0.337147 0.184075 1.1311 0.616985 1.93367 0.541782 0.432626
0.895973 0.173545 0.420716 0.389914 0.299769 0.805161 1.03637 0.347334 0.185297 0.181954
0.212302 0.4412 0.301149 0.587983 1.29697 0.752752 0.476941 0.287076 0.749717 0.060253
0.665815 0.103205 2.51524 0.67814 0.0742512 1.49219 1.08329 0.439288 0.363065 2.116
0.945035 0.0380132 0.138033 0.600194 2.99475 1.9236 0.284288 0.115742 0.357049 0.597524
0.225749 0.200556 0.673926 0.225359 1.32195 2.54261 3.77601 0.786499 1.51514 1.72051
3.15372 2.75147 0.141788 0.967913 0.627143 0.251808 0.952683 0.257341 0.0748929 0.300374
2.56109 1.5315 1.29719 0.227634 0.367379 0.407939 0.800264 0.217398 2.52252 0.198122
0.127301 0.235596 0.201379 0.669821 0.378975 3.07045 1.1067 0.0726944 1.86329 0.0692584
2.03453 0.284938 0.464599 0.885024 0.383356 0.194953 0.317757 1.23979 0.43336 2.03752
0.0657573 0.359143 0.0648613 1.5892 1.92157 0.375981 0.154055 0.403066 2.01678 1.54143
1.49775 0.2448 1.17875 0.58188 0.465388 0.628546 0.388717 1.33265 0.26748 0.364359
0.938127 3.1998 0.179927 1.35439 0.272605 2.48599 0.437987 1.17829 0.111694 0.120028
1.14749 2.04743 0.236424 0.0365138 3.78162 0.136149 0.336577 0.806738 3.7534 3.26935
0.70945 1.65345 0.377085 0.690407 0.828603 0.191527 0.231119 4.19875 0.0775472 0.191483
1.18457 0.376551 0.929975 0.583765 0.367253 0.184492 0.742346 2.46441 0.748699 1.71341
1.17665 0.684518 0.0625922 1.63906 0.584758 1.2637 1.32298 1.57894 0.58346 0.0494351
0.406868 0.725295 0.715731 0.292903 1.13879 0.795025 0.104258 0.195718 0.541267 0.230593
0.4547 1.83317 0.0313696 1.21674 1.983 1.66562 0.733281 0.403045 0.148507 0.109654
0.390401 1.17317 0.914694 0.999254 0.226224 0.449773 0.851516 0.203948 0.135565 0.0872172
0.120572 0.526037 0.2702 0.199329 0.713815 1.14013 0.560034 0.56196 0.222839 2.48018
0.140449 0.165019 0.66447 0.567695 1.68915 0.607875 0.855154 0.824108 0.227514 3.19394
1.32737 1.82614 0.498029 0.0268885 0.118152 0.0734437 0.765084 0.316689 0.293804 0.765475
0.415918 1.89269 0.298268 0.733092 0.051093 1.02961 0.114279 0.499366 0.358179 0.87605
0.249201 0.467593 0.0359935 2.97605 0.107484 2.16186 0.0826121 2.26371 0.400805 0.0184809
1.59418 0.137558 0.662973 0.710917 2.37807 1.30288 4.87306 0.226865 0.0473056 2.36738
0.23588 2.74353 0.579997 0.138977 0.198255 0.701715 0.90247 0.0935999 1.1596 0.327445
2.55513 0.287521 0.456388 0.194847 0.05551 0.153764 0.24873 0.413345 2.90345 0.0769652
0.133007 0.929566 1.39762 0.209905 0.172785 0.644744 1.11019 0.267206 0.258455 2.62687
1.39367 0.730504 0.490152 0.100564 1.15927 0.373574 0.103357 3.73089 0.297668 1.50726
0.563398 0.141777 0.489907 0.238479 0.766587 1.04125 0.573566 0.24389 0.427187 0.291691
0.242163 0.877359 1.13445 0.320074 0.286587 0.411562 1.81615 3.25451 1.5293 0.136546
0.288767 0.0699307 0.77134 0.809844 1.36176 0.218779 0.782945 0.336222 0.382854 0.417842
1.58729 1.8373 0.285733 5.98584 0.39988 0.644934 0.0371817 0.282335 1.24822 1.24096
0.52957 0.29304 0.919963 0.477896 0.121596 2.15232 8.45859 0.441894 0.483288 1.13084
0.787639 0.592885 2.96291 1.61966 0.0835004 0.656449 0.93393 0.44128 0.777633 0.0560806
0.21795 0.47834 0.130298 0.828944 1.61226 2.50076 0.602533 3.86685 0.460847 1.60332
1.96586 0.0990684 0.167726 0.395078 2.00875 0.408798 0.165445 1.14623 0.762714 0.862925
1.23882 0.323393 0.544731 0.34291 0.942643 0.663195 0.634753 0.167766 0.162949 2.20613
0.153816 1.39427 0.33841 1.15588 0.841234 1.61344 0.648185 0.266051 0.9472 0.916895
1.02949 2.4109 0.102044 0.366456 0.413201 1.4671 3.18071 1.37734 1.98427 0.185493
1.02018 1.28798 0.898347 0.456408 0.317689 0.164298 0.312338 0.660849 1.07927 0.385573
0.795852 0.107117 1.8585 1.4604 1.46537 0.0131212 0.663086 0.309322 0.151667 0.951089
11.2626 1.77493 0.421071 0.142447 0.360055 1.0984 1.28374 2.25287 0.372896 0.605249
1.03121 0.418779 1.27481 0.702441 1.2509 0.198519 0.17159 0.610537 0.722306 0.260361
0.0173392 0.0294308 0.0599512 0.0350432 0.0850192 0.0280929 0.0123624 0.0633069 0.0104797 0.0200349
0.0404552 0.0254007 0.0346134 0.0299707 0.0159316 0.0381319 0.120809 0.015725 0.0352053 0.0186101
0.0910009 0.0204069 0.0404646 0.0414779 0.0284364 0.0375629 0.0411827 0.0333053 0.0576103 0.0543911
0.0663828 0.0280155 0.0535673 0.0652958 0.0902483 0.0208455 0.0217316 0.0174832 0.0243339 0.0311139
0.0376592 0.0442568 0.0164451 0.0309704 0.00535232 0.0307588 0.0508733 0.0247765 0.0174236 0.0175186
0.0260983 0.00459312 0.050324 0.0152701 0.110444 0.0117635 0.0224276 0.0214446 0.0222369 0.0688633
0.0235588 0.0317415 0.0227604 0.0852813 0.0238842 0.0269303 0.0131385 0.0317936 0.0216271 0.0684251
0.00429276 0.0628025 0.0383317 0.0355108 0.0471113 0.0523813 0.0597126 0.0583031 0.0076117 0.0887074
0.0166528 0.00648229 0.0380644 0.0164109 0.00866438 0.0504947 0.0212029 0.0511965 0.0175737 0.0421501
0.0434893 0.100682 0.029574 0.0491646 0.0945228 0.0183833 0.0171395 0.0106877 0.0102939 0.0280895
0.0327608 0.0543016 0.0297778 0.0399242 0.0390881 0.0275321 0.0415903 0.0215636 0.0731958 0.135488
0.0870721 0.0178083 0.00953038 0.0355381 0.00726398 0.0317284 0.0699638 0.0564696 0.101796 0.0230837
0.0211865 0.0699288 0.0315483 0.0251763 0.106385 0.0539861 0.0438557 0.0887838 0.0230884 0.0334464
0.0450934 0.0297885 0.0462941 0.0493965 0.0183393 0.0270835 0.0727331 0.027833 0.0918916 0.0209992
0.0765001 0.0151063 0.0269891 0.0097588 0.0560322 0.0232425 0.0153703 0.0558807 0.0248637 0.0573568
0.0449143 0.0170056 0.0611275 0.0310023 0.00999133 0.0439998 0.0324565 0.0893988 0.0502678 0.0190205
0.0667501 0.0191301 0.0363448 0.0614605 0.00879716 0.0227834 0.0388715 0.100333 0.0640017 0.0121487
0.0497509 0.0260684 0.120777 0.0985873 0.0557134 0.0706036 0.0342841 0.0543502 0.0184991 0.0280291
0.0280593 0.0195466 0.0296147 0.065405 0.145289 0.0520642 0.0443888 0.0441569 0.022052 0.0431327
0.0451577 0.0203488 0.016678 0.0211616 0.0248561 0.0388541 0.0173601 0.0268756 0.0670144 0.0134821
0.0140226 0.0226513 0.0295395 0.00998332 0.0683903 0.0485447 0.0401217 0.0182429 0.00964239 0.0428184
0.0370713 0.0324387 0.0238776 0.0178124 0.00965272 0.0891838 0.0153951 0.0494916 0.0243113 0.0595322
0.0112025 0.0271317 0.0308656 0.0365813 0.0434081 0.0369328 0.112242 0.210661 0.0299917 0.0730938
0.0622532 0.0367743 0.0554243 0.0296406 0.0606386 0.0309485 0.0295369 0.0316457 0.0541468 0.0304316
0.0630433 0.100665 0.0383675 0.0309181 0.011665 0.0176172 0.046588 0.0594711 0.0560611 0.0240202
0.0216826 0.0859984 0.0473901 0.0113759 0.0540503 0.00466241 0.0446326 0.0163603 0.0292152 0.0410315
0.0257152 0.0390136 0.0157373 0.0413332 0.0473962 0.0168199 0.057305 0.0381241 0.121201 0.0385116
0.0929771 0.0346948 0.0957504 0.0409429 0.0354894 0.0317154 0.0162118 0.0498012 0.0925938 0.0420884
0.065025 0.0500236 0.0872695 0.0637847 0.0229683 0.0437603 0.0473891 0.021334 0.0682924 0.0309256
0.0313217 0.0469726 0.0126653 0.0414063 0.0147837 0.0613175 0.0349441 0.0484892 0.0309845 0.137662
0.0342063 0.0237728 0.0124046 0.0983241 0.00995724 0.0177738 0.0303979 0.00942711 0.0500457 0.00911792
0.0136516 0.0907112 0.0127087 0.0216533 0.0559431 0.0220398 0.0321048 0.0265048 0.0492124 0.0375234
0.0576103 0.0231079 0.0256917 0.0342063 0.0213432 0.027751 0.0200678 0.0646678 0.0310946 0.0285189
0.0151437 0.0503452 0.0258155 0.0281157 0.0785218 0.0190992 0.0821205 0.017907 0.0180876 0.0264253
0.0284628 0.0244786 0.0511049 0.0923284 0.00921678 0.0453873 0.105829 0.0248262 0.0619314 0.0389783
0.0347326 0.0450056 0.0349578 0.0491484 0.0230208 0.0268672 0.0155702 0.0151407 0.0563842 0.0181529
0.0205529 0.0344084 0.0185503 0.083535 0.0471634 0.026376 0.0200928 0.0313008 0.0516873 0.0414661
0.051367 0.0357138 0.0140799 0.0446123 0.0242741 0.0354529 0.0311939 0.0372226 0.0766757 0.0258322
0.131202 0.0225802 0.0279713 0.038322 0.0127507 0.0829321 0.0189534 0.0907128 0.0223669 0.0548655
0.0196349 0.0407302 0.0342793 0.0266373 0.176017 0.0373941 0.0348978 0.0219678 0.0714644 0.0143092
0.0262125 0.110237 0.0173623 0.042947 0.00922173 0.0272124 0.0303178 0.0332904 0.0635501 0.115167
0.0328998 0.0220345 0.0378848 0.0787731 0.0903969 0.0336588 0.0108072 0.021293 0.0165086 0.0407696
0.0291201 0.035646 0.0177721 0.0329742 0.0214128 0.0408514 0.0241565 0.0519898 0.0374958 0.020852
0.0649493 0.0336929 0.0200036 0.0504696 0.0164611 0.0264515 0.0609756 0.0183885 0.0624817 0.0410998
0.0984559 0.0700091 0.0237351 0.0249923 0.0376823 0.0394058 0.073537 0.0308558 0.030488 0.0257083
0.0692576 0.0546421 0.0698861 0.0307792 0.016403 0.0105429 0.00472642 0.0259753 0.0333986 0.0333059
0.0438945 0.0259626 0.031196 0.0524041 0.0673448 0.00560898 0.0450511 0.0499157 0.0357146 0.0115037
0.0506442 0.084554 0.0548318 0.0208562 0.0271693 0.0357796 0.0388568 0.038251 0.0135776 0.0127705
0.069187 0.0532756 0.0325024 0.0920363 0.0307192 0.0047796 0.0224193 0.0370439 0.0212311 0.0382713
0.0287527 0.0254103 0.0170576 0.139749 0.0319839 0.0262265 0.0994901 0.230414 0.0353747 0.0246182
***
0.118857 0.0734739 0.0762382 0.109465 0.184053 0.0907598 0.0313417 0.0386859 0.0398285 0.0152857
0.270355 0.055899 0.0832952 0.136749 0.0906532 0.165204 0.0199369 0.0105777 0.0411073 0.0359051
0.0206822 0.0503699 0.428278 0.243015 0.0450767 0.0219331 0.0945118 0.0695506 0.05601 0.21983
0.0271532 0.0149571 0.0912534 0.0998005 0.0487379 0.122387 0.0253278 0.00732526 0.0507972 0.179034
0.0324894 0.0433437 0.0308281 0.103532 0.361233 0.0424652 0.343607 0.063888 0.121197 0.224882
0.0441761 0.0341176 0.038397 0.0308115 0.0330186 0.13026 0.0262606 0.124599 0.0279691 0.0859585
0.0760509 0.0387429 0.0523547 0.0398936 0.0483034 0.227424 0.122655 0.0237647 0.0347382 0.058611
0.0292078 0.0299791 0.139275 0.0703372 0.111477 0.0706318 0.0602949 0.0233569 0.110256 0.0286556
0.0610745 0.0410802 0.287635 0.0874311 0.0380547 0.122691 0.108869 0.10839 0.0335695 0.281919
0.0750898 0.0300124 0.0619676 0.049424 0.319587 0.321332 0.0872815 0.0392068 0.0251906 0.0404189
0.043583 0.0255749 0.309117 0.0258897 0.138413 0.410378 0.478852 0.127201 0.145129 0.20567
0.322478 0.329739 0.109841 0.0921124 0.0521506 0.059041 0.095445 0.0516857 0.0216624 0.0897741
0.282098 0.232671 0.160246 0.0542744 0.0487703 0.142149 0.0442889 0.0409251 0.282503 0.0991393
0.0598322 0.0282292 0.0293927 0.0487373 0.0471772 0.14293 0.0785348 0.0147267 0.182816 0.0633832
0.205081 0.0371018 0.0322329 0.145034 0.0581737 0.0385165 0.0446637 0.019481 0.0698093 0.195577
0.0178466 0.036029 0.0752407 0.0614299 0.163114 0.0409515 0.0335213 0.0510721 0.0385198 0.250438
0.0838434 0.0342618 0.0662732 0.041499 0.0255085 0.116434 0.018188 0.0339584 0.0640728 0.11571
0.0134266 0.313052 0.0161788 0.143802 0.0383131 0.434086 0.244956 0.150172 0.0163149 0.268846
0.0412398 0.222791 0.0399397 0.0290208 0.535346 0.039833 0.0876659 0.0712128 0.292821 0.311356
0.0967962 0.0543566 0.0649377 0.0431797 0.0920956 0.0524321 0.0403257 0.312608 0.0342708 0.041452
0.100241 0.0691382 0.0477791 0.098423 0.0534435 0.0229742 0.156551 0.256259 0.0280867 0.0261339
0.0891492 0.0458052 0.0244428 0.245822 0.114295 0.236711 0.226835 0.111164 0.0968404 0.035717
0.138265 0.0535601 0.0594126 0.0567035 0.0616462 0.0327311 0.0279349 0.133895 0.0321069 0.0675412
0.0349393 0.197088 0.0573527 0.0667756 0.257226 0.175549 0.0225878 0.0350726 0.0392679 0.0278388
0.0491572 0.119112 0.153295 0.0211489 0.085373 0.0205102 0.10691 0.0588953 0.0507558 0.0603119
0.0437699 0.107071 0.0630023 0.0369253 0.105968 0.0890465 0.125327 0.0703514 0.0373823 0.407161
0.0252334 0.0276725 0.0731845 0.114887 0.270611 0.0516467 0.0483182 0.0768204 0.0485944 0.266196
0.146502 0.164755 0.0368897 0.0590176 0.0292694 0.0113579 0.0298557 0.0196252 0.0855804 0.058666
0.0303162 0.250707 0.0202238 0.105287 0.0481222 0.198357 0.0331684 0.105199 0.0227062 0.0425765
0.0173374 0.0274583 0.105179 0.309739 0.0301589 0.247122 0.110092 0.150275 0.0227371 0.0667757
0.361302 0.0123305 0.0236065 0.0971134 0.18106 0.219796 0.283798 0.0171656 0.0688924 0.479086
0.111007 0.18999 0.109827 0.0386483 0.107782 0.0688605 0.0216491 0.025316 0.218505 0.0220216
0.317513 0.202767 0.0776149 0.100499 0.0588073 0.0508514 0.016267 0.11172 0.359078 0.0172352
0.0131881 0.398118 0.256668 0.0176685 0.0803409 0.0737235 0.170329 0.16072 0.0317891 0.422248
0.230062 0.0695178 0.0304307 0.0350451 0.0670461 0.0264484 0.0197252 0.3255 0.0159795 0.0641346
0.0385104 0.103748 0.138075 0.0572729 0.0200204 0.183614 0.10301 0.0402827 0.0941931 0.0268211
0.0222686 0.0730245 0.17061 0.173207 0.0572625 0.00728057 0.289429 0.300576 0.0566855 0.0196336
0.0367792 0.0296427 0.0745744 0.0793526 0.146564 0.0388734 0.07313 0.0965667 0.0405524 0.0770047
0.173426 0.11107 0.103919 0.19658 0.0328714 0.140224 0.0566011 0.0552912 0.064851 0.058508
0.0164213 0.0441547 0.119976 0.0288629 0.0529992 0.154023 0.572015 0.0237069 0.0436842 0.0242665
0.0347849 0.052576 0.268635 0.150002 0.0156254 0.0315337 0.0533855 0.0948653 0.0889683 0.116989
0.0520253 0.0520489 0.0451906 0.101314 0.286229 0.18959 0.0579152 0.377035 0.189146 0.291251
0.335873 0.0328497 0.0124808 0.0173778 0.241904 0.0181761 0.0386706 0.127963 0.0362095 0.0230344
0.0587909 0.0473625 0.322832 0.0329072 0.101492 0.0938041 0.0485674 0.0717196 0.0207153 0.167453
0.0514558 0.070685 0.0237805 0.302976 0.0598886 0.111053 0.0859203 0.0593829 0.120976 0.0734568
0.278704 0.175291 0.0380037 0.0678013 0.0382208 0.231081 0.209057 0.0647672 0.278654 0.0524014
0.0217461 0.0558746 0.0205227 0.0171475 0.07881 0.0873145 0.0602506 0.0985521 0.313676 0.0195531
0.0874026 0.0931435 0.358848 0.320298 0.398367 0.0448459 0.0180374 0.0471933 0.0410551 0.062491
0.568652 0.277207 0.0154427 0.0346837 0.015929 0.111799 0.0934644 0.275324 0.0309591 0.0684446
0.102699 0.101458 0.19149 0.0719645 0.179613 0.0603407 0.034718 0.08419 0.125433 0.0257405
0.423828 3.66868 2.01394 1.79623 1.24255 0.379302 1.12631 0.379574 0.728449 1.46141
2.28561 0.53117 2.60241 0.210574 0.53931 0.95005 0.479432 0.361152 1.62519 0.795889
0.778065 0.450908 4.13003 0.536237 0.0360048 0.274736 0.61908 1.12706 0.0520126 1.13874
4.97515 0.0845798 0.277027 1.14082 0.656575 0.509449 0.410879 0.469007 7.64561 1.72483
0.119672 1.51068 1.03774 1.29401 0.0644127 1.22022 0.80349 0.963868 0.904546 0.25682
1.39899 0.206776 1.43523 0.370714 1.36956 5.26735 0.341167 0.04209 1.3715 0.28031
0.0976099 2.3176 0.126736 3.94596 0.990902 0.0646242 0.377486 2.39311 4.71085 1.88136
1.1502 0.255497 1.31771 1.15922 0.587104 0.659582 0.547214 0.445113 0.0212745 0.619089
1.92825 0.200309 0.151592 0.0781237 0.272247 0.907831 0.239699 0.53987 2.17687 1.37758
0.114931 1.08298 0.237412 1.75766 1.51561 0.600659 0.116101 3.63402 0.109801 0.059859
0.470436 0.456662 0.782669 0.0460224 0.764867 2.97564 0.644453 0.882851 0.329004 1.23996
0.891674 1.58088 0.490078 0.756962 1.97776 0.246484 0.588989 4.56989 4.89502 0.187991
5.03761 0.347516 5.16236 1.08986 1.30295 0.367694 1.03637 1.52384 0.622267 0.270307
0.180227 0.668651 1.56165 1.16268 1.06483 0.442913 2.34061 0.0885795 1.22304 0.185365
1.00414 3.4224 0.96315 1.21425 0.264122 0.120716 0.286566 0.751431 1.24219 0.927863
0.136832 0.355738 1.902 0.4476 1.88739 1.12788 2.64996 1.38001 0.888426 2.87982
0.429551 0.950415 1.3195 0.0958571 0.262983 2.75832 0.506635 0.158178 1.30931 0.119758
1.40618 0.445887 1.50045 0.228339 0.393861 1.84147 0.356833 1.1705 0.499193 0.0926823
0.901007 0.141691 3.69788 0.596255 0.275626 0.827136 0.924938 0.692246 0.176438 0.798077
0.385733 1.56097 2.88104 0.145333 1.64568 2.98474 0.367748 2.18042 3.96047 0.324477
0.309614 1.00293 0.0800751 0.891749 1.14089 1.3565 0.845666 3.14677 0.462516 0.71591
1.68621 1.36237 4.4323 2.69712 0.137144 0.897405 6.43065 0.980305 0.381259 0.749883
1.02227 0.0580776 0.732432 0.181919 0.0172224 0.534288 2.65578 1.15912 1.43522 0.209661
1.01128 1.32421 1.51001 0.134443 2.16588 0.530757 0.0409291 0.6087 0.395876 0.393361
0.093775 0.20145 1.09762 0.108677 0.324872 0.989012 0.214723 3.11841 0.480222 0.382391
0.422496 0.860091 0.652571 1.89886 1.44459 0.517314 7.29612 0.281683 0.273195 0.375146
1.0029 0.69221 6.18208 21.7623 0.844669 5.0048 0.192823 1.52317 5.46331 0.170188
3.11532 0.281783 2.93558 1.66211 0.405564 0.902928 0.569241 0.685373 0.727264 0.870859
0.533381 1.82801 0.241518 1.66865 2.28204 6.59012 2.84859 1.92432 4.91978 0.811474
1.38327 0.267659 1.24179 0.715966 1.21517 0.836748 0.319197 0.719201 0.42244 0.501992
0.341956 0.860926 1.82555 1.559 1.27877 0.333751 0.795024 0.331682 1.46002 12.3599
0.221529 4.07751 0.811332 0.147684 0.60265 1.28861 1.20954 6.69935 1.24597 0.938215
0.313351 0.079215 0.315445 0.24595 0.91035 0.0917925 0.223614 0.23072 2.82305 0.234559
0.298592 0.0207559 0.119705 0.68778 1.31865 2.08714 0.883978 0.806567 0.580171 0.596431
0.11927 0.319782 1.14109 2.03734 0.201039 0.783582 0.102987 0.553004 0.244576 1.31752
0.57472 2.57966 0.0220171 0.325102 0.661429 0.343751 0.409843 0.369871 0.474525 0.499807
5.76585 0.0766002 0.225137 1.80496 0.133263 1.05218 1.05716 2.50951 1.32302 1.08498
0.185491 0.484012 0.347473 1.2774 0.0716461 0.670956 1.23958 0.845048 1.00726 11.3164
1.43697 0.0427254 0.42498 0.115874 0.393256 0.423602 0.0823416 0.72067 0.803851 0.230581
0.0986743 0.604057 1.83092 0.0384513 1.31327 3.24273 2.33511 0.286591 1.09694 1.46751
0.370047 1.71739 5.13928 0.882872 0.739374 0.440861 7.51588 0.53565 0.128837 0.28768
0.870136 0.347936 0.771253 2.6765 1.53012 0.983534 3.89361 0.863226 0.471088 0.500209
0.355969 3.31456 0.644476 0.287542 2.0088 0.148243 0.216758 1.89818 0.50658 0.390852
0.742888 0.476835 3.3669 0.180894 0.271339 1.69147 0.0534995 0.432408 0.867847 0.640745
0.552247 1.49964 1.39422 0.36577 0.403491 0.0683105 0.806247 4.88661 1.50191 0.266143
3.02311 2.87797 1.87167 1.17511 0.582935 1.38276 1.08398 0.0866075 0.834034 1.95349
0.450651 0.169734 0.308996 0.621016 0.839049 0.058667 1.04895 1.5981 0.0945155 0.923953
1.83942 1.26742 0.854784 0.438926 0.544403 0.402127 2.01126 0.113131 0.42177 0.439692
0.390126 5.21664 0.152246 1.44956 0.377451 3.26827 3.89156 0.837909 1.46984 3.02408
0.690969 3.49194 0.0619066 3.12199 0.679631 0.194628 0.35991 5.03276 0.299498 0.328915
>covarianceMatrix:
A
0.000120893	0	0	0	0	0	0	0	0	0	0	0	
0	0.000120893	0	0	0	0	0	0	0	0	0	0	
0	0	0.000120893	0	0	0	0	0	0	0	0	0	
0	0	0	0.000120893	0	0	0	0	0	0	0	0	
0	0	0	0	0.000120893	0	0	0	0	0	0	0	
0	0	0	0	0	0.000120893	0	0	0	0	0	0	
0	0	0	0	0	0	0.000120893	0	0	0	0	0	
0	0	0	0	0	0	0	0.000120893	0	0	0	0	
0	0	0	0	0	0	0	0	0.000120893	0	0	0	
0	0	0	0	0	0	0	0	0	0.000120893	0	0	
0	0	0	0	0	0	0	0	0	0	0.000120893	0	
0	0	0	0	0	0	0	0	0	0	0	0.000120893	
***
>covarianceMatrix:
C
0.00671089	0	0	0	
0	0.00671089	0	0	
0	0	0.00671089	0	
0	0	0	0.00671089	
***
>covarianceMatrix:
D
0.00671089	0	0	0	
0	0.00671089	0	0	
0	0	0.00671089	0	
0	0	0	0.00671089	
***
>covarianceMatrix:
E
0.00671089	0	0	0	
0	0.00671089	0	0	
0	0	0.00671089	0	
0	0	0	0.00671089	
***
>covarianceMatrix:
F
0.00671089	0	0	0	
0	0.00671089	0	0	
0	0	0.00671089	0	
0	0	0	0.00671089	
***
>covarianceMatrix:
G
0.000120893	0	0	0	0	0	0	0	0	0	0	0	
0	0.000120893	0	0	0	0	0	0	0	0	0	0	
0	0	0.000120893	0	0	0	0	0	0	0	0	0	
0	0	0	0.000120893	0	0	0	0	0	0	0	0	
0	0	0	0	0.000120893	0	0	0	0	0	0	0	
0	0	0	0	0	0.000120893	0	0	0	0	0	0	
0	0	0	0	0	0	0.000120893	0	0	0	0	0	
0	0	0	0	0	0	0	0.000120893	0	0	0	0	
0	0	0	0	0	0	0	0	0.000120893	0	0	0	
0	0	0	0	0	0	0	0	0	0.000120893	0	0	
0	0	0	0	0	0	0	0	0	0	0.000120893	0	
0	0	0	0	0	0	0	0	0	0	0	0.000120893	
***
>covarianceMatrix:
H
0.00671089	0	0	0	
0	0.00671089	0	0	
0	0	0.00671089	0	
0	0	0	0.00671089	
***
>covarianceMatrix:
I
0.00090072	0	0	0	0	0	0	0	
0	0.00090072	0	0	0	0	0	0	
0	0	0.00090072	0	0	0	0	0	
0	0	0	0.00090072	0	0	0	0	
0	0	0	0	0.00090072	0	0	0	
0	0	0	0	0	0.00090072	0	0	
0	0	0	0	0	0	0.00090072	0	
0	0	0	0	0	0	0	0.00090072	
***
>covarianceMatrix:
K
0.00671089	0	0	0	
0	0.00671089	0	0	
0	0	0.00671089	0	
0	0	0	0.00671089	
***
>covarianceMatrix:
L
0.00015402	0	0	0	0	0	0	0	0	0	0	0	0	0	0	0	0	0	0	0	
0	0.00015402	0	0	0	0	0	0	0	0	0	0	0	0	0	0	0	0	0	0	
0	0	0.00015402	0	0	0	0	0	0	0	0	0	0	0	0	0	0	0	0	0	
0	0	0	0.00015402	0	0	0	0	0	0	0	0	0	0	0	0	0	0	0	0	
0	0	0	0	0.00015402	0	0	0	0	0	0	0	0	0	0	0	0	0	0	0	
0	0	0	0	0	0.00015402	0	0	0	0	0	0	0	0	0	0	0	0	0	0	
0	0	0	0	0	0	0.00015402	0	0	0	0	0	0	0	0	0	0	0	0	0	
0	0	0	0	0	0	0	0.00015402	0	0	0	0	0	0	0	0	0	0	0	0	
0	0	0	0	0	0	0	0	0.00015402	0	0	0	0	0	0	0	0	0	0	0	
0	0	0	0	0	0	0	0	0	0.00015402	0	0	0	0	0	0	0	0	0	0	
0	0	0	0	0	0	0	0	0	0	0.00015402	0	0	0	0	0	0	0	0	0	
0	0	0	0	0	0	0	0	0	0	0	0.00015402	0	0	0	0	0	0	0	0	
0	0	0	0	0	0	0	0	0	0	0	0	0.00015402	0	0	0	0	0	0	0	
0	0	0	0	0	0	0	0	0	0	0	0	0	0.00015402	0	0	0	0	0	0	
0	0	0	0	0	0	0	0	0	0	0	0	0	0	0.00015402	0	0	0	0	0	
0	0	0	0	0	0	0	0	0	0	0	0	0	0	0	0.00015402	0	0	0	0	
0	0	0	0	0	0	0	0	0	0	0	0	0	0	0	0	0.00015402	0	0	0	
0	0	0	0	0	0	0	0	0	0	0	0	0	0	0	0	0	0.00015402	0	0	
0	0	0	0	0	0	0	0	0	0	0	0	0	0	0	0	0	0	0.00015402	0	
0	0	0	0	0	0	0	0	0	0	0	0	0	0	0	0	0	0	0	0.00015402	
***
>covarianceMatrix:
M

***
>covarianceMatrix:
N
0.00671089	0	0	0	
0	0.00671089	0	0	
0	0	0.00671089	0	
0	0	0	0.00671089	
***
>covarianceMatrix:
P
0.000120893	0	0	0	0	0	0	0	0	0	0	0	
0	0.000120893	0	0	0	0	0	0	0	0	0	0	
0	0	0.000120893	0	0	0	0	0	0	0	0	0	
0	0	0	0.000120893	0	0	0	0	0	0	0	0	
0	0	0	0	0.000120893	0	0	0	0	0	0	0	
0	0	0	0	0	0.000120893	0	0	0	0	0	0	
0	0	0	0	0	0	0.000120893	0	0	0	0	0	
0	0	0	0	0	0	0	0.000120893	0	0	0	0	
0	0	0	0	0	0	0	0	0.000120893	0	0	0	
0	0	0	0	0	0	0	0	0	0.000120893	0	0	
0	0	0	0	0	0	0	0	0	0	0.000120893	0	
0	0	0	0	0	0	0	0	0	0	0	0.000120893	
***
>covarianceMatrix:
Q
0.00671089	0	0	0	
0	0.00671089	0	0	
0	0	0.00671089	0	
0	0	0	0.00671089	
***
>covarianceMatrix:
R
6.1897e-05	0	0	0	0	0	0	0	0	0	0	0	0	0	0	0	0	0	0	0	
0	6.1897e-05	0	0	0	0	0	0	0	0	0	0	0	0	0	0	0	0	0	0	
0	0	6.1897e-05	0	0	0	0	0	0	0	0	0	0	0	0	0	0	0	0	0	
0	0	0	6.1897e-05	0	0	0	0	0	0	0	0	0	0	0	0	0	0	0	0	
0	0	0	0	6.1897e-05	0	0	0	0	0	0	0	0	0	0	0	0	0	0	0	
0	0	0	0	0	6.1897e-05	0	0	0	0	0	0	0	0	0	0	0	0	0	0	
0	0	0	0	0	0	6.1897e-05	0	0	0	0	0	0	0	0	0	0	0	0	0	
0	0	0	0	0	0	0	6.1897e-05	0	0	0	0	0	0	0	0	0	0	0	0	
0	0	0	0	0	0	0	0	6.1897e-05	0	0	0	0	0	0	0	0	0	0	0	
0	0	0	0	0	0	0	0	0	6.1897e-05	0	0	0	0	0	0	0	0	0	0	
0	0	0	0	0	0	0	0	0	0	6.1897e-05	0	0	0	0	0	0	0	0	0	
0	0	0	0	0	0	0	0	0	0	0	6.1897e-05	0	0	0	0	0	0	0	0	
0	0	0	0	0	0	0	0	0	0	0	0	6.1897e-05	0	0	0	0	0	0	0	
0	0	0	0	0	0	0	0	0	0	0	0	0	6.1897e-05	0	0	0	0	0	0	
0	0	0	0	0	0	0	0	0	0	0	0	0	0	6.1897e-05	0	0	0	0	0	
0	0	0	0	0	0	0	0	0	0	0	0	0	0	0	6.1897e-05	0	0	0	0	
0	0	0	0	0	0	0	0	0	0	0	0	0	0	0	0	6.1897e-05	0	0	0	
0	0	0	0	0	0	0	0	0	0	0	0	0	0	0	0	0	6.1897e-05	0	0	
0	0	0	0	0	0	0	0	0	0	0	0	0	0	0	0	0	0	6.1897e-05	0	
0	0	0	0	0	0	0	0	0	0	0	0	0	0	0	0	0	0	0	6.1897e-05	
***
>covarianceMatrix:
S
0.000120893	0	0	0	0	0	0	0	0	0	0	0	
0	0.000120893	0	0	0	0	0	0	0	0	0	0	
0	0	0.000120893	0	0	0	0	0	0	0	0	0	
0	0	0	0.000120893	0	0	0	0	0	0	0	0	
0	0	0	0	0.000120893	0	0	0	0	0	0	0	
0	0	0	0	0	0.000120893	0	0	0	0	0	0	
0	0	0	0	0	0	0.000120893	0	0	0	0	0	
0	0	0	0	0	0	0	0.000120893	0	0	0	0	
0	0	0	0	0	0	0	0	0.000120893	0	0	0	
0	0	0	0	0	0	0	0	0	0.000120893	0	0	
0	0	0	0	0	0	0	0	0	0	0.000120893	0	
0	0	0	0	0	0	0	0	0	0	0	0.000120893	
***
>covarianceMatrix:
T
0.000120893	0	0	0	0	0	0	0	0	0	0	0	
0	0.000120893	0	0	0	0	0	0	0	0	0	0	
0	0	0.000120893	0	0	0	0	0	0	0	0	0	
0	0	0	0.000120893	0	0	0	0	0	0	0	0	
0	0	0	0	0.000120893	0	0	0	0	0	0	0	
0	0	0	0	0	0.000120893	0	0	0	0	0	0	
0	0	0	0	0	0	0.000120893	0	0	0	0	0	
0	0	0	0	0	0	0	0.000120893	0	0	0	0	
0	0	0	0	0	0	0	0	0.000120893	0	0	0	
0	0	0	0	0	0	0	0	0	0.000120893	0	0	
0	0	0	0	0	0	0	0	0	0	0.000120893	0	
0	0	0	0	0	0	0	0	0	0	0	0.000120893	
***
>covarianceMatrix:
V
0.000120893	0	0	0	0	0	0	0	0	0	0	0	
0	0.000120893	0	0	0	0	0	0	0	0	0	0	
0	0	0.000120893	0	0	0	0	0	0	0	0	0	
0	0	0	0.000120893	0	0	0	0	0	0	0	0	
0	0	0	0	0.000120893	0	0	0	0	0	0	0	
0	0	0	0	0	0.000120893	0	0	0	0	0	0	
0	0	0	0	0	0	0.000120893	0	0	0	0	0	
0	0	0	0	0	0	0	0.000120893	0	0	0	0	
0	0	0	0	0	0	0	0	0.000120893	0	0	0	
0	0	0	0	0	0	0	0	0	0.000120893	0	0	
0	0	0	0	0	0	0	0	0	0	0.000120893	0	
0	0	0	0	0	0	0	0	0	0	0	0.000120893	
***
>covarianceMatrix:
W

***
>covarianceMatrix:
Y
0.00671089	0	0	0	
0	0.00671089	0	0	
0	0	0.00671089	0	
0	0	0	0.00671089	
***
>covarianceMatrix:
Z
0.00671089	0	0	0	
0	0.00671089	0	0	
0	0	0.00671089	0	
0	0	0	0.00671089	
***
>covarianceMatrix:
X
1	0	0	0	0	0	0	0	
0	1	0	0	0	0	0	0	
0	0	1	0	0	0	0	0	
0	0	0	1	0	0	0	0	
0	0	0	0	1	0	0	0	
0	0	0	0	0	1	0	0	
0	0	0	0	0	0	1	0	
0	0	0	0	0	0	0	1	
***
>std_csp:
0.0134218 0.0134218 0.0134218 0.0134218 0.0134218 0.0134218 0.0134218 0.0134218 0.0134218 0.0134218
0.0134218 0.0134218 0.0134218 0.0134218 0.0314573 0.0314573 0.0314573 0.0314573 0.0314573 0.0134218
0.0134218 0.0134218 0.0134218 0.0134218 0.0262144 0.0262144 0.0262144 0.0262144 0.0262144 0.0134218
0.0134218 0.0134218 0.0134218 0.0134218 0.0134218 0.0134218 0.0134218 0.0134218 0.0134218 0.0134218
>currentMutationParameter:
***
-0.710766 1.88947 -0.867982 0.0705638 -1.4711 1.0265 -0.956087 -1.79125 -1.71225 1.24536
0.776325 1.11069 1.85407 1.13089 1.22678 1.63547 1.43515 -1.18223 0.821136 1.3385
-1.54367 1.77014 1.18176 1.66004 1.22711 0.329222 -0.263207 0.225724 -0.649265 0.834618
-0.737833 -0.450157 -0.920791 2.30219 -0.822656 -0.0541182 1.77304 0.597583 -0.326195 0.641368
***
0.287768 -1.4251 -1.69986 2.01372 -1.22239 -1.52942 1.4425 -0.540236 -1.06749 -0.663764
1.17158 1.91061 -1.67969 -0.142823 -0.0411373 0.318535 0.185455 0.0252715 -0.233356 -1.61336
-1.18253 0.365855 -0.343916 1.67017 -1.24033 0.310642 -0.868138 0.398318 -1.3105 0.570835
-1.06574 -1.76214 0.168199 1.36822 0.511921 0.577955 -1.58421 1.57466 1.11892 1.90977
>currentSelectionParameter:
***
-0.807837 -1.01797 -0.465529 -2.06677 -2.04282 0.326531 1.79238 -1.18969 -0.234909 -0.722109
1.7333 1.4779 0.474789 0.973193 -0.706649 -0.523482 -0.615533 -2.17607 -2.19757 0.0829133
-1.3238 -0.273925 -2.01624 0.954427 -1.88488 -1.80481 0.705609 2.11434 -1.69103 2.01373
0.197873 0.987817 0.661677 1.22079 -0.702146 1.8121 1.48395 0.468371 -1.69636 0.737977
***
0.684299 0.934273 1.53727 0.994759 1.43332 0.648848 0.0839511 -1.68244 1.25888 -1.44077
1.04186 -0.639012 -1.08548 1.42219 0.188969 -0.655433 0.823475 1.08368 -1.24936 1.47637
0.614709 -0.628175 -0.0606109 -0.663507 -1.10213 -1.49631 -0.394009 0.947439 0.1757 0.468293
0.60616 -0.397389 1.13714 -1.0354 -0.65135 0.93697 0.0001454 -1.4743 -0.253696 1.44467
