>Sphi:
1.14615
>Aphi:
3.10504e+231
>numParam:
40
>numMixtures:
2
>std_sphi:
0.1
>std_phi:
***
0.12 0.12 0.12 0.12 0.12 0.12 0.12 0.12 0.12 0.12
0.12 0.12 0.12 0.12 0.12 0.12 0.12 0.12 0.12 0.12
0.12 0.12 0.12 0.12 0.12 0.12 0.12 0.12 0.12 0.12
0.12 0.12 0.12 0.12 0.12 0.12 0.12 0.12 0.12 0.12
0.12 0.12 0.12 0.12 0.12 0.12 0.12 0.12 0.12 0.12
0.12 0.12 0.12 0.12 0.12 0.12 0.12 0.12 0.12 0.12
0.12 0.12 0.12 0.12 0.12 0.12 0.12 0.12 0.12 0.12
0.12 0.12 0.12 0.12 0.12 0.12 0.12 0.12 0.12 0.12
0.12 0.12 0.12 0.12 0.12 0.12 0.12 0.12 0.12 0.12
0.12 0.12 0.12 0.12 0.12 0.12 0.12 0.12 0.12 0.12
0.12 0.12 0.12 0.12 0.12 0.12 0.12 0.12 0.12 0.12
0.12 0.12 0.12 0.12 0.12 0.12 0.12 0.12 0.12 0.12
0.12 0.12 0.12 0.12 0.12 0.12 0.12 0.12 0.12 0.12
0.12 0.12 0.12 0.12 0.12 0.12 0.12 0.12 0.12 0.12
0.12 0.12 0.12 0.12 0.12 0.12 0.12 0.12 0.12 0.12
0.12 0.12 0.12 0.12 0.12 0.12 0.12 0.12 0.12 0.12
0.12 0.12 0.12 0.12 0.12 0.12 0.12 0.12 0.12 0.12
0.12 0.12 0.12 0.12 0.12 0.12 0.12 0.12 0.12 0.12
0.12 0.12 0.12 0.12 0.12 0.12 0.12 0.12 0.12 0.12
0.12 0.12 0.12 0.12 0.12 0.12 0.12 0.12 0.12 0.12
0.12 0.12 0.12 0.12 0.12 0.12 0.12 0.12 0.12 0.12
0.12 0.12 0.12 0.12 0.12 0.12 0.12 0.12 0.12 0.12
0.12 0.12 0.12 0.12 0.12 0.12 0.12 0.12 0.12 0.12
0.12 0.12 0.12 0.12 0.12 0.12 0.12 0.12 0.12 0.12
0.12 0.12 0.12 0.12 0.12 0.12 0.12 0.12 0.12 0.12
0.12 0.12 0.12 0.12 0.12 0.12 0.12 0.12 0.12 0.12
0.12 0.12 0.12 0.12 0.12 0.12 0.12 0.12 0.12 0.12
0.12 0.12 0.12 0.12 0.12 0.12 0.12 0.12 0.12 0.12
0.12 0.12 0.12 0.12 0.12 0.12 0.12 0.12 0.12 0.12
0.12 0.12 0.12 0.12 0.12 0.12 0.12 0.12 0.12 0.12
0.12 0.12 0.12 0.12 0.12 0.12 0.12 0.12 0.12 0.12
0.12 0.12 0.12 0.12 0.12 0.12 0.12 0.12 0.12 0.12
0.12 0.12 0.12 0.12 0.12 0.12 0.12 0.12 0.12 0.12
0.12 0.12 0.12 0.12 0.12 0.12 0.12 0.12 0.12 0.12
0.12 0.12 0.12 0.12 0.12 0.12 0.12 0.12 0.12 0.12
0.12 0.12 0.12 0.12 0.12 0.12 0.12 0.12 0.12 0.12
0.12 0.12 0.12 0.12 0.12 0.12 0.12 0.12 0.12 0.12
0.12 0.12 0.12 0.12 0.12 0.12 0.12 0.12 0.12 0.12
0.12 0.12 0.12 0.12 0.12 0.12 0.12 0.12 0.12 0.12
0.12 0.12 0.12 0.12 0.12 0.12 0.12 0.12 0.12 0.12
0.12 0.12 0.12 0.12 0.12 0.12 0.12 0.12 0.12 0.12
0.12 0.12 0.12 0.12 0.12 0.12 0.12 0.12 0.12 0.12
0.12 0.12 0.12 0.12 0.12 0.12 0.12 0.12 0.12 0.12
0.12 0.12 0.12 0.12 0.12 0.12 0.12 0.12 0.12 0.12
0.12 0.12 0.12 0.12 0.12 0.12 0.12 0.12 0.12 0.12
0.12 0.12 0.12 0.12 0.12 0.12 0.12 0.12 0.12 0.12
0.12 0.12 0.12 0.12 0.12 0.12 0.12 0.12 0.12 0.12
0.12 0.12 0.12 0.12 0.12 0.12 0.12 0.12 0.12 0.12
0.12 0.12 0.12 0.12 0.12 0.12 0.12 0.12 0.12 0.12
0.12 0.12 0.12 0.12 0.12 0.12 0.12 0.12 0.12 0.12
0.12 0.12 0.12 0.12 0.12 0.12 0.12 0.12 0.12 0.12
0.12 0.12 0.12 0.12 0.12 0.12 0.12 0.12 0.12 0.12
0.12 0.12 0.12 0.12 0.12 0.12 0.12 0.12 0.12 0.12
0.12 0.12 0.12 0.12 0.12 0.12 0.12 0.12 0.12 0.12
0.12 0.12 0.12 0.12 0.12 0.12 0.12 0.12 0.12 0.12
0.12 0.12 0.12 0.12 0.12 0.12 0.12 0.12 0.12 0.12
0.12 0.12 0.12 0.12 0.12 0.12 0.12 0.12 0.12 0.12
0.12 0.12 0.12 0.12 0.12 0.12 0.12 0.12 0.12 0.12
0.12 0.12 0.12 0.12 0.12 0.12 0.12 0.12 0.12 0.12
0.12 0.12 0.12 0.12 0.12 0.12 0.12 0.12 0.12 0.12
0.12 0.12 0.12 0.12 0.12 0.12 0.12 0.12 0.12 0.12
0.12 0.12 0.12 0.12 0.12 0.12 0.12 0.12 0.12 0.12
0.12 0.12 0.12 0.12 0.12 0.12 0.12 0.12 0.12 0.12
0.12 0.12 0.12 0.12 0.12 0.12 0.12 0.12 0.12 0.12
0.12 0.12 0.12 0.12 0.12 0.12 0.12 0.12 0.12 0.12
0.12 0.12 0.12 0.12 0.12 0.12 0.12 0.12 0.12 0.12
0.12 0.12 0.12 0.12 0.12 0.12 0.12 0.12 0.12 0.12
0.12 0.12 0.12 0.12 0.12 0.12 0.12 0.12 0.12 0.12
0.12 0.12 0.12 0.12 0.12 0.12 0.12 0.12 0.12 0.12
0.12 0.12 0.12 0.12 0.12 0.12 0.12 0.12 0.12 0.12
0.12 0.12 0.12 0.12 0.12 0.12 0.12 0.12 0.12 0.12
0.12 0.12 0.12 0.12 0.12 0.12 0.12 0.12 0.12 0.12
0.12 0.12 0.12 0.12 0.12 0.12 0.12 0.12 0.12 0.12
0.12 0.12 0.12 0.12 0.12 0.12 0.12 0.12 0.12 0.12
0.12 0.12 0.12 0.12 0.12 0.12 0.12 0.12 0.12 0.12
0.12 0.12 0.12 0.12 0.12 0.12 0.12 0.12 0.12 0.12
0.12 0.12 0.12 0.12 0.12 0.12 0.12 0.12 0.12 0.12
0.12 0.12 0.12 0.12 0.12 0.12 0.12 0.12 0.12 0.12
0.12 0.12 0.12 0.12 0.12 0.12 0.12 0.12 0.12 0.12
0.12 0.12 0.12 0.12 0.12 0.12 0.12 0.12 0.12 0.12
0.12 0.12 0.12 0.12 0.12 0.12 0.12 0.12 0.12 0.12
0.12 0.12 0.12 0.12 0.12 0.12 0.12 0.12 0.12 0.12
0.12 0.12 0.12 0.12 0.12 0.12 0.12 0.12 0.12 0.12
0.12 0.12 0.12 0.12 0.12 0.12 0.12 0.12 0.12 0.12
0.12 0.12 0.12 0.12 0.12 0.12 0.12 0.12 0.12 0.12
0.12 0.12 0.12 0.12 0.12 0.12 0.12 0.12 0.12 0.12
0.12 0.12 0.12 0.12 0.12 0.12 0.12 0.12 0.12 0.12
0.12 0.12 0.12 0.12 0.12 0.12 0.12 0.12 0.12 0.12
0.12 0.12 0.12 0.12 0.12 0.12 0.12 0.12 0.12 0.12
0.12 0.12 0.12 0.12 0.12 0.12 0.12 0.12 0.12 0.12
0.12 0.12 0.12 0.12 0.12 0.12 0.12 0.12 0.12 0.12
0.12 0.12 0.12 0.12 0.12 0.12 0.12 0.12 0.12 0.12
0.12 0.12 0.12 0.12 0.12 0.12 0.12 0.12 0.12 0.12
0.12 0.12 0.12 0.12 0.12 0.12 0.12 0.12 0.12 0.12
0.12 0.12 0.12 0.12 0.12 0.12 0.12 0.12 0.12 0.12
0.12 0.12 0.12 0.12 0.12 0.12 0.12 0.12 0.12 0.12
0.12 0.12 0.12 0.12 0.12 0.12 0.12 0.12 0.12 0.12
0.12 0.12 0.12 0.12 0.12 0.12 0.12 0.12 0.12 0.12
0.12 0.12 0.12 0.12 0.12 0.12 0.12 0.12 0.12 0.12
0.12 0.12 0.12 0.12 0.12 0.12 0.12 0.12 0.12 0.12
***
0.12 0.12 0.12 0.12 0.12 0.12 0.12 0.12 0.12 0.12
0.12 0.12 0.12 0.12 0.12 0.12 0.12 0.12 0.12 0.12
0.12 0.12 0.12 0.12 0.12 0.12 0.12 0.12 0.12 0.12
0.12 0.12 0.12 0.12 0.12 0.12 0.12 0.12 0.12 0.12
0.12 0.12 0.12 0.12 0.12 0.12 0.12 0.12 0.12 0.12
0.12 0.12 0.12 0.12 0.12 0.12 0.12 0.12 0.12 0.12
0.12 0.12 0.12 0.12 0.12 0.12 0.12 0.12 0.12 0.12
0.12 0.12 0.12 0.12 0.12 0.12 0.12 0.12 0.12 0.12
0.12 0.12 0.12 0.12 0.12 0.12 0.12 0.12 0.12 0.12
0.12 0.12 0.12 0.12 0.12 0.12 0.12 0.12 0.12 0.12
0.12 0.12 0.12 0.12 0.12 0.12 0.12 0.12 0.12 0.12
0.12 0.12 0.12 0.12 0.12 0.12 0.12 0.12 0.12 0.12
0.12 0.12 0.12 0.12 0.12 0.12 0.12 0.12 0.12 0.12
0.12 0.12 0.12 0.12 0.12 0.12 0.12 0.12 0.12 0.12
0.12 0.12 0.12 0.12 0.12 0.12 0.12 0.12 0.12 0.12
0.12 0.12 0.12 0.12 0.12 0.12 0.12 0.12 0.12 0.12
0.12 0.12 0.12 0.12 0.12 0.12 0.12 0.12 0.12 0.12
0.12 0.12 0.12 0.12 0.12 0.12 0.12 0.12 0.12 0.12
0.12 0.12 0.12 0.12 0.12 0.12 0.12 0.12 0.12 0.12
0.12 0.12 0.12 0.12 0.12 0.12 0.12 0.12 0.12 0.12
0.12 0.12 0.12 0.12 0.12 0.12 0.12 0.12 0.12 0.12
0.12 0.12 0.12 0.12 0.12 0.12 0.12 0.12 0.12 0.12
0.12 0.12 0.12 0.12 0.12 0.12 0.12 0.12 0.12 0.12
0.12 0.12 0.12 0.12 0.12 0.12 0.12 0.12 0.12 0.12
0.12 0.12 0.12 0.12 0.12 0.12 0.12 0.12 0.12 0.12
0.12 0.12 0.12 0.12 0.12 0.12 0.12 0.12 0.12 0.12
0.12 0.12 0.12 0.12 0.12 0.12 0.12 0.12 0.12 0.12
0.12 0.12 0.12 0.12 0.12 0.12 0.12 0.12 0.12 0.12
0.12 0.12 0.12 0.12 0.12 0.12 0.12 0.12 0.12 0.12
0.12 0.12 0.12 0.12 0.12 0.12 0.12 0.12 0.12 0.12
0.12 0.12 0.12 0.12 0.12 0.12 0.12 0.12 0.12 0.12
0.12 0.12 0.12 0.12 0.12 0.12 0.12 0.12 0.12 0.12
0.12 0.12 0.12 0.12 0.12 0.12 0.12 0.12 0.12 0.12
0.12 0.12 0.12 0.12 0.12 0.12 0.12 0.12 0.12 0.12
0.12 0.12 0.12 0.12 0.12 0.12 0.12 0.12 0.12 0.12
0.12 0.12 0.12 0.12 0.12 0.12 0.12 0.12 0.12 0.12
0.12 0.12 0.12 0.12 0.12 0.12 0.12 0.12 0.12 0.12
0.12 0.12 0.12 0.12 0.12 0.12 0.12 0.12 0.12 0.12
0.12 0.12 0.12 0.12 0.12 0.12 0.12 0.12 0.12 0.12
0.12 0.12 0.12 0.12 0.12 0.12 0.12 0.12 0.12 0.12
0.12 0.12 0.12 0.12 0.12 0.12 0.12 0.12 0.12 0.12
0.12 0.12 0.12 0.12 0.12 0.12 0.12 0.12 0.12 0.12
0.12 0.12 0.12 0.12 0.12 0.12 0.12 0.12 0.12 0.12
0.12 0.12 0.12 0.12 0.12 0.12 0.12 0.12 0.12 0.12
0.12 0.12 0.12 0.12 0.12 0.12 0.12 0.12 0.12 0.12
0.12 0.12 0.12 0.12 0.12 0.12 0.12 0.12 0.12 0.12
0.12 0.12 0.12 0.12 0.12 0.12 0.12 0.12 0.12 0.12
0.12 0.12 0.12 0.12 0.12 0.12 0.12 0.12 0.12 0.12
0.12 0.12 0.12 0.12 0.12 0.12 0.12 0.12 0.12 0.12
0.12 0.12 0.12 0.12 0.12 0.12 0.12 0.12 0.12 0.12
0.12 0.12 0.12 0.12 0.12 0.12 0.12 0.12 0.12 0.12
0.12 0.12 0.12 0.12 0.12 0.12 0.12 0.12 0.12 0.12
0.12 0.12 0.12 0.12 0.12 0.12 0.12 0.12 0.12 0.12
0.12 0.12 0.12 0.12 0.12 0.12 0.12 0.12 0.12 0.12
0.12 0.12 0.12 0.12 0.12 0.12 0.12 0.12 0.12 0.12
0.12 0.12 0.12 0.12 0.12 0.12 0.12 0.12 0.12 0.12
0.12 0.12 0.12 0.12 0.12 0.12 0.12 0.12 0.12 0.12
0.12 0.12 0.12 0.12 0.12 0.12 0.12 0.12 0.12 0.12
0.12 0.12 0.12 0.12 0.12 0.12 0.12 0.12 0.12 0.12
0.12 0.12 0.12 0.12 0.12 0.12 0.12 0.12 0.12 0.12
0.12 0.12 0.12 0.12 0.12 0.12 0.12 0.12 0.12 0.12
0.12 0.12 0.12 0.12 0.12 0.12 0.12 0.12 0.12 0.12
0.12 0.12 0.12 0.12 0.12 0.12 0.12 0.12 0.12 0.12
0.12 0.12 0.12 0.12 0.12 0.12 0.12 0.12 0.12 0.12
0.12 0.12 0.12 0.12 0.12 0.12 0.12 0.12 0.12 0.12
0.12 0.12 0.12 0.12 0.12 0.12 0.12 0.12 0.12 0.12
0.12 0.12 0.12 0.12 0.12 0.12 0.12 0.12 0.12 0.12
0.12 0.12 0.12 0.12 0.12 0.12 0.12 0.12 0.12 0.12
0.12 0.12 0.12 0.12 0.12 0.12 0.12 0.12 0.12 0.12
0.12 0.12 0.12 0.12 0.12 0.12 0.12 0.12 0.12 0.12
0.12 0.12 0.12 0.12 0.12 0.12 0.12 0.12 0.12 0.12
0.12 0.12 0.12 0.12 0.12 0.12 0.12 0.12 0.12 0.12
0.12 0.12 0.12 0.12 0.12 0.12 0.12 0.12 0.12 0.12
0.12 0.12 0.12 0.12 0.12 0.12 0.12 0.12 0.12 0.12
0.12 0.12 0.12 0.12 0.12 0.12 0.12 0.12 0.12 0.12
0.12 0.12 0.12 0.12 0.12 0.12 0.12 0.12 0.12 0.12
0.12 0.12 0.12 0.12 0.12 0.12 0.12 0.12 0.12 0.12
0.12 0.12 0.12 0.12 0.12 0.12 0.12 0.12 0.12 0.12
0.12 0.12 0.12 0.12 0.12 0.12 0.12 0.12 0.12 0.12
0.12 0.12 0.12 0.12 0.12 0.12 0.12 0.12 0.12 0.12
0.12 0.12 0.12 0.12 0.12 0.12 0.12 0.12 0.12 0.12
0.12 0.12 0.12 0.12 0.12 0.12 0.12 0.12 0.12 0.12
0.12 0.12 0.12 0.12 0.12 0.12 0.12 0.12 0.12 0.12
0.12 0.12 0.12 0.12 0.12 0.12 0.12 0.12 0.12 0.12
0.12 0.12 0.12 0.12 0.12 0.12 0.12 0.12 0.12 0.12
0.12 0.12 0.12 0.12 0.12 0.12 0.12 0.12 0.12 0.12
0.12 0.12 0.12 0.12 0.12 0.12 0.12 0.12 0.12 0.12
0.12 0.12 0.12 0.12 0.12 0.12 0.12 0.12 0.12 0.12
0.12 0.12 0.12 0.12 0.12 0.12 0.12 0.12 0.12 0.12
0.12 0.12 0.12 0.12 0.12 0.12 0.12 0.12 0.12 0.12
0.12 0.12 0.12 0.12 0.12 0.12 0.12 0.12 0.12 0.12
0.12 0.12 0.12 0.12 0.12 0.12 0.12 0.12 0.12 0.12
0.12 0.12 0.12 0.12 0.12 0.12 0.12 0.12 0.12 0.12
0.12 0.12 0.12 0.12 0.12 0.12 0.12 0.12 0.12 0.12
0.12 0.12 0.12 0.12 0.12 0.12 0.12 0.12 0.12 0.12
0.12 0.12 0.12 0.12 0.12 0.12 0.12 0.12 0.12 0.12
0.12 0.12 0.12 0.12 0.12 0.12 0.12 0.12 0.12 0.12
0.12 0.12 0.12 0.12 0.12 0.12 0.12 0.12 0.12 0.12
0.12 0.12 0.12 0.12 0.12 0.12 0.12 0.12 0.12 0.12
0.12 0.12 0.12 0.12 0.12 0.12 0.12 0.12 0.12 0.12
>categories:
0 0
1 1
>mixtureAssignment:
0 0 0 0 0 0 0 0 0 0 0 0 0 0 0 0 0 0 0 0 0 0 0 0 0 0 0 0 0 0 0 0 0 0 0 0 0 0 0 0 0 0 0 0 0 0 0 0 0 0
0 0 0 0 0 0 0 0 0 0 0 0 0 0 0 0 0 0 0 0 0 0 0 0 0 0 0 0 0 0 0 0 0 0 0 0 0 0 0 0 0 0 0 0 0 0 0 0 0 0
0 0 0 0 0 0 0 0 0 0 0 0 0 0 0 0 0 0 0 0 0 0 0 0 0 0 0 0 0 0 0 0 0 0 0 0 0 0 0 0 0 0 0 0 0 0 0 0 0 0
0 0 0 0 0 0 0 0 0 0 0 0 0 0 0 0 0 0 0 0 0 0 0 0 0 0 0 0 0 0 0 0 0 0 0 0 0 0 0 0 0 0 0 0 0 0 0 0 0 0
0 0 0 0 0 0 0 0 0 0 0 0 0 0 0 0 0 0 0 0 0 0 0 0 0 0 0 0 0 0 0 0 0 0 0 0 0 0 0 0 0 0 0 0 0 0 0 0 0 0
0 0 0 0 0 0 0 0 0 0 0 0 0 0 0 0 0 0 0 0 0 0 0 0 0 0 0 0 0 0 0 0 0 0 0 0 0 0 0 0 0 0 0 0 0 0 0 0 0 0
0 0 0 0 0 0 0 0 0 0 0 0 0 0 0 0 0 0 0 0 0 0 0 0 0 0 0 0 0 0 0 0 0 0 0 0 0 0 0 0 0 0 0 0 0 0 0 0 0 0
0 0 0 0 0 0 0 0 0 0 0 0 0 0 0 0 0 0 0 0 0 0 0 0 0 0 0 0 0 0 0 0 0 0 0 0 0 0 0 0 0 0 0 0 0 0 0 0 0 0
0 0 0 0 0 0 0 0 0 0 0 0 0 0 0 0 0 0 0 0 0 0 0 0 0 0 0 0 0 0 0 0 0 0 0 0 0 0 0 0 0 0 0 0 0 0 0 0 0 0
0 0 0 0 0 0 0 0 0 0 0 0 0 0 0 0 0 0 0 0 0 0 0 0 0 0 0 0 0 0 0 0 0 0 0 0 0 0 0 0 0 0 0 0 0 0 0 0 0 0
1 1 1 1 1 1 1 1 1 1 1 1 1 1 1 1 1 1 1 1 1 1 1 1 1 1 1 1 1 1 1 1 1 1 1 1 1 1 1 1 1 1 1 1 1 1 1 1 1 1
1 1 1 1 1 1 1 1 1 1 1 1 1 1 1 1 1 1 1 1 1 1 1 1 1 1 1 1 1 1 1 1 1 1 1 1 1 1 1 1 1 1 1 1 1 1 1 1 1 1
1 1 1 1 1 1 1 1 1 1 1 1 1 1 1 1 1 1 1 1 1 1 1 1 1 1 1 1 1 1 1 1 1 1 1 1 1 1 1 1 1 1 1 1 1 1 1 1 1 1
1 1 1 1 1 1 1 1 1 1 1 1 1 1 1 1 1 1 1 1 1 1 1 1 1 1 1 1 1 1 1 1 1 1 1 1 1 1 1 1 1 1 1 1 1 1 1 1 1 1
1 1 1 1 1 1 1 1 1 1 1 1 1 1 1 1 1 1 1 1 1 1 1 1 1 1 1 1 1 1 1 1 1 1 1 1 1 1 1 1 1 1 1 1 1 1 1 1 1 1
1 1 1 1 1 1 1 1 1 1 1 1 1 1 1 1 1 1 1 1 1 1 1 1 1 1 1 1 1 1 1 1 1 1 1 1 1 1 1 1 1 1 1 1 1 1 1 1 1 1
1 1 1 1 1 1 1 1 1 1 1 1 1 1 1 1 1 1 1 1 1 1 1 1 1 1 1 1 1 1 1 1 1 1 1 1 1 1 1 1 1 1 1 1 1 1 1 1 1 1
1 1 1 1 1 1 1 1 1 1 1 1 1 1 1 1 1 1 1 1 1 1 1 1 1 1 1 1 1 1 1 1 1 1 1 1 1 1 1 1 1 1 1 1 1 1 1 1 1 1
1 1 1 1 1 1 1 1 1 1 1 1 1 1 1 1 1 1 1 1 1 1 1 1 1 1 1 1 1 1 1 1 1 1 1 1 1 1 1 1 1 1 1 1 1 1 1 1 1 1
1 1 1 1 1 1 1 1 1 1 1 1 1 1 1 1 1 1 1 1 1 1 1 1 1 1 1 1 1 1 1 1 1 1 1 1 1 1 1 1 1 1 1 1 1 1 1 1 1 1
>numMutationCategories:
2
>numSelectionCategories:
2
>categoryProbabilities:
0.533321 0.466679 
>selectionIsInMixture:
***
0 
***
1 
>mutationIsInMixture:
***
0 
***
1 
>currentSynthesisRateLevel:
***
0.619038 1.31256 0.655852 0.663317 1.01442 0.820555 0.0370642 0.46821 0.740097 0.220298
2.14262 0.310474 0.115729 0.690867 0.391577 2.22986 0.311722 0.0583997 0.951878 1.20003
0.346993 0.407726 1.02797 1.17987 1.0877 0.161567 0.173034 0.362871 0.0741972 1.17571
0.355013 0.214779 2.8008 1.32409 1.13718 1.56211 0.159663 1.06776 2.21989 2.48673
0.42558 0.903325 0.643397 0.231704 2.22215 0.55967 2.82748 0.420987 1.23877 2.92458
0.0274123 0.614877 0.261005 0.370866 0.120827 1.22945 0.557582 1.97689 0.509498 0.309555
0.821434 0.170093 0.45031 0.407277 0.276295 0.845964 1.1107 0.252929 0.155725 0.155174
0.296409 0.40237 0.355277 0.756394 1.22121 0.76373 0.578562 0.25883 0.786735 0.0334827
0.687346 0.174577 2.46623 0.682055 0.0852445 1.51838 1.00938 0.474507 0.411987 2.24012
0.893567 0.0628292 0.0925529 0.452094 3.07795 2.13734 0.310919 0.0677557 0.347016 0.672523
0.27746 0.249288 0.759712 0.286135 1.38081 2.64423 3.64535 0.835562 1.52163 1.94668
3.67368 2.99195 0.0915229 0.907326 0.589899 0.294707 0.89623 0.302869 0.0632496 0.317386
2.74122 1.45465 1.22766 0.24058 0.429144 0.481848 0.749771 0.31434 2.44274 0.136451
0.286099 0.216629 0.104565 0.711229 0.388444 3.39313 1.12392 0.0683436 1.70823 0.0918693
2.07308 0.346607 0.461555 0.923569 0.379968 0.210788 0.270809 1.05184 0.394843 1.99395
0.0375476 0.201429 0.0958626 1.66693 2.29763 0.421733 0.24002 0.42023 2.46911 1.68838
1.47973 0.278802 1.19618 0.610194 0.429824 0.51109 0.12384 1.41654 0.171301 0.335511
0.861267 5.08876 0.200663 1.45736 0.221463 2.72551 0.502877 1.03123 0.0509339 0.0936131
1.48437 2.06538 0.28335 0.0345163 4.40074 0.134771 0.284626 0.684931 4.53726 3.7622
0.660825 1.38027 0.393721 0.706195 0.761039 0.101602 0.241852 4.6811 0.110864 0.209072
1.06967 0.447644 1.04133 0.576587 0.379051 0.26879 0.930725 2.66346 0.835422 1.87657
1.2859 0.75075 0.103087 1.97369 0.553126 1.47242 1.25292 1.82468 0.76218 0.0526492
0.444344 0.6629 0.68127 0.0381083 1.1634 0.806547 0.0720786 0.266778 0.544544 0.155917
0.383739 2.17817 0.0764087 1.3212 2.25024 1.69252 0.857636 0.351507 0.131664 0.130599
0.417163 1.19075 0.85568 1.01118 0.12166 0.49061 0.890166 0.28447 0.221783 0.160769
0.15411 0.52142 0.26561 0.388517 0.675221 1.13278 0.546842 0.715673 0.23397 2.75191
0.150195 0.203063 0.884088 0.568942 1.85624 0.799527 0.855212 0.736723 0.240746 2.72157
1.1495 1.91097 0.506658 0.0730174 0.076988 0.0600954 0.807011 0.290948 0.351435 0.759398
0.557565 1.94322 0.127335 0.710017 0.148498 1.15015 0.0706599 0.61957 0.450374 0.892778
0.268957 0.335415 0.0968442 3.13089 0.070872 2.5446 0.112832 2.04341 0.401645 0.052399
1.96183 0.0708299 0.705641 0.723683 2.20181 1.35108 4.13836 0.181556 0.0975343 2.47775
0.390571 2.78604 0.60998 0.241693 0.129648 0.761982 0.895622 0.0686322 1.25602 0.267448
3.19662 0.137142 0.489354 0.123035 0.0581031 0.116645 0.218197 0.439146 3.44087 0.0877166
0.0592529 1.09787 1.34029 0.218841 0.300041 0.606472 1.20052 0.327965 0.305308 2.84623
1.6644 0.605519 0.569129 0.0639896 1.03123 0.316398 0.086917 3.07951 0.262668 1.57794
0.540919 0.175572 0.508142 0.346081 0.668758 1.13643 0.807319 0.264093 0.421692 0.19966
0.232201 0.932064 1.10206 0.313497 0.222659 0.465917 2.27919 3.51089 1.49282 0.148226
0.397476 0.211309 0.964379 0.786461 1.46463 0.246919 0.788681 0.194039 0.385017 0.159609
1.64158 1.7153 0.436501 6.21368 0.440822 0.65747 0.0580202 0.320079 1.2201 1.45339
0.44021 0.347725 1.27507 0.401584 0.0708374 1.79383 7.89138 0.420947 0.493954 1.14165
0.812529 0.770803 3.28122 1.61532 0.096446 0.621585 1.04708 0.41967 0.766992 0.319407
0.144615 0.480728 0.193886 0.878286 1.5286 2.54911 0.607602 4.62674 0.351393 1.76667
1.86403 0.224307 0.129027 0.362872 2.08009 0.448597 0.276982 0.936771 0.985388 0.417299
1.31804 0.21127 0.452213 0.368646 1.09183 0.536216 0.695289 0.208036 0.199073 2.36546
0.226254 1.2994 0.341856 1.36795 0.977916 1.49633 0.723095 0.161579 1.11895 1.16698
1.40707 2.41491 0.157834 0.381647 0.409781 1.25275 3.34952 1.56743 1.70752 0.145532
1.05554 1.56997 0.920077 0.593411 0.279919 0.157978 0.45446 0.571156 0.987533 0.463613
0.884639 0.0902934 1.86074 1.12097 1.65269 0.03611 0.648366 0.2885 0.219739 0.895885
8.55491 1.9097 0.444195 0.104144 0.279064 0.849181 1.08426 2.55186 0.388521 0.605311
1.15232 0.741358 1.40822 0.650858 1.24786 0.241877 0.157602 0.565392 0.617116 0.221544
0.0309187 0.0582805 0.0198347 0.00919596 0.0323322 0.036713 0.0165278 0.0505348 0.018908 0.00983554
0.0379508 0.0628428 0.00723383 0.0158122 0.0203358 0.0296705 0.0435156 0.0677884 0.0207212 0.0333855
0.0244508 0.0404339 0.0568524 0.0190417 0.00856013 0.00509594 0.0217283 0.0158386 0.0256143 0.0485241
0.0148889 0.0158567 0.0434558 0.0244499 0.0792888 0.0253615 0.0326691 0.0307531 0.00839701 0.0176282
0.0158238 0.0809849 0.0219159 0.011017 0.0178254 0.0406064 0.0202656 0.0337312 0.0210462 0.0251453
0.0120661 0.0105115 0.0240229 0.0228838 0.23233 0.0125682 0.014328 0.00584524 0.0103681 0.0328457
0.0125564 0.0271795 0.0259572 0.012638 0.0372588 0.0204851 0.00612849 0.0531541 0.00963266 0.0316539
0.0205546 0.0617718 0.0229491 0.0149303 0.0255107 0.0374724 0.0226367 0.0517081 0.0359371 0.0337568
0.0359993 0.0266543 0.0200255 0.0345915 0.00753061 0.0288517 0.0158709 0.0495223 0.0129672 0.0416092
0.0209479 0.0654303 0.0374829 0.0226289 0.0235081 0.00298655 0.00598425 0.00836354 0.0123375 0.0199534
0.00866515 0.0386659 0.0152403 0.0274521 0.0318028 0.0169776 0.0449045 0.0246991 0.0312767 0.149238
0.0837417 0.0232249 0.0114898 0.00470831 0.0291204 0.0095755 0.0331149 0.0128136 0.0308515 0.0093918
0.0210064 0.0107254 0.0150054 0.00601496 0.0211137 0.0399275 0.0482565 0.0196936 0.0322739 0.0486809
0.0444441 0.0254229 0.0168254 0.050703 0.019469 0.0128434 0.0153161 0.0250465 0.0713245 0.0284815
0.15696 0.0178021 0.020274 0.0448905 0.0279301 0.0224568 0.0155542 0.0197137 0.0421552 0.0227741
0.0254394 0.0579965 0.0119073 0.036511 0.0205518 0.0241094 0.0234178 0.0632849 0.0539912 0.00947962
0.025198 0.0133516 0.0461901 0.0278729 0.0163878 0.0384343 0.00778887 0.0244554 0.0179192 0.0156095
0.0138584 0.031157 0.0138112 0.0724942 0.0188799 0.0343657 0.00434357 0.034026 0.0409593 0.018278
0.0172144 0.0172878 0.0223459 0.0076084 0.037552 0.0239883 0.0222456 0.0331318 0.0765089 0.0212066
0.0506536 0.00847803 0.00852133 0.015378 0.00738499 0.0255236 0.0206121 0.0415433 0.0811413 0.0308631
0.0344704 0.0110534 0.0316463 0.00689362 0.0495487 0.0127724 0.0226918 0.01346 0.036653 0.0197963
0.0275634 0.0148108 0.0386745 0.0158531 0.0219855 0.0232481 0.0216713 0.0354634 0.0161626 0.026958
0.0246615 0.00318868 0.0111829 0.0171523 0.052097 0.0390761 0.0832062 0.0196845 0.0379469 0.0173915
0.0351721 0.0478881 0.0151207 0.0074613 0.0310476 0.0266998 0.00478409 0.0070949 0.0157371 0.0214431
0.0501368 0.0221405 0.0449649 0.0261971 0.00835965 0.0165834 0.0198332 0.0172292 0.0181013 0.0144758
0.0107725 0.0224269 0.0357883 0.0430191 0.013228 0.0194964 0.0312352 0.0199425 0.0082606 0.0191402
0.0185828 0.0159524 0.00838951 0.0467994 0.00905273 0.0207897 0.0148898 0.025738 0.0165144 0.0305043
0.0607605 0.0260435 0.0321671 0.00781297 0.0258385 0.0377986 0.0178971 0.00485387 0.0281843 0.0109808
0.0487209 0.0348312 0.00709931 0.0347868 0.0113728 0.0405066 0.0241188 0.0192107 0.0288276 0.017866
0.0220717 0.0100016 0.0282379 0.0133063 0.0241171 0.00772101 0.0330606 0.00649022 0.0501385 0.037469
0.00676658 0.0146621 0.0080157 0.051323 0.0200641 0.0084027 0.0361723 0.0335044 0.0208286 0.0116621
0.00591963 0.0682148 0.00871528 0.0194479 0.0788475 0.0100939 0.0181161 0.0126332 0.0219942 0.0242615
0.0516504 0.00562498 0.0108527 0.0073922 0.0174763 0.01069 0.0123094 0.0203953 0.0382367 0.0129107
0.0144825 0.0167386 0.0369664 0.0131721 0.0109556 0.0353589 0.0547403 0.0150769 0.0156363 0.0130072
0.0882689 0.00854606 0.0125715 0.0171908 0.0116344 0.0152396 0.0567588 0.0229649 0.0816458 0.030082
0.0279391 0.00817292 0.0224927 0.0215133 0.0190499 0.0739843 0.0164951 0.0107702 0.0283705 0.0161752
0.0207808 0.0148507 0.00834641 0.0108608 0.0276565 0.00779134 0.0157742 0.0232782 0.0317436 0.00758611
0.0213568 0.0180998 0.0129806 0.00732056 0.0200965 0.02731 0.0170848 0.029607 0.012665 0.0251655
0.0250684 0.0201893 0.0211809 0.0116054 0.0128988 0.113184 0.0302876 0.0372339 0.0175481 0.0142231
0.0095934 0.0324567 0.0255581 0.0180306 0.138281 0.014178 0.0204346 0.035853 0.0299248 0.0186686
0.0148853 0.0151455 0.0381165 0.0153625 0.0165665 0.0226481 0.0210451 0.0137009 0.0768967 0.170593
0.0413848 0.00881737 0.00924758 0.0295953 0.0496176 0.0228967 0.00976673 0.0108882 0.0147151 0.0171651
0.0277164 0.0138052 0.00649739 0.0589671 0.019986 0.0119664 0.0283332 0.0393301 0.0611622 0.00591784
0.0217443 0.00925272 0.00783978 0.0310492 0.0141579 0.025668 0.0194251 0.00768294 0.0274096 0.00903512
0.0138181 0.0365533 0.050015 0.013656 0.0608507 0.0180702 0.0418676 0.0201763 0.0119975 0.013396
0.031608 0.0128033 0.0315222 0.0143244 0.0401074 0.015063 0.0165814 0.0122106 0.0404921 0.0334665
0.0186753 0.0150663 0.00921763 0.091714 0.016409 0.0188539 0.0256201 0.0143225 0.0207871 0.0104149
0.0389409 0.0180154 0.0537194 0.0241754 0.00924502 0.00621814 0.0307888 0.0300955 0.0182002 0.00922768
0.0213133 0.125409 0.030137 0.0637239 0.00985827 0.0124456 0.0382186 0.00731002 0.0120484 0.0224297
0.0256654 0.0217727 0.00852878 0.028034 0.00721136 0.0218856 0.0370282 0.174216 0.0124785 0.0227882
***
0.0949261 0.087805 0.0769034 0.0262144 0.097789 0.0631167 0.0698459 0.0341179 0.0225767 0.0438614
0.317341 0.0163847 0.0222543 0.0558728 0.0899573 0.0446091 0.0264431 0.0184134 0.0464439 0.0269902
0.012955 0.0420555 0.274007 0.0721074 0.0491329 0.0130999 0.0580396 0.0278521 0.0491106 0.122721
0.0137376 0.0380504 0.1095 0.0619431 0.0717534 0.0410775 0.0414261 0.0127481 0.0738376 0.07483
0.024642 0.0229228 0.0241266 0.0824709 0.168454 0.0299584 0.208305 0.0185714 0.104876 0.103678
0.0549981 0.0196021 0.0525719 0.0385277 0.0554624 0.0820568 0.0249448 0.085715 0.0493744 0.0730033
0.0371379 0.0326052 0.0258189 0.032597 0.0106351 0.112396 0.046603 0.028118 0.0220186 0.0560106
0.0513414 0.0382669 0.0659554 0.118578 0.0540841 0.0565911 0.0499197 0.0819538 0.0909542 0.048654
0.0565697 0.0218985 0.105127 0.0850604 0.0190605 0.0906694 0.0497272 0.154605 0.070223 0.173182
0.483089 0.0220868 0.0178039 0.04982 0.132258 0.0579829 0.0539114 0.0259583 0.0697605 0.0385272
0.0894599 0.0712897 0.0569991 0.0321043 0.0334508 0.134453 0.507083 0.0772664 0.0252566 0.0577667
0.184787 0.173696 0.114629 0.0486766 0.0111126 0.0375274 0.0626219 0.0503576 0.0197734 0.0151004
0.0581722 0.182843 0.08387 0.0573323 0.0436213 0.0500324 0.0124289 0.0535864 0.0953431 0.047624
0.021047 0.0566369 0.140577 0.0616679 0.0284314 0.0482406 0.0423 0.0425218 0.0442433 0.0294269
0.0634243 0.0931313 0.0216764 0.0764742 0.0380676 0.0568055 0.085775 0.0654434 0.0879414 0.0600272
0.0786166 0.0341734 0.0232916 0.062792 0.027013 0.0115429 0.0499616 0.0787532 0.060815 0.101266
0.0720724 0.00851942 0.0271249 0.0132654 0.0118307 0.244439 0.0919919 0.0672747 0.0412628 0.0738081
0.0321297 0.0789224 0.0211691 0.0496557 0.0326014 0.302969 0.101417 0.11316 0.0331166 0.064671
0.124993 0.131481 0.0340029 0.0335437 0.464237 0.0187304 0.0150497 0.0245131 0.163163 0.205371
0.0280447 0.0530363 0.0141377 0.0457102 0.0202363 0.0843958 0.0171404 0.211941 0.0202653 0.0306742
0.153647 0.0303937 0.0593535 0.0649445 0.0230432 0.0389938 0.192798 0.117392 0.0252636 0.0757206
0.0403907 0.0705924 0.060607 0.052613 0.0274603 0.128402 0.175489 0.0641651 0.0757675 0.0168894
0.168385 0.0253737 0.0347401 0.0404099 0.0395396 0.0171822 0.0244758 0.0780572 0.058005 0.0375287
0.0352239 0.0992093 0.0124326 0.0313373 0.122245 0.0711535 0.112112 0.0816475 0.0134571 0.00409457
0.0183316 0.0881158 0.174104 0.033092 0.0417746 0.0170108 0.058603 0.0358588 0.0258883 0.00911904
0.0366485 0.0409419 0.00808296 0.0997292 0.034055 0.0788987 0.0401001 0.105319 0.0474658 0.224495
0.014865 0.0102167 0.0385593 0.0588402 0.0531178 0.0723983 0.0199334 0.0187209 0.0147746 0.0461589
0.045377 0.0948472 0.0379045 0.0372657 0.0198393 0.0404142 0.0228739 0.041845 0.0430199 0.0275989
0.0485096 0.107168 0.0603364 0.0217079 0.0557412 0.0385042 0.0259711 0.186311 0.0274228 0.0293548
0.04115 0.0334414 0.0820974 0.184311 0.0181825 0.151395 0.0591764 0.115054 0.0196529 0.137351
0.137031 0.0104052 0.0755341 0.121121 0.0702352 0.149123 0.0850302 0.0867862 0.0718893 0.28758
0.195241 0.0300249 0.0389653 0.0460721 0.0391648 0.0391071 0.0971544 0.0340547 0.0834901 0.0441111
0.156491 0.208071 0.035093 0.0672077 0.0602283 0.0245582 0.0173098 0.1941 0.190713 0.0364684
0.0391786 0.156946 0.103316 0.0148806 0.073986 0.0111494 0.070418 0.239605 0.0271627 0.239231
0.164529 0.0794742 0.0382187 0.025543 0.0612672 0.056142 0.0147241 0.101751 0.0458843 0.0359012
0.0335906 0.123533 0.393759 0.0680344 0.0429604 0.132836 0.111309 0.0304731 0.172215 0.0312852
0.0191201 0.184419 0.0966262 0.03864 0.0323523 0.00808527 0.321799 0.198048 0.0844743 0.0143322
0.0483544 0.0742346 0.0908385 0.0291864 0.0314652 0.016255 0.0934819 0.0550524 0.018566 0.0528719
0.0828078 0.0619884 0.14021 0.266019 0.0170116 0.0975292 0.0250542 0.038779 0.0386241 0.0718483
0.0767111 0.0368436 0.0516354 0.0183352 0.0554119 0.0494673 0.476887 0.0113445 0.0537056 0.0825341
0.0355123 0.035863 0.145298 0.105939 0.0152539 0.0247711 0.0156021 0.0153649 0.0376318 0.129701
0.0172094 0.0526587 0.0392865 0.0322912 0.0573036 0.038726 0.0384175 0.224729 0.0227673 0.10842
0.2049 0.0295909 0.0248836 0.0645612 0.130813 0.0564743 0.0446244 0.220307 0.0722461 0.0319183
0.0604938 0.029355 0.0601741 0.0510897 0.0341477 0.0525218 0.0411731 0.0865116 0.0345637 0.0596118
0.0285094 0.0482135 0.0718654 0.186212 0.0327518 0.290677 0.0264598 0.0702817 0.069011 0.0215759
0.0483342 0.096683 0.0648746 0.0230149 0.0977104 0.0645599 0.175003 0.047543 0.108988 0.0120905
0.0347072 0.0256756 0.0354826 0.0326415 0.0252888 0.156755 0.0371211 0.10946 0.267642 0.0196517
0.121621 0.0511003 0.0947892 0.159093 0.196032 0.0644411 0.0228513 0.0144265 0.0825125 0.0278417
0.706393 0.0195334 0.0575248 0.0398627 0.0348022 0.179512 0.0960015 0.0757924 0.0124978 0.0613461
0.0246576 0.0413568 0.0935498 0.0395831 0.149237 0.0101119 0.0492368 0.037119 0.0257939 0.0122583
0.435334 4.5558 2.42887 2.18211 1.52522 0.149634 1.21179 0.630194 0.845882 1.62539
2.86684 0.438119 3.24268 0.340228 0.518888 1.06092 0.574269 0.360629 1.84134 0.842944
0.759043 0.47897 4.72207 0.626874 0.0687148 0.287836 0.572098 1.40008 0.101947 1.2448
6.63689 0.113635 0.0566743 1.20528 0.565592 0.537654 0.397542 0.319824 9.31929 1.98978
0.101792 1.9462 1.20105 1.52256 0.102232 1.3663 0.988253 1.25823 1.34337 0.115729
1.68746 0.114681 1.53257 0.315674 1.41152 6.61454 0.335445 0.0582463 1.75541 0.310614
0.108777 2.67707 0.0766146 4.85623 1.28739 0.0436277 0.577903 2.75494 6.11425 2.41011
1.33332 0.251301 1.52415 1.45409 0.732498 0.668295 0.576663 0.692573 0.105771 0.40038
2.41396 0.144495 0.115782 0.0475746 0.160528 0.885117 0.263757 0.455555 2.53924 1.53064
0.139331 1.7264 0.0936843 2.00349 2.12803 0.695528 0.131377 4.59089 0.0905695 0.0172883
0.520896 0.598567 0.880864 0.0944738 0.914226 3.48088 0.610554 0.938708 0.316709 1.62621
1.37719 2.07884 0.546584 0.825128 1.83889 0.134335 0.369681 5.08676 5.45894 0.203923
6.04292 0.252997 6.71749 1.37383 1.55171 0.122025 1.38148 2.01315 0.656575 0.256311
0.189226 0.649802 1.87638 1.3753 1.34646 0.671604 2.57753 0.110401 1.24512 0.241161
0.591794 4.32779 1.23558 1.60182 0.359669 0.107563 0.375936 0.775918 1.5772 0.979471
0.0872063 0.245459 2.46002 0.2318 2.34106 1.32526 3.2882 2.0942 1.0491 3.51213
0.275839 1.21669 1.78858 0.0747879 0.355493 3.25374 0.454102 0.287865 1.82246 0.037764
1.81204 0.373085 1.91217 0.255896 0.422002 2.38977 0.393044 1.08966 0.270866 0.136467
1.1733 0.249669 4.39356 0.539501 0.258073 0.940803 1.09388 0.79056 0.385583 0.805458
0.132756 1.86652 3.66119 0.200203 2.13408 3.73825 0.391079 2.74532 4.81995 0.284517
0.134162 1.22264 0.0886396 1.33539 1.66973 1.47263 1.10526 3.90017 0.371454 0.651524
2.14897 1.56052 4.8173 3.10624 0.0768788 1.10926 9.11125 1.14438 0.255889 0.81796
1.31518 0.0457461 0.97821 0.191582 0.0569008 0.554533 3.09268 1.35471 1.70719 0.0572861
1.32028 1.70144 1.91909 0.273248 2.66894 0.270402 0.0554911 0.691868 0.544146 0.367386
0.0797655 0.3084 1.35462 0.108522 0.196868 1.21116 0.174433 4.04708 0.566822 0.323355
0.608001 1.07985 0.595076 2.33222 1.77198 0.585412 9.01992 0.207732 0.239461 0.304338
1.26584 0.661153 7.82313 20.2971 0.942663 6.73305 0.252482 1.64646 7.62902 0.204377
3.6307 0.377092 3.13387 1.78314 0.322504 0.926813 0.701132 0.598406 0.841582 0.990543
0.512536 2.19536 0.153741 2.02077 2.55714 8.2347 3.56623 2.48505 5.9968 0.846107
1.48158 0.324223 1.59255 0.847985 1.50357 1.17064 0.40693 0.776688 0.176205 0.2833
0.264896 1.07916 2.1226 1.83332 1.39107 0.217699 0.996832 0.305541 1.66957 15.7363
0.198515 5.43464 0.919246 0.0732097 0.67064 1.60623 1.36675 8.50073 1.34261 1.12265
0.249276 0.0687961 0.276268 0.195101 1.25562 0.0243664 0.371968 0.10504 3.53618 0.218731
0.312238 0.0723862 0.0659051 0.735059 1.78181 2.4954 1.35363 0.927878 0.724955 0.613402
0.1309 0.256094 1.29413 2.58718 0.192464 0.869212 0.107265 0.688158 0.072422 1.58285
0.537639 3.31779 0.0629079 0.376964 0.845556 0.454793 0.38026 0.427601 0.387763 0.518882
7.23759 0.0589214 0.260265 1.94366 0.0576813 1.32798 1.24076 3.18785 1.42342 1.20697
0.148944 0.496175 0.277521 1.49186 0.03543 0.762298 1.47255 0.913129 1.06054 17.6127
2.17853 0.04631 0.406626 0.167883 0.358189 0.821175 0.0608635 1.02068 0.993475 0.313853
0.0551646 0.69489 2.12548 0.0517112 1.75576 3.86522 3.14251 0.444364 1.22385 1.72548
0.306976 1.93688 6.28977 1.19448 0.749942 0.506199 8.67467 0.551231 0.0562064 0.444884
0.957641 0.270929 0.919071 3.31445 1.62335 1.05814 4.92989 1.0445 0.479303 0.358697
0.3567 4.1327 0.645985 0.282005 2.40308 0.146874 0.0889837 2.87084 0.371693 0.387762
1.00062 0.326019 4.2662 0.206648 0.147432 2.04333 0.18617 0.541314 0.64233 0.676421
0.790879 1.67895 1.64165 0.332396 0.357707 0.0869244 1.11977 5.93662 1.72867 0.21072
3.71657 3.72984 2.19974 1.32424 0.693177 1.55966 1.13241 0.0410261 1.02589 2.33205
0.201705 0.0936453 0.0918234 0.65836 0.842739 0.0449029 1.05558 1.868 0.0826851 1.16098
2.38264 1.49443 0.81386 0.708143 0.513975 0.305649 2.31281 0.0402429 0.330239 0.432192
0.400563 7.34305 0.125401 1.80745 0.396549 4.18433 4.62529 1.04832 1.91936 3.74552
0.651091 4.7113 0.116278 4.24823 0.828683 0.171222 0.261494 5.30081 0.0999272 0.410026
>covarianceMatrix:
A
0.0256	0	0	0	0	0	0	0	0	0	0	0	
0	0.0256	0	0	0	0	0	0	0	0	0	0	
0	0	0.0256	0	0	0	0	0	0	0	0	0	
0	0	0	0.0256	0	0	0	0	0	0	0	0	
0	0	0	0	0.0256	0	0	0	0	0	0	0	
0	0	0	0	0	0.0256	0	0	0	0	0	0	
0	0	0	0	0	0	0.0256	0	0	0	0	0	
0	0	0	0	0	0	0	0.0256	0	0	0	0	
0	0	0	0	0	0	0	0	0.0256	0	0	0	
0	0	0	0	0	0	0	0	0	0.0256	0	0	
0	0	0	0	0	0	0	0	0	0	0.0256	0	
0	0	0	0	0	0	0	0	0	0	0	0.0256	
***
>covarianceMatrix:
C
0.04	0	0	0	
0	0.04	0	0	
0	0	0.04	0	
0	0	0	0.04	
***
>covarianceMatrix:
D
0.04	0	0	0	
0	0.04	0	0	
0	0	0.04	0	
0	0	0	0.04	
***
>covarianceMatrix:
E
0.04	0	0	0	
0	0.04	0	0	
0	0	0.04	0	
0	0	0	0.04	
***
>covarianceMatrix:
F
0.04	0	0	0	
0	0.04	0	0	
0	0	0.04	0	
0	0	0	0.04	
***
>covarianceMatrix:
G
0.0256	0	0	0	0	0	0	0	0	0	0	0	
0	0.0256	0	0	0	0	0	0	0	0	0	0	
0	0	0.0256	0	0	0	0	0	0	0	0	0	
0	0	0	0.0256	0	0	0	0	0	0	0	0	
0	0	0	0	0.0256	0	0	0	0	0	0	0	
0	0	0	0	0	0.0256	0	0	0	0	0	0	
0	0	0	0	0	0	0.0256	0	0	0	0	0	
0	0	0	0	0	0	0	0.0256	0	0	0	0	
0	0	0	0	0	0	0	0	0.0256	0	0	0	
0	0	0	0	0	0	0	0	0	0.0256	0	0	
0	0	0	0	0	0	0	0	0	0	0.0256	0	
0	0	0	0	0	0	0	0	0	0	0	0.0256	
***
>covarianceMatrix:
H
0.04	0	0	0	
0	0.04	0	0	
0	0	0.04	0	
0	0	0	0.04	
***
>covarianceMatrix:
I
0.032	0	0	0	0	0	0	0	
0	0.032	0	0	0	0	0	0	
0	0	0.032	0	0	0	0	0	
0	0	0	0.032	0	0	0	0	
0	0	0	0	0.032	0	0	0	
0	0	0	0	0	0.032	0	0	
0	0	0	0	0	0	0.032	0	
0	0	0	0	0	0	0	0.032	
***
>covarianceMatrix:
K
0.04	0	0	0	
0	0.04	0	0	
0	0	0.04	0	
0	0	0	0.04	
***
>covarianceMatrix:
L
0.016384	0	0	0	0	0	0	0	0	0	0	0	0	0	0	0	0	0	0	0	
0	0.016384	0	0	0	0	0	0	0	0	0	0	0	0	0	0	0	0	0	0	
0	0	0.016384	0	0	0	0	0	0	0	0	0	0	0	0	0	0	0	0	0	
0	0	0	0.016384	0	0	0	0	0	0	0	0	0	0	0	0	0	0	0	0	
0	0	0	0	0.016384	0	0	0	0	0	0	0	0	0	0	0	0	0	0	0	
0	0	0	0	0	0.016384	0	0	0	0	0	0	0	0	0	0	0	0	0	0	
0	0	0	0	0	0	0.016384	0	0	0	0	0	0	0	0	0	0	0	0	0	
0	0	0	0	0	0	0	0.016384	0	0	0	0	0	0	0	0	0	0	0	0	
0	0	0	0	0	0	0	0	0.016384	0	0	0	0	0	0	0	0	0	0	0	
0	0	0	0	0	0	0	0	0	0.016384	0	0	0	0	0	0	0	0	0	0	
0	0	0	0	0	0	0	0	0	0	0.016384	0	0	0	0	0	0	0	0	0	
0	0	0	0	0	0	0	0	0	0	0	0.016384	0	0	0	0	0	0	0	0	
0	0	0	0	0	0	0	0	0	0	0	0	0.016384	0	0	0	0	0	0	0	
0	0	0	0	0	0	0	0	0	0	0	0	0	0.016384	0	0	0	0	0	0	
0	0	0	0	0	0	0	0	0	0	0	0	0	0	0.016384	0	0	0	0	0	
0	0	0	0	0	0	0	0	0	0	0	0	0	0	0	0.016384	0	0	0	0	
0	0	0	0	0	0	0	0	0	0	0	0	0	0	0	0	0.016384	0	0	0	
0	0	0	0	0	0	0	0	0	0	0	0	0	0	0	0	0	0.016384	0	0	
0	0	0	0	0	0	0	0	0	0	0	0	0	0	0	0	0	0	0.016384	0	
0	0	0	0	0	0	0	0	0	0	0	0	0	0	0	0	0	0	0	0.016384	
***
>covarianceMatrix:
M

***
>covarianceMatrix:
N
0.04	0	0	0	
0	0.04	0	0	
0	0	0.04	0	
0	0	0	0.04	
***
>covarianceMatrix:
P
0.0256	0	0	0	0	0	0	0	0	0	0	0	
0	0.0256	0	0	0	0	0	0	0	0	0	0	
0	0	0.0256	0	0	0	0	0	0	0	0	0	
0	0	0	0.0256	0	0	0	0	0	0	0	0	
0	0	0	0	0.0256	0	0	0	0	0	0	0	
0	0	0	0	0	0.0256	0	0	0	0	0	0	
0	0	0	0	0	0	0.0256	0	0	0	0	0	
0	0	0	0	0	0	0	0.0256	0	0	0	0	
0	0	0	0	0	0	0	0	0.0256	0	0	0	
0	0	0	0	0	0	0	0	0	0.0256	0	0	
0	0	0	0	0	0	0	0	0	0	0.0256	0	
0	0	0	0	0	0	0	0	0	0	0	0.0256	
***
>covarianceMatrix:
Q
0.04	0	0	0	
0	0.04	0	0	
0	0	0.04	0	
0	0	0	0.04	
***
>covarianceMatrix:
R
0.016384	0	0	0	0	0	0	0	0	0	0	0	0	0	0	0	0	0	0	0	
0	0.016384	0	0	0	0	0	0	0	0	0	0	0	0	0	0	0	0	0	0	
0	0	0.016384	0	0	0	0	0	0	0	0	0	0	0	0	0	0	0	0	0	
0	0	0	0.016384	0	0	0	0	0	0	0	0	0	0	0	0	0	0	0	0	
0	0	0	0	0.016384	0	0	0	0	0	0	0	0	0	0	0	0	0	0	0	
0	0	0	0	0	0.016384	0	0	0	0	0	0	0	0	0	0	0	0	0	0	
0	0	0	0	0	0	0.016384	0	0	0	0	0	0	0	0	0	0	0	0	0	
0	0	0	0	0	0	0	0.016384	0	0	0	0	0	0	0	0	0	0	0	0	
0	0	0	0	0	0	0	0	0.016384	0	0	0	0	0	0	0	0	0	0	0	
0	0	0	0	0	0	0	0	0	0.016384	0	0	0	0	0	0	0	0	0	0	
0	0	0	0	0	0	0	0	0	0	0.016384	0	0	0	0	0	0	0	0	0	
0	0	0	0	0	0	0	0	0	0	0	0.016384	0	0	0	0	0	0	0	0	
0	0	0	0	0	0	0	0	0	0	0	0	0.016384	0	0	0	0	0	0	0	
0	0	0	0	0	0	0	0	0	0	0	0	0	0.016384	0	0	0	0	0	0	
0	0	0	0	0	0	0	0	0	0	0	0	0	0	0.016384	0	0	0	0	0	
0	0	0	0	0	0	0	0	0	0	0	0	0	0	0	0.016384	0	0	0	0	
0	0	0	0	0	0	0	0	0	0	0	0	0	0	0	0	0.016384	0	0	0	
0	0	0	0	0	0	0	0	0	0	0	0	0	0	0	0	0	0.016384	0	0	
0	0	0	0	0	0	0	0	0	0	0	0	0	0	0	0	0	0	0.016384	0	
0	0	0	0	0	0	0	0	0	0	0	0	0	0	0	0	0	0	0	0.016384	
***
>covarianceMatrix:
S
0.0256	0	0	0	0	0	0	0	0	0	0	0	
0	0.0256	0	0	0	0	0	0	0	0	0	0	
0	0	0.0256	0	0	0	0	0	0	0	0	0	
0	0	0	0.0256	0	0	0	0	0	0	0	0	
0	0	0	0	0.0256	0	0	0	0	0	0	0	
0	0	0	0	0	0.0256	0	0	0	0	0	0	
0	0	0	0	0	0	0.0256	0	0	0	0	0	
0	0	0	0	0	0	0	0.0256	0	0	0	0	
0	0	0	0	0	0	0	0	0.0256	0	0	0	
0	0	0	0	0	0	0	0	0	0.0256	0	0	
0	0	0	0	0	0	0	0	0	0	0.0256	0	
0	0	0	0	0	0	0	0	0	0	0	0.0256	
***
>covarianceMatrix:
T
0.0256	0	0	0	0	0	0	0	0	0	0	0	
0	0.0256	0	0	0	0	0	0	0	0	0	0	
0	0	0.0256	0	0	0	0	0	0	0	0	0	
0	0	0	0.0256	0	0	0	0	0	0	0	0	
0	0	0	0	0.0256	0	0	0	0	0	0	0	
0	0	0	0	0	0.0256	0	0	0	0	0	0	
0	0	0	0	0	0	0.0256	0	0	0	0	0	
0	0	0	0	0	0	0	0.0256	0	0	0	0	
0	0	0	0	0	0	0	0	0.0256	0	0	0	
0	0	0	0	0	0	0	0	0	0.0256	0	0	
0	0	0	0	0	0	0	0	0	0	0.0256	0	
0	0	0	0	0	0	0	0	0	0	0	0.0256	
***
>covarianceMatrix:
V
0.05	0	0	0	0	0	0	0	0	0	0	0	
0	0.05	0	0	0	0	0	0	0	0	0	0	
0	0	0.05	0	0	0	0	0	0	0	0	0	
0	0	0	0.05	0	0	0	0	0	0	0	0	
0	0	0	0	0.05	0	0	0	0	0	0	0	
0	0	0	0	0	0.05	0	0	0	0	0	0	
0	0	0	0	0	0	0.05	0	0	0	0	0	
0	0	0	0	0	0	0	0.05	0	0	0	0	
0	0	0	0	0	0	0	0	0.05	0	0	0	
0	0	0	0	0	0	0	0	0	0.05	0	0	
0	0	0	0	0	0	0	0	0	0	0.05	0	
0	0	0	0	0	0	0	0	0	0	0	0.05	
***
>covarianceMatrix:
W

***
>covarianceMatrix:
Y
0.04	0	0	0	
0	0.04	0	0	
0	0	0.04	0	
0	0	0	0.04	
***
>covarianceMatrix:
Z
0.04	0	0	0	
0	0.04	0	0	
0	0	0.04	0	
0	0	0	0.04	
***
>covarianceMatrix:
X
1	0	0	0	0	0	0	0	
0	1	0	0	0	0	0	0	
0	0	1	0	0	0	0	0	
0	0	0	1	0	0	0	0	
0	0	0	0	1	0	0	0	
0	0	0	0	0	1	0	0	
0	0	0	0	0	0	1	0	
0	0	0	0	0	0	0	1	
***
>std_csp:
0.08 0.08 0.08 0.08 0.08 0.08 0.08 0.08 0.08 0.08
0.08 0.08 0.08 0.08 0.08 0.08 0.08 0.08 0.08 0.08
0.08 0.08 0.08 0.08 0.08 0.08 0.08 0.08 0.08 0.08
0.08 0.08 0.08 0.08 0.08 0.1 0.1 0.1 0.08 0.08
>currentMutationParameter:
***
-0.902964 1.36216 -1.01328 0.0568907 -1.41548 0.928995 -0.916725 -1.65355 -1.41072 0.453064
0.817111 1.06187 1.85843 1.11817 1.4964 1.50276 0.426881 -1.54994 0.283582 1.48725
-1.5912 1.27294 1.10818 1.64684 1.06907 0.511765 -0.555738 0.427666 -0.700027 0.554846
-0.773106 -0.728584 -1.03786 1.11768 -1.18542 0.259608 1.25847 1.02797 -0.295273 0.655988
***
0.510741 -1.2501 -1.36276 1.97922 -1.06098 -1.4091 1.49938 -0.498276 -0.726599 -0.54093
1.24643 1.64154 -1.88422 -0.123629 0.0641161 -0.168765 0.768083 -0.0908897 -0.554891 -1.53539
-1.09693 0.216022 -0.0593505 1.73725 -0.56814 1.18629 0.453769 0.860826 0.0324952 1.24329
-0.579191 -1.47361 0.42398 0.936048 0.191332 0.307258 -1.79332 1.27204 1.11387 1.84055
>currentSelectionParameter:
***
-0.629337 -0.557007 -0.198726 -2.04136 -1.95486 0.277884 1.70781 -1.39147 -0.396891 -0.25791
1.59865 1.66282 0.474812 0.999291 -0.80531 -0.408794 0.376665 -1.68314 -1.51137 -0.053398
-1.22768 -0.0133842 -1.75691 0.966551 -1.39105 -1.66123 1.64079 1.75067 -1.41153 2.49391
0.208365 1.11673 0.497162 2.40964 -0.238021 1.3517 1.92258 0.0680478 -1.80206 0.706785
***
0.525785 0.636847 1.19291 0.893975 1.07343 0.542463 0.0801781 -1.22659 0.681902 -1.06485
0.855128 -0.589284 -0.908064 1.25269 0.215572 -0.281105 0.0595476 1.22872 -0.837646 1.19739
0.366 -0.600166 -0.350818 -0.570934 -0.815569 -1.18393 -0.407197 0.546198 -0.105531 -0.213595
0.201815 -0.611446 0.387789 -0.682387 -0.385925 0.890221 0.0292402 -1.021 -0.20486 1.47098
