>Sphi:
1.16738
>Aphi:
1.29074e-231
>numParam:
40
>numMixtures:
2
>std_sphi:
0.1
>std_phi:
***
0.12 0.12 0.12 0.12 0.12 0.12 0.12 0.12 0.12 0.12
0.12 0.12 0.12 0.12 0.12 0.12 0.12 0.12 0.12 0.12
0.12 0.12 0.12 0.12 0.12 0.12 0.12 0.12 0.12 0.12
0.12 0.12 0.12 0.12 0.12 0.12 0.12 0.12 0.12 0.12
0.12 0.12 0.12 0.12 0.12 0.12 0.12 0.12 0.12 0.12
0.12 0.12 0.12 0.12 0.12 0.12 0.12 0.12 0.12 0.12
0.12 0.12 0.12 0.12 0.12 0.12 0.12 0.12 0.12 0.12
0.12 0.12 0.12 0.12 0.12 0.12 0.12 0.12 0.12 0.12
0.12 0.12 0.12 0.12 0.12 0.12 0.12 0.12 0.12 0.12
0.12 0.12 0.12 0.12 0.12 0.12 0.12 0.12 0.12 0.12
0.12 0.12 0.12 0.12 0.12 0.12 0.12 0.12 0.12 0.12
0.12 0.12 0.12 0.12 0.12 0.12 0.12 0.12 0.12 0.12
0.12 0.12 0.12 0.12 0.12 0.12 0.12 0.12 0.12 0.12
0.12 0.12 0.12 0.12 0.12 0.12 0.12 0.12 0.12 0.12
0.12 0.12 0.12 0.12 0.12 0.12 0.12 0.12 0.12 0.12
0.12 0.12 0.12 0.12 0.12 0.12 0.12 0.12 0.12 0.12
0.12 0.12 0.12 0.12 0.12 0.12 0.12 0.12 0.12 0.12
0.12 0.12 0.12 0.12 0.12 0.12 0.12 0.12 0.12 0.12
0.12 0.12 0.12 0.12 0.12 0.12 0.12 0.12 0.12 0.12
0.12 0.12 0.12 0.12 0.12 0.12 0.12 0.12 0.12 0.12
0.12 0.12 0.12 0.12 0.12 0.12 0.12 0.12 0.12 0.12
0.12 0.12 0.12 0.12 0.12 0.12 0.12 0.12 0.12 0.12
0.12 0.12 0.12 0.12 0.12 0.12 0.12 0.12 0.12 0.12
0.12 0.12 0.12 0.12 0.12 0.12 0.12 0.12 0.12 0.12
0.12 0.12 0.12 0.12 0.12 0.12 0.12 0.12 0.12 0.12
0.12 0.12 0.12 0.12 0.12 0.12 0.12 0.12 0.12 0.12
0.12 0.12 0.12 0.12 0.12 0.12 0.12 0.12 0.12 0.12
0.12 0.12 0.12 0.12 0.12 0.12 0.12 0.12 0.12 0.12
0.12 0.12 0.12 0.12 0.12 0.12 0.12 0.12 0.12 0.12
0.12 0.12 0.12 0.12 0.12 0.12 0.12 0.12 0.12 0.12
0.12 0.12 0.12 0.12 0.12 0.12 0.12 0.12 0.12 0.12
0.12 0.12 0.12 0.12 0.12 0.12 0.12 0.12 0.12 0.12
0.12 0.12 0.12 0.12 0.12 0.12 0.12 0.12 0.12 0.12
0.12 0.12 0.12 0.12 0.12 0.12 0.12 0.12 0.12 0.12
0.12 0.12 0.12 0.12 0.12 0.12 0.12 0.12 0.12 0.12
0.12 0.12 0.12 0.12 0.12 0.12 0.12 0.12 0.12 0.12
0.12 0.12 0.12 0.12 0.12 0.12 0.12 0.12 0.12 0.12
0.12 0.12 0.12 0.12 0.12 0.12 0.12 0.12 0.12 0.12
0.12 0.12 0.12 0.12 0.12 0.12 0.12 0.12 0.12 0.12
0.12 0.12 0.12 0.12 0.12 0.12 0.12 0.12 0.12 0.12
0.12 0.12 0.12 0.12 0.12 0.12 0.12 0.12 0.12 0.12
0.12 0.12 0.12 0.12 0.12 0.12 0.12 0.12 0.12 0.12
0.12 0.12 0.12 0.12 0.12 0.12 0.12 0.12 0.12 0.12
0.12 0.12 0.12 0.12 0.12 0.12 0.12 0.12 0.12 0.12
0.12 0.12 0.12 0.12 0.12 0.12 0.12 0.12 0.12 0.12
0.12 0.12 0.12 0.12 0.12 0.12 0.12 0.12 0.12 0.12
0.12 0.12 0.12 0.12 0.12 0.12 0.12 0.12 0.12 0.12
0.12 0.12 0.12 0.12 0.12 0.12 0.12 0.12 0.12 0.12
0.12 0.12 0.12 0.12 0.12 0.12 0.12 0.12 0.12 0.12
0.12 0.12 0.12 0.12 0.12 0.12 0.12 0.12 0.12 0.12
0.12 0.12 0.12 0.12 0.12 0.12 0.12 0.12 0.12 0.12
0.12 0.12 0.12 0.12 0.12 0.12 0.12 0.12 0.12 0.12
0.12 0.12 0.12 0.12 0.12 0.12 0.12 0.12 0.12 0.12
0.12 0.12 0.12 0.12 0.12 0.12 0.12 0.12 0.12 0.12
0.12 0.12 0.12 0.12 0.12 0.12 0.12 0.12 0.12 0.12
0.12 0.12 0.12 0.12 0.12 0.12 0.12 0.12 0.12 0.12
0.12 0.12 0.12 0.12 0.12 0.12 0.12 0.12 0.12 0.12
0.12 0.12 0.12 0.12 0.12 0.12 0.12 0.12 0.12 0.12
0.12 0.12 0.12 0.12 0.12 0.12 0.12 0.12 0.12 0.12
0.12 0.12 0.12 0.12 0.12 0.12 0.12 0.12 0.12 0.12
0.12 0.12 0.12 0.12 0.12 0.12 0.12 0.12 0.12 0.12
0.12 0.12 0.12 0.12 0.12 0.12 0.12 0.12 0.12 0.12
0.12 0.12 0.12 0.12 0.12 0.12 0.12 0.12 0.12 0.12
0.12 0.12 0.12 0.12 0.12 0.12 0.12 0.12 0.12 0.12
0.12 0.12 0.12 0.12 0.12 0.12 0.12 0.12 0.12 0.12
0.12 0.12 0.12 0.12 0.12 0.12 0.12 0.12 0.12 0.12
0.12 0.12 0.12 0.12 0.12 0.12 0.12 0.12 0.12 0.12
0.12 0.12 0.12 0.12 0.12 0.12 0.12 0.12 0.12 0.12
0.12 0.12 0.12 0.12 0.12 0.12 0.12 0.12 0.12 0.12
0.12 0.12 0.12 0.12 0.12 0.12 0.12 0.12 0.12 0.12
0.12 0.12 0.12 0.12 0.12 0.12 0.12 0.12 0.12 0.12
0.12 0.12 0.12 0.12 0.12 0.12 0.12 0.12 0.12 0.12
0.12 0.12 0.12 0.12 0.12 0.12 0.12 0.12 0.12 0.12
0.12 0.12 0.12 0.12 0.12 0.12 0.12 0.12 0.12 0.12
0.12 0.12 0.12 0.12 0.12 0.12 0.12 0.12 0.12 0.12
0.12 0.12 0.12 0.12 0.12 0.12 0.12 0.12 0.12 0.12
0.12 0.12 0.12 0.12 0.12 0.12 0.12 0.12 0.12 0.12
0.12 0.12 0.12 0.12 0.12 0.12 0.12 0.12 0.12 0.12
0.12 0.12 0.12 0.12 0.12 0.12 0.12 0.12 0.12 0.12
0.12 0.12 0.12 0.12 0.12 0.12 0.12 0.12 0.12 0.12
0.12 0.12 0.12 0.12 0.12 0.12 0.12 0.12 0.12 0.12
0.12 0.12 0.12 0.12 0.12 0.12 0.12 0.12 0.12 0.12
0.12 0.12 0.12 0.12 0.12 0.12 0.12 0.12 0.12 0.12
0.12 0.12 0.12 0.12 0.12 0.12 0.12 0.12 0.12 0.12
0.12 0.12 0.12 0.12 0.12 0.12 0.12 0.12 0.12 0.12
0.12 0.12 0.12 0.12 0.12 0.12 0.12 0.12 0.12 0.12
0.12 0.12 0.12 0.12 0.12 0.12 0.12 0.12 0.12 0.12
0.12 0.12 0.12 0.12 0.12 0.12 0.12 0.12 0.12 0.12
0.12 0.12 0.12 0.12 0.12 0.12 0.12 0.12 0.12 0.12
0.12 0.12 0.12 0.12 0.12 0.12 0.12 0.12 0.12 0.12
0.12 0.12 0.12 0.12 0.12 0.12 0.12 0.12 0.12 0.12
0.12 0.12 0.12 0.12 0.12 0.12 0.12 0.12 0.12 0.12
0.12 0.12 0.12 0.12 0.12 0.12 0.12 0.12 0.12 0.12
0.12 0.12 0.12 0.12 0.12 0.12 0.12 0.12 0.12 0.12
0.12 0.12 0.12 0.12 0.12 0.12 0.12 0.12 0.12 0.12
0.12 0.12 0.12 0.12 0.12 0.12 0.12 0.12 0.12 0.12
0.12 0.12 0.12 0.12 0.12 0.12 0.12 0.12 0.12 0.12
0.12 0.12 0.12 0.12 0.12 0.12 0.12 0.12 0.12 0.12
0.12 0.12 0.12 0.12 0.12 0.12 0.12 0.12 0.12 0.12
0.12 0.12 0.12 0.12 0.12 0.12 0.12 0.12 0.12 0.12
***
0.12 0.12 0.12 0.12 0.12 0.12 0.12 0.12 0.12 0.12
0.12 0.12 0.12 0.12 0.12 0.12 0.12 0.12 0.12 0.12
0.12 0.12 0.12 0.12 0.12 0.12 0.12 0.12 0.12 0.12
0.12 0.12 0.12 0.12 0.12 0.12 0.12 0.12 0.12 0.12
0.12 0.12 0.12 0.12 0.12 0.12 0.12 0.12 0.12 0.12
0.12 0.12 0.12 0.12 0.12 0.12 0.12 0.12 0.12 0.12
0.12 0.12 0.12 0.12 0.12 0.12 0.12 0.12 0.12 0.12
0.12 0.12 0.12 0.12 0.12 0.12 0.12 0.12 0.12 0.12
0.12 0.12 0.12 0.12 0.12 0.12 0.12 0.12 0.12 0.12
0.12 0.12 0.12 0.12 0.12 0.12 0.12 0.12 0.12 0.12
0.12 0.12 0.12 0.12 0.12 0.12 0.12 0.12 0.12 0.12
0.12 0.12 0.12 0.12 0.12 0.12 0.12 0.12 0.12 0.12
0.12 0.12 0.12 0.12 0.12 0.12 0.12 0.12 0.12 0.12
0.12 0.12 0.12 0.12 0.12 0.12 0.12 0.12 0.12 0.12
0.12 0.12 0.12 0.12 0.12 0.12 0.12 0.12 0.12 0.12
0.12 0.12 0.12 0.12 0.12 0.12 0.12 0.12 0.12 0.12
0.12 0.12 0.12 0.12 0.12 0.12 0.12 0.12 0.12 0.12
0.12 0.12 0.12 0.12 0.12 0.12 0.12 0.12 0.12 0.12
0.12 0.12 0.12 0.12 0.12 0.12 0.12 0.12 0.12 0.12
0.12 0.12 0.12 0.12 0.12 0.12 0.12 0.12 0.12 0.12
0.12 0.12 0.12 0.12 0.12 0.12 0.12 0.12 0.12 0.12
0.12 0.12 0.12 0.12 0.12 0.12 0.12 0.12 0.12 0.12
0.12 0.12 0.12 0.12 0.12 0.12 0.12 0.12 0.12 0.12
0.12 0.12 0.12 0.12 0.12 0.12 0.12 0.12 0.12 0.12
0.12 0.12 0.12 0.12 0.12 0.12 0.12 0.12 0.12 0.12
0.12 0.12 0.12 0.12 0.12 0.12 0.12 0.12 0.12 0.12
0.12 0.12 0.12 0.12 0.12 0.12 0.12 0.12 0.12 0.12
0.12 0.12 0.12 0.12 0.12 0.12 0.12 0.12 0.12 0.12
0.12 0.12 0.12 0.12 0.12 0.12 0.12 0.12 0.12 0.12
0.12 0.12 0.12 0.12 0.12 0.12 0.12 0.12 0.12 0.12
0.12 0.12 0.12 0.12 0.12 0.12 0.12 0.12 0.12 0.12
0.12 0.12 0.12 0.12 0.12 0.12 0.12 0.12 0.12 0.12
0.12 0.12 0.12 0.12 0.12 0.12 0.12 0.12 0.12 0.12
0.12 0.12 0.12 0.12 0.12 0.12 0.12 0.12 0.12 0.12
0.12 0.12 0.12 0.12 0.12 0.12 0.12 0.12 0.12 0.12
0.12 0.12 0.12 0.12 0.12 0.12 0.12 0.12 0.12 0.12
0.12 0.12 0.12 0.12 0.12 0.12 0.12 0.12 0.12 0.12
0.12 0.12 0.12 0.12 0.12 0.12 0.12 0.12 0.12 0.12
0.12 0.12 0.12 0.12 0.12 0.12 0.12 0.12 0.12 0.12
0.12 0.12 0.12 0.12 0.12 0.12 0.12 0.12 0.12 0.12
0.12 0.12 0.12 0.12 0.12 0.12 0.12 0.12 0.12 0.12
0.12 0.12 0.12 0.12 0.12 0.12 0.12 0.12 0.12 0.12
0.12 0.12 0.12 0.12 0.12 0.12 0.12 0.12 0.12 0.12
0.12 0.12 0.12 0.12 0.12 0.12 0.12 0.12 0.12 0.12
0.12 0.12 0.12 0.12 0.12 0.12 0.12 0.12 0.12 0.12
0.12 0.12 0.12 0.12 0.12 0.12 0.12 0.12 0.12 0.12
0.12 0.12 0.12 0.12 0.12 0.12 0.12 0.12 0.12 0.12
0.12 0.12 0.12 0.12 0.12 0.12 0.12 0.12 0.12 0.12
0.12 0.12 0.12 0.12 0.12 0.12 0.12 0.12 0.12 0.12
0.12 0.12 0.12 0.12 0.12 0.12 0.12 0.12 0.12 0.12
0.12 0.12 0.12 0.12 0.12 0.12 0.12 0.12 0.12 0.12
0.12 0.12 0.12 0.12 0.12 0.12 0.12 0.12 0.12 0.12
0.12 0.12 0.12 0.12 0.12 0.12 0.12 0.12 0.12 0.12
0.12 0.12 0.12 0.12 0.12 0.12 0.12 0.12 0.12 0.12
0.12 0.12 0.12 0.12 0.12 0.12 0.12 0.12 0.12 0.12
0.12 0.12 0.12 0.12 0.12 0.12 0.12 0.12 0.12 0.12
0.12 0.12 0.12 0.12 0.12 0.12 0.12 0.12 0.12 0.12
0.12 0.12 0.12 0.12 0.12 0.12 0.12 0.12 0.12 0.12
0.12 0.12 0.12 0.12 0.12 0.12 0.12 0.12 0.12 0.12
0.12 0.12 0.12 0.12 0.12 0.12 0.12 0.12 0.12 0.12
0.12 0.12 0.12 0.12 0.12 0.12 0.12 0.12 0.12 0.12
0.12 0.12 0.12 0.12 0.12 0.12 0.12 0.12 0.12 0.12
0.12 0.12 0.12 0.12 0.12 0.12 0.12 0.12 0.12 0.12
0.12 0.12 0.12 0.12 0.12 0.12 0.12 0.12 0.12 0.12
0.12 0.12 0.12 0.12 0.12 0.12 0.12 0.12 0.12 0.12
0.12 0.12 0.12 0.12 0.12 0.12 0.12 0.12 0.12 0.12
0.12 0.12 0.12 0.12 0.12 0.12 0.12 0.12 0.12 0.12
0.12 0.12 0.12 0.12 0.12 0.12 0.12 0.12 0.12 0.12
0.12 0.12 0.12 0.12 0.12 0.12 0.12 0.12 0.12 0.12
0.12 0.12 0.12 0.12 0.12 0.12 0.12 0.12 0.12 0.12
0.12 0.12 0.12 0.12 0.12 0.12 0.12 0.12 0.12 0.12
0.12 0.12 0.12 0.12 0.12 0.12 0.12 0.12 0.12 0.12
0.12 0.12 0.12 0.12 0.12 0.12 0.12 0.12 0.12 0.12
0.12 0.12 0.12 0.12 0.12 0.12 0.12 0.12 0.12 0.12
0.12 0.12 0.12 0.12 0.12 0.12 0.12 0.12 0.12 0.12
0.12 0.12 0.12 0.12 0.12 0.12 0.12 0.12 0.12 0.12
0.12 0.12 0.12 0.12 0.12 0.12 0.12 0.12 0.12 0.12
0.12 0.12 0.12 0.12 0.12 0.12 0.12 0.12 0.12 0.12
0.12 0.12 0.12 0.12 0.12 0.12 0.12 0.12 0.12 0.12
0.12 0.12 0.12 0.12 0.12 0.12 0.12 0.12 0.12 0.12
0.12 0.12 0.12 0.12 0.12 0.12 0.12 0.12 0.12 0.12
0.12 0.12 0.12 0.12 0.12 0.12 0.12 0.12 0.12 0.12
0.12 0.12 0.12 0.12 0.12 0.12 0.12 0.12 0.12 0.12
0.12 0.12 0.12 0.12 0.12 0.12 0.12 0.12 0.12 0.12
0.12 0.12 0.12 0.12 0.12 0.12 0.12 0.12 0.12 0.12
0.12 0.12 0.12 0.12 0.12 0.12 0.12 0.12 0.12 0.12
0.12 0.12 0.12 0.12 0.12 0.12 0.12 0.12 0.12 0.12
0.12 0.12 0.12 0.12 0.12 0.12 0.12 0.12 0.12 0.12
0.12 0.12 0.12 0.12 0.12 0.12 0.12 0.12 0.12 0.12
0.12 0.12 0.12 0.12 0.12 0.12 0.12 0.12 0.12 0.12
0.12 0.12 0.12 0.12 0.12 0.12 0.12 0.12 0.12 0.12
0.12 0.12 0.12 0.12 0.12 0.12 0.12 0.12 0.12 0.12
0.12 0.12 0.12 0.12 0.12 0.12 0.12 0.12 0.12 0.12
0.12 0.12 0.12 0.12 0.12 0.12 0.12 0.12 0.12 0.12
0.12 0.12 0.12 0.12 0.12 0.12 0.12 0.12 0.12 0.12
0.12 0.12 0.12 0.12 0.12 0.12 0.12 0.12 0.12 0.12
0.12 0.12 0.12 0.12 0.12 0.12 0.12 0.12 0.12 0.12
0.12 0.12 0.12 0.12 0.12 0.12 0.12 0.12 0.12 0.12
0.12 0.12 0.12 0.12 0.12 0.12 0.12 0.12 0.12 0.12
0.12 0.12 0.12 0.12 0.12 0.12 0.12 0.12 0.12 0.12
>categories:
0 0
1 1
>mixtureAssignment:
0 0 0 0 0 0 0 0 0 0 0 0 0 0 0 0 0 0 0 0 0 0 0 0 0 0 0 0 0 0 0 0 0 0 0 0 0 0 0 0 0 0 0 0 0 0 0 0 0 0
0 0 0 0 0 0 0 0 0 0 0 0 0 0 0 0 0 0 0 0 0 0 0 0 0 0 0 0 0 0 0 0 0 0 0 0 0 0 0 0 0 0 0 0 0 0 0 0 0 0
0 0 0 0 0 0 0 0 0 0 0 0 0 0 0 0 0 0 0 0 0 0 0 0 0 0 0 0 0 0 0 0 0 0 0 0 0 0 0 0 0 0 0 0 0 0 0 0 0 0
0 0 0 0 0 0 0 0 0 0 0 0 0 0 0 0 0 0 0 0 0 0 0 0 0 0 0 0 0 0 0 0 0 0 0 0 0 0 0 0 0 0 0 0 0 0 0 0 0 0
0 0 0 0 0 0 0 0 0 0 0 0 0 0 0 0 0 0 0 0 0 0 0 0 0 0 0 0 0 0 0 0 0 0 0 0 0 0 0 0 0 0 0 0 0 0 0 0 0 0
0 0 0 0 0 0 0 0 0 0 0 0 0 0 0 0 0 0 0 0 0 0 0 0 0 0 0 0 0 0 0 0 0 0 0 0 0 0 0 0 0 0 0 0 0 0 0 0 0 0
0 0 0 0 0 0 0 0 0 0 0 0 0 0 0 0 0 0 0 0 0 0 0 0 0 0 0 0 0 0 0 0 0 0 0 0 0 0 0 0 0 0 0 0 0 0 0 0 0 0
0 0 0 0 0 0 0 0 0 0 0 0 0 0 0 0 0 0 0 0 0 0 0 0 0 0 0 0 0 0 0 0 0 0 0 0 0 0 0 0 0 0 0 0 0 0 0 0 0 0
0 0 0 0 0 0 0 0 0 0 0 0 0 0 0 0 0 0 0 0 0 0 0 0 0 0 0 0 0 0 0 0 0 0 0 0 0 0 0 0 0 0 0 0 0 0 0 0 0 0
0 0 0 0 0 0 0 0 0 0 0 0 0 0 0 0 0 0 0 0 0 0 0 0 0 0 0 0 0 0 0 0 0 0 0 0 0 0 0 0 0 0 0 0 0 0 0 0 0 0
1 1 1 1 1 1 1 1 1 1 1 1 1 1 1 1 1 1 1 1 1 1 1 1 1 1 1 1 1 1 1 1 1 1 1 1 1 1 1 1 1 1 1 1 1 1 1 1 1 1
1 1 1 1 1 1 1 1 1 1 1 1 1 1 1 1 1 1 1 1 1 1 1 1 1 1 1 1 1 1 1 1 1 1 1 1 1 1 1 1 1 1 1 1 1 1 1 1 1 1
1 1 1 1 1 1 1 1 1 1 1 1 1 1 1 1 1 1 1 1 1 1 1 1 1 1 1 1 1 1 1 1 1 1 1 1 1 1 1 1 1 1 1 1 1 1 1 1 1 1
1 1 1 1 1 1 1 1 1 1 1 1 1 1 1 1 1 1 1 1 1 1 1 1 1 1 1 1 1 1 1 1 1 1 1 1 1 1 1 1 1 1 1 1 1 1 1 1 1 1
1 1 1 1 1 1 1 1 1 1 1 1 1 1 1 1 1 1 1 1 1 1 1 1 1 1 1 1 1 1 1 1 1 1 1 1 1 1 1 1 1 1 1 1 1 1 1 1 1 1
1 1 1 1 1 1 1 1 1 1 1 1 1 1 1 1 1 1 1 1 1 1 1 1 1 1 1 1 1 1 1 1 1 1 1 1 1 1 1 1 1 1 1 1 1 1 1 1 1 1
1 1 1 1 1 1 1 1 1 1 1 1 1 1 1 1 1 1 1 1 1 1 1 1 1 1 1 1 1 1 1 1 1 1 1 1 1 1 1 1 1 1 1 1 1 1 1 1 1 1
1 1 1 1 1 1 1 1 1 1 1 1 1 1 1 1 1 1 1 1 1 1 1 1 1 1 1 1 1 1 1 1 1 1 1 1 1 1 1 1 1 1 1 1 1 1 1 1 1 1
1 1 1 1 1 1 1 1 1 1 1 1 1 1 1 1 1 1 1 1 1 1 1 1 1 1 1 1 1 1 1 1 1 1 1 1 1 1 1 1 1 1 1 1 1 1 1 1 1 1
1 1 1 1 1 1 1 1 1 1 1 1 1 1 1 1 1 1 1 1 1 1 1 1 1 1 1 1 1 1 1 1 1 1 1 1 1 1 1 1 1 1 1 1 1 1 1 1 1 1
>numMutationCategories:
2
>numSelectionCategories:
2
>categoryProbabilities:
0.514785 0.485215 
>selectionIsInMixture:
***
0 
***
1 
>mutationIsInMixture:
***
0 
***
1 
>currentSynthesisRateLevel:
***
0.467011 1.2813 0.532697 0.733804 0.950351 0.674804 0.0475863 0.425408 0.808904 0.26488
1.87185 0.240753 0.285745 0.771237 0.43673 1.88295 0.311461 0.108843 0.824964 1.11556
0.282421 0.466481 1.159 1.06144 1.22722 0.176534 0.279989 0.333554 0.207494 1.45961
0.349349 0.270769 2.08295 1.18602 0.998344 1.40421 0.16494 1.27152 1.80872 2.21984
0.383614 0.867716 0.598142 0.145964 1.86064 0.610701 2.37544 0.355754 1.05972 2.60912
0.0642033 0.636852 0.26028 0.388492 0.146921 1.09119 0.629062 1.71138 0.394824 0.358228
0.782054 0.24014 0.416136 0.413597 0.295192 0.588314 1.05423 0.411028 0.201247 0.194853
0.256146 0.404792 0.290516 0.57074 1.14407 0.745484 0.53159 0.260788 0.519254 0.0697811
0.676536 0.088197 2.08239 0.721117 0.0381834 1.55259 0.941267 0.440542 0.458138 2.12912
0.835433 0.060811 0.15137 0.476195 2.5488 1.85973 0.283629 0.0669783 0.665824 0.608116
0.226613 0.246654 0.917151 0.326169 1.24981 2.21388 3.12593 0.813584 1.49809 1.53864
2.73764 2.50971 0.111006 0.917103 0.561403 0.350686 0.899227 0.296443 0.0871363 0.330609
2.4561 1.39706 0.83833 0.318641 0.446675 0.462985 0.649763 0.305482 2.20919 0.127169
0.114459 0.205737 0.328205 0.818247 0.421804 2.58743 1.07091 0.138098 1.65447 0.169963
1.89144 0.284235 0.422657 0.794033 0.436001 0.173813 0.184312 1.07733 0.373834 1.84597
0.0906655 0.266687 0.0720651 1.37465 2.09703 0.447415 0.186307 0.362256 2.254 1.61149
1.26691 0.245988 1.18958 0.550765 0.440967 0.626676 0.137412 1.25716 0.227924 0.375431
0.784151 3.08336 0.257979 1.30232 0.283219 2.30109 0.410692 1.20649 0.112192 0.108347
1.20663 1.82852 0.255721 0.029593 3.3532 0.141858 0.439059 0.73834 3.33982 2.52826
0.750916 1.34341 0.400575 0.703206 0.753967 0.191171 0.243418 3.3122 0.125951 0.25888
1.13883 0.381118 0.940712 0.569439 0.382917 0.284361 0.652619 2.22547 0.887394 1.97493
1.05644 0.764164 0.088101 1.66308 0.613538 1.22213 1.1374 1.60412 0.630438 0.0586574
0.366215 0.667577 0.691362 0.337592 1.10813 0.768776 0.134537 0.275171 0.507591 0.236764
0.398201 1.8127 0.0732464 1.04692 1.93871 1.77792 0.781292 0.389277 0.142946 0.0983871
0.41915 1.00663 0.800131 0.936453 0.125634 0.454631 0.887941 0.230285 0.169522 0.0735845
0.0343495 0.528467 0.250885 0.353149 0.575886 0.955575 0.594124 0.694182 0.258429 2.26262
0.164047 0.220249 0.644141 0.485355 1.59975 0.686895 0.857019 0.778753 0.27039 2.49896
1.29152 1.93049 0.426373 0.106522 0.072071 0.151789 0.732622 0.308383 0.438652 0.747431
0.599134 1.79655 0.199715 0.742636 0.0397295 0.914938 0.157609 0.452804 0.328829 0.895236
0.260419 0.376539 0.232215 2.47318 0.0269695 2.03454 0.252895 1.67256 0.358543 0.183201
1.50942 0.163474 0.698093 0.653722 2.0267 1.5475 3.40289 0.294342 0.0861515 2.59094
0.621912 2.53195 0.624741 0.205995 0.183163 0.774972 0.949772 0.0394858 1.35295 0.370525
2.34452 0.0860547 0.506423 0.273085 0.0275033 0.112541 0.290024 0.443871 2.45182 0.0922413
0.144872 1.27907 1.26538 0.20136 0.234399 0.574034 0.996588 0.347883 0.290316 2.31737
1.09222 0.741474 0.493131 0.111702 1.05332 0.312288 0.139329 2.47138 0.290454 1.35842
0.531096 0.201924 0.386753 0.306383 0.748571 1.1731 0.792166 0.243698 0.403476 0.259969
0.295353 1.08325 1.09631 0.506747 0.366912 0.466326 2.00895 2.69227 1.39497 0.174637
0.406767 0.251006 1.01084 0.749304 1.34735 0.265975 0.570999 0.293083 0.455363 0.205783
1.44482 1.59508 0.52986 3.80808 0.465523 0.774583 0.035983 0.274696 1.13744 1.2887
0.519409 0.307181 1.09917 0.440716 0.131436 2.04463 5.02337 0.446231 0.470685 1.03774
0.721162 0.727751 2.43981 1.55198 0.109638 0.681702 0.9473 0.526379 0.768235 0.115969
0.181531 0.496926 0.170707 0.920668 1.44929 2.12374 0.594124 3.21924 0.42188 1.48899
1.06118 0.268731 0.147784 0.397976 1.81369 0.498797 0.279132 0.95388 0.881728 0.81267
1.15422 0.27142 0.597344 0.431328 0.898521 0.595435 0.573487 0.122755 0.198314 1.85343
0.236523 1.25541 0.398053 1.02871 0.820374 1.53714 0.570203 0.176781 0.866453 0.858715
1.20217 1.69681 0.136092 0.398358 0.447168 1.23985 2.52866 1.42017 1.5948 0.185807
1.02154 1.29533 0.866664 0.557081 0.309329 0.306093 0.401139 0.654288 1.07158 0.419795
0.807588 0.136072 1.77598 1.08096 1.59448 0.0566966 0.622753 0.312476 0.230979 0.893427
5.46839 1.59651 0.479975 0.0775556 0.348852 0.864194 1.10311 2.04131 0.464877 0.580834
0.980693 0.46751 1.44445 0.67603 0.672731 0.214012 0.212991 0.611658 0.67211 0.277568
0.0363119 0.116376 0.0777438 0.0163007 0.204122 0.0828773 0.0671452 0.0294229 0.0719203 0.0469532
0.108414 0.0821302 0.0287026 0.0167156 0.0483636 0.035342 0.106563 0.018695 0.0405506 0.0487612
0.190208 0.0231545 0.157622 0.0821065 0.0101384 0.0431793 0.011928 0.0337934 0.0634684 0.0745342
0.0851604 0.00611351 0.112736 0.106027 0.19408 0.038283 0.0494076 0.0387052 0.00975987 0.0611626
0.0612351 0.0555829 0.00986465 0.0569487 0.0160944 0.17548 0.0704571 0.0895042 0.113082 0.0320184
0.0658663 0.0343033 0.189817 0.0181219 0.142351 0.0316426 0.0485197 0.0791671 0.0981198 0.0321782
0.0212682 0.0736436 0.00918674 0.0290147 0.0212853 0.0502026 0.0337541 0.0586078 0.0200661 0.00831176
0.0975401 0.104918 0.0435791 0.0758653 0.0210302 0.154966 0.0847944 0.0167191 0.0857082 0.0482791
0.0414774 0.0293083 0.0228992 0.0772148 0.0215291 0.0476959 0.0741345 0.0438935 0.0316186 0.0290294
0.0139644 0.241783 0.056874 0.0361583 0.049522 0.0314127 0.00871466 0.0822768 0.0354227 0.053112
0.0529605 0.0319825 0.0408917 0.0966715 0.0529711 0.0650747 0.0533299 0.0939694 0.032728 0.0472264
0.0496352 0.0107444 0.0201906 0.0612469 0.168658 0.0308072 0.0569352 0.0950926 0.0987997 0.0140816
0.0186007 0.0682783 0.0158423 0.026343 0.0928241 0.0608291 0.102287 0.0772158 0.0609815 0.0497052
0.135795 0.0353402 0.0843178 0.0362173 0.0283745 0.023231 0.139038 0.0402909 0.1611 0.030605
0.134911 0.0134344 0.0393047 0.11132 0.0872984 0.0428567 0.0395134 0.0330589 0.111553 0.0816095
0.0192112 0.0561928 0.127626 0.127852 0.0578544 0.0703842 0.0761372 0.00981111 0.0278555 0.0202747
0.0476652 0.0553547 0.07919 0.0990239 0.040705 0.0481259 0.0307488 0.0272889 0.0389698 0.0620902
0.0243249 0.08179 0.129716 0.0241998 0.0749518 0.188017 0.0154061 0.119905 0.0507318 0.0330808
0.0818824 0.0247121 0.00695386 0.0714884 0.0700222 0.0614211 0.0418072 0.0546498 0.0626266 0.0626191
0.0203495 0.0430009 0.0586125 0.0260019 0.0737887 0.0482761 0.060353 0.0559485 0.0460606 0.038089
0.0277308 0.0201049 0.0110913 0.0540758 0.0959328 0.101405 0.0861012 0.0305585 0.0120698 0.0590826
0.0400871 0.0947425 0.0565808 0.0601512 0.094781 0.0765401 0.0198004 0.0713178 0.0127749 0.130168
0.0532967 0.0185571 0.0148762 0.027553 0.0653696 0.0642293 0.0308385 0.115048 0.067579 0.054842
0.0662944 0.0177566 0.0329001 0.0620162 0.0964539 0.0402419 0.0385289 0.0200783 0.0870279 0.0993341
0.0542416 0.166995 0.127003 0.0309979 0.0293715 0.0355368 0.0360602 0.0239443 0.0408728 0.0425862
0.065321 0.0626678 0.0430947 0.0958716 0.0643914 0.0207662 0.0132072 0.0194739 0.0175158 0.0210603
0.0899513 0.0309157 0.0295785 0.115039 0.049155 0.0297002 0.0350492 0.0495419 0.0514909 0.0506589
0.0475014 0.0398111 0.0840006 0.0534868 0.0557459 0.0454295 0.0947775 0.0297894 0.0692188 0.0497509
0.10994 0.0964352 0.0285333 0.159471 0.0266578 0.113125 0.0077002 0.0295784 0.035615 0.106873
0.0519917 0.0378656 0.0138117 0.0306723 0.0542373 0.147917 0.0316237 0.0428561 0.132692 0.0600949
0.0935699 0.0700784 0.0853813 0.0899294 0.06022 0.0236804 0.0330023 0.0187249 0.0228752 0.0146948
0.0266383 0.113017 0.0245509 0.0210437 0.0533372 0.0479922 0.0502477 0.0142424 0.0733695 0.0527834
0.0489246 0.027391 0.0393031 0.0603555 0.0310687 0.0217498 0.0275954 0.037915 0.0920729 0.0605645
0.0690674 0.0198813 0.0362849 0.0308602 0.0436162 0.0483626 0.0471811 0.0239491 0.0195582 0.0330778
0.0548822 0.00812141 0.116352 0.0507721 0.0352273 0.0552921 0.198357 0.0444533 0.131872 0.0800739
0.123384 0.0395084 0.0124026 0.06877 0.0508513 0.0810368 0.025644 0.0496736 0.0363704 0.0459527
0.0178586 0.0133069 0.0494681 0.10365 0.0607315 0.0616723 0.0274005 0.0994973 0.061058 0.118764
0.0149343 0.10533 0.0118143 0.0400148 0.0374204 0.0805512 0.0849669 0.0683644 0.143235 0.0201154
0.116495 0.0139562 0.0439505 0.0324667 0.0322053 0.0946544 0.0480032 0.0720493 0.0266576 0.061329
0.0189606 0.0860195 0.100181 0.0239456 0.410318 0.0536167 0.0751718 0.137344 0.055149 0.0405514
0.0275689 0.0490076 0.0267444 0.119869 0.0380706 0.0696891 0.019114 0.0185948 0.114321 0.131335
0.0775553 0.0367658 0.0560285 0.0931691 0.133173 0.0870034 0.00674081 0.0957665 0.0362108 0.0404288
0.0428772 0.0986759 0.0365904 0.0802596 0.0364741 0.035544 0.0378658 0.126599 0.0674062 0.0170244
0.167521 0.0453551 0.02757 0.0477853 0.00682136 0.0417479 0.0763064 0.0152181 0.0906995 0.0203571
0.0374179 0.115156 0.0262568 0.0320111 0.0602274 0.0242982 0.0316462 0.0132686 0.061205 0.0312964
0.0364024 0.0244406 0.0874647 0.024159 0.0669593 0.0395427 0.0446374 0.0289554 0.0367169 0.0759412
0.0428175 0.0434443 0.0169785 0.059437 0.0989906 0.0291843 0.125214 0.0454232 0.0345152 0.0295897
0.0287065 0.025065 0.0713518 0.0210983 0.0188957 0.0150285 0.133447 0.0383049 0.0523179 0.021201
0.0894406 0.0636101 0.0473444 0.0907683 0.0109029 0.0628543 0.042499 0.025654 0.0835489 0.025292
0.0505151 0.0175405 0.0156146 0.053052 0.0265577 0.0112486 0.107887 0.18728 0.0351681 0.0461307
***
0.0280203 0.0694573 0.0370837 0.0360174 0.0748553 0.0197735 0.0343205 0.0156391 0.012313 0.0361508
0.170021 0.0220391 0.0276485 0.0547534 0.0480595 0.129923 0.0173932 0.0218501 0.0909075 0.0488319
0.0384198 0.025954 0.337071 0.0592976 0.0930775 0.0218733 0.196835 0.0319547 0.0391971 0.0285976
0.00917928 0.0546154 0.169081 0.0390802 0.0344067 0.068648 0.0350204 0.0667595 0.177377 0.111207
0.0236985 0.0250206 0.0199706 0.0716671 0.201715 0.0718291 0.323086 0.0439439 0.0803429 0.0886167
0.0174536 0.0432637 0.0882823 0.0533005 0.0530166 0.0944396 0.0270054 0.116752 0.0618721 0.0893473
0.00673966 0.0221137 0.0175245 0.0204518 0.0279555 0.21223 0.0441784 0.0745542 0.0204596 0.0507037
0.00542074 0.130254 0.0402022 0.071501 0.0782768 0.0262717 0.0281817 0.0236777 0.0933196 0.024945
0.022314 0.044543 0.161055 0.053326 0.0100794 0.191368 0.0422079 0.133996 0.0727663 0.290114
0.0774342 0.020431 0.0123295 0.0248328 0.255709 0.0684987 0.0715644 0.00759377 0.121393 0.0564145
0.0363289 0.0407309 0.171895 0.0104015 0.117995 0.125642 0.599567 0.0959601 0.0493028 0.0810904
0.0185118 0.369555 0.0771002 0.0147503 0.0252984 0.163347 0.053602 0.0208067 0.0242191 0.0763331
0.215555 0.0797354 0.103818 0.0532719 0.0646199 0.0543555 0.0213367 0.0367387 0.214557 0.0329631
0.0239837 0.0279604 0.10386 0.0633921 0.051309 0.0608884 0.0450117 0.00516309 0.14736 0.0163927
0.0532032 0.111858 0.03494 0.0657125 0.043327 0.0441828 0.0815098 0.021777 0.0748755 0.0319675
0.0369181 0.0196124 0.0128251 0.127461 0.191931 0.0302828 0.0235292 0.0276881 0.0419074 0.131884
0.0327666 0.0129882 0.0316482 0.066222 0.0335898 0.258967 0.0634771 0.0766992 0.0316127 0.0484301
0.0203359 0.0211079 0.0406241 0.11121 0.0303522 0.344613 0.0796496 0.126304 0.0281369 0.0208122
0.117731 0.169313 0.0258852 0.00962647 0.52584 0.0391357 0.0650723 0.036779 0.122065 0.114944
0.0914045 0.0301608 0.0293692 0.031084 0.0316996 0.0264553 0.016091 0.477257 0.0192689 0.00944936
0.0787825 0.0171519 0.0140822 0.0137143 0.0390039 0.0248618 0.236124 0.114069 0.0102321 0.139209
0.0859523 0.0934221 0.00602783 0.1051 0.0178921 0.142937 0.13384 0.0456197 0.0505124 0.0778389
0.0449404 0.0258149 0.0150219 0.035887 0.122725 0.0461136 0.0428072 0.0660424 0.071204 0.0358623
0.0518312 0.0425146 0.0441751 0.0504806 0.184528 0.0492109 0.0737467 0.0354438 0.0192171 0.038643
0.00810827 0.0714019 0.149174 0.0283249 0.0204251 0.0315993 0.0347878 0.0449239 0.0397834 0.0341319
0.00725195 0.0324975 0.0240365 0.0500218 0.0564603 0.079951 0.0619646 0.164502 0.0145248 0.457852
0.0104329 0.0739448 0.0245038 0.0354932 0.10757 0.0775914 0.0397058 0.0516452 0.0306456 0.177899
0.215029 0.0445007 0.0353739 0.0239126 0.0172223 0.0240558 0.0404275 0.0140695 0.0192906 0.0120408
0.0209082 0.222165 0.0333444 0.0424897 0.0239997 0.0557936 0.0408457 0.0613737 0.0443631 0.0315605
0.0129425 0.130508 0.0384868 0.181177 0.039037 0.27475 0.0407762 0.0499322 0.0215528 0.0703047
0.260822 0.0555345 0.0176074 0.030488 0.0546167 0.0807737 0.120886 0.0192047 0.21038 0.408828
0.163899 0.0391623 0.0975661 0.00982475 0.0163545 0.0305431 0.0721074 0.0139447 0.118921 0.0394249
0.192538 0.0972037 0.0508293 0.063027 0.0472987 0.0204472 0.0315299 0.0576371 0.152581 0.0271754
0.0423255 0.157094 0.0645257 0.010816 0.0821753 0.0198532 0.0995181 0.0871107 0.0454886 0.237976
0.094579 0.0623434 0.0881599 0.00514043 0.112465 0.0849401 0.0107336 0.303532 0.0143967 0.0531274
0.0343484 0.0400453 0.0884199 0.0254544 0.0240649 0.065277 0.062783 0.115914 0.0688249 0.0527374
0.0144294 0.113578 0.181969 0.0587667 0.0250546 0.0103643 0.0784194 0.439942 0.0169866 0.0220623
0.0514658 0.024922 0.0918794 0.0144043 0.057494 0.0547872 0.0260033 0.0756751 0.015567 0.165788
0.113252 0.112145 0.0348917 0.235555 0.0345725 0.197737 0.00944072 0.0432844 0.122397 0.0218046
0.00836764 0.0373913 0.226982 0.0123944 0.0282788 0.055393 0.559568 0.0323333 0.0454625 0.101805
0.0179186 0.0179889 0.0484497 0.24577 0.0269273 0.0864417 0.0262512 0.0236057 0.0169688 0.0511766
0.0134098 0.0466533 0.0334339 0.0322584 0.162283 0.0256585 0.0366553 0.385363 0.120107 0.0997678
0.631588 0.0516232 0.0794593 0.0184692 0.0557599 0.0229638 0.0649005 0.131362 0.10534 0.0658603
0.0590244 0.0759997 0.192833 0.024236 0.0259568 0.0328928 0.0125887 0.056288 0.00931223 0.118924
0.0662342 0.0621742 0.10482 0.304868 0.0405468 0.313574 0.00686256 0.0117134 0.0547409 0.131442
0.156657 0.205968 0.0247285 0.0180016 0.0496997 0.0375631 0.18629 0.0462242 0.108182 0.0735776
0.0197149 0.0353515 0.0155 0.0475612 0.0275075 0.0466408 0.0621998 0.0380873 0.161106 0.0157595
0.0257359 0.0747355 0.1505 0.303106 0.0963367 0.0436222 0.0243616 0.0397784 0.0352347 0.0545281
0.369147 0.143046 0.0540509 0.0287214 0.0777342 0.0849285 0.0175562 0.0992359 0.0480083 0.0637482
0.0210603 0.0687321 0.151678 0.00859781 0.264004 0.0195471 0.0120273 0.0248115 0.0501651 0.035605
0.319094 4.70586 2.18679 1.86864 1.40597 0.222612 1.02248 0.443997 0.7395 1.3363
2.34334 0.476381 2.97409 0.177091 0.385232 0.845211 0.339485 0.27521 1.65625 0.71594
0.890772 0.372264 4.18102 0.377786 0.0232072 0.21897 0.472374 1.27877 0.024046 1.28156
5.38219 0.0252731 0.302533 1.1158 0.0991571 0.416012 0.185474 0.13225 7.89681 1.79488
0.0220059 1.72495 1.01096 1.4523 0.0319222 1.15246 0.914944 1.08031 1.12911 0.0588981
1.4856 0.11588 0.918937 0.186571 1.49778 5.22202 0.194811 0.163149 1.55283 0.135174
0.103798 2.41166 0.0594533 3.92486 1.08529 0.0264366 0.293582 2.42509 4.96064 2.13021
0.967254 0.332377 1.31348 1.0926 0.407083 0.491235 0.544624 0.394846 0.0399388 0.611231
2.03851 0.0364543 0.0854502 0.0441525 0.0793938 0.745595 0.163012 0.370985 2.23566 1.25756
0.0408606 1.20946 0.131127 1.62605 1.63267 0.548252 0.0184979 3.86682 0.0745768 0.0616522
0.41734 0.450042 0.689608 0.0353785 0.588567 3.25197 0.624762 0.76425 0.25445 1.35544
1.07174 1.84891 0.454977 0.72705 1.63548 0.170192 0.502638 4.70375 5.06242 0.0459732
4.83102 0.252903 5.38245 1.20859 1.27052 0.343175 1.26942 1.78626 0.579048 0.480948
0.0208893 0.643599 1.75592 1.29238 1.02915 0.493289 2.45394 0.0154945 1.07938 0.078244
0.790471 3.77881 0.997168 1.31298 0.232999 0.10896 0.124811 0.763854 1.3476 0.791182
0.0325885 0.192833 2.25739 0.318195 2.02533 1.15082 2.76073 1.34354 0.80473 3.22585
0.264986 0.900318 1.45869 0.169712 0.180596 2.83629 0.391076 0.0429746 1.57056 0.0700993
1.39663 0.406471 1.65848 0.103967 0.273512 1.87812 0.202685 1.00686 0.539988 0.0568907
0.953237 0.0963474 4.08795 0.425784 0.185171 0.755661 1.02636 0.576454 0.0680877 0.617217
0.24399 1.76613 3.13021 0.135201 1.85451 3.40605 0.0949258 2.15653 4.65111 0.0932991
0.141068 1.0553 0.0470607 1.10443 1.25954 1.30837 0.893821 3.47537 0.432487 0.491568
1.8249 1.38867 4.55828 2.56279 0.0472674 0.928784 6.93117 0.968489 0.289841 0.634339
1.08552 0.0287177 0.694297 0.0721944 0.0432805 0.401277 3.25807 1.31911 1.3921 0.20961
1.10272 1.38154 1.37564 0.147609 2.34268 0.383205 0.00590121 0.533429 0.347331 0.326725
0.0696355 0.355949 1.0869 0.0423763 0.088771 1.05145 0.15945 3.6619 0.504259 0.292036
0.398357 0.980792 0.498576 2.06604 1.56344 0.432899 7.4521 0.320559 0.0694944 0.194736
1.00915 0.63686 6.14081 17.9632 0.705895 5.36312 0.0417746 1.54273 6.06962 0.120275
3.27172 0.14671 2.84204 1.66329 0.289601 0.861654 0.540184 0.563173 0.538889 0.869072
0.567578 1.9157 0.207373 1.67145 2.40697 6.89331 2.97913 2.04118 5.23386 0.691807
1.38078 0.0790434 1.40696 0.682532 1.17017 0.800272 0.215214 0.737828 0.434627 0.18008
0.290958 0.838178 1.75612 1.68332 1.24801 0.193868 0.6831 0.195846 1.35143 15.0304
0.131774 4.25955 0.80507 0.116348 0.676624 1.23827 1.22485 6.71346 1.24308 0.915417
0.0889004 0.0495742 0.120112 0.116902 0.829934 0.0188142 0.183306 0.133926 3.02119 0.0381972
0.195742 0.0445745 0.0513838 0.591581 1.41162 2.09385 1.08172 0.786446 0.612854 0.49475
0.0957329 0.193856 1.14214 2.24584 0.0294135 0.735715 0.0506275 0.585572 0.0394664 1.3619
0.396567 2.88041 0.0626266 0.280667 0.531398 0.235002 0.349044 0.199839 0.396276 0.423672
5.91142 0.0104978 0.113243 1.77256 0.0469713 1.0014 1.05395 2.66973 1.0842 1.16321
0.143513 0.459472 0.200975 1.4828 0.0225083 0.637319 1.21036 0.792575 0.946866 13.3218
1.63656 0.0618937 0.294386 0.0777875 0.382407 0.320988 0.128017 0.700744 0.820482 0.170184
0.0886148 0.877921 2.10853 0.090832 1.7621 3.45656 2.38801 0.325328 1.04755 1.54363
0.15914 1.39324 5.25146 1.02037 0.685742 0.263176 7.32659 0.408156 0.190423 0.574181
0.899643 0.216814 0.694657 2.82002 1.65895 0.92292 4.70471 0.812589 0.449557 0.35035
0.27033 3.49434 0.545951 0.0515731 2.15209 0.100699 0.0183699 2.236 0.378414 0.265724
0.722368 0.409301 3.71892 0.209802 0.0490085 1.91644 0.142224 0.379934 0.745385 0.754077
0.624148 1.70918 1.42374 0.308776 0.377375 0.0416435 0.67605 5.02941 1.40371 0.0607232
3.19156 2.77027 1.8933 1.29364 0.479999 1.39165 1.017 0.0227333 0.883124 2.08538
0.399833 0.0908348 0.0678271 0.354903 0.707195 0.0283644 0.984635 1.62793 0.0197611 0.992238
2.02219 1.60132 0.578754 0.450747 0.423581 0.203033 1.91162 0.0591382 0.325692 0.378767
0.329253 6.53794 0.0357402 1.53483 0.29475 3.82451 3.86095 0.912928 1.56537 3.29861
0.545119 3.7598 0.0757379 3.7348 0.68552 0.0528925 0.228525 5.03493 0.211093 0.210571
>covarianceMatrix:
A
0.0256	0	0	0	0	0	0	0	0	0	0	0	
0	0.0256	0	0	0	0	0	0	0	0	0	0	
0	0	0.0256	0	0	0	0	0	0	0	0	0	
0	0	0	0.0256	0	0	0	0	0	0	0	0	
0	0	0	0	0.0256	0	0	0	0	0	0	0	
0	0	0	0	0	0.0256	0	0	0	0	0	0	
0	0	0	0	0	0	0.0256	0	0	0	0	0	
0	0	0	0	0	0	0	0.0256	0	0	0	0	
0	0	0	0	0	0	0	0	0.0256	0	0	0	
0	0	0	0	0	0	0	0	0	0.0256	0	0	
0	0	0	0	0	0	0	0	0	0	0.0256	0	
0	0	0	0	0	0	0	0	0	0	0	0.0256	
***
>covarianceMatrix:
C
0.04	0	0	0	
0	0.04	0	0	
0	0	0.04	0	
0	0	0	0.04	
***
>covarianceMatrix:
D
0.04	0	0	0	
0	0.04	0	0	
0	0	0.04	0	
0	0	0	0.04	
***
>covarianceMatrix:
E
0.04	0	0	0	
0	0.04	0	0	
0	0	0.04	0	
0	0	0	0.04	
***
>covarianceMatrix:
F
0.04	0	0	0	
0	0.04	0	0	
0	0	0.04	0	
0	0	0	0.04	
***
>covarianceMatrix:
G
0.0256	0	0	0	0	0	0	0	0	0	0	0	
0	0.0256	0	0	0	0	0	0	0	0	0	0	
0	0	0.0256	0	0	0	0	0	0	0	0	0	
0	0	0	0.0256	0	0	0	0	0	0	0	0	
0	0	0	0	0.0256	0	0	0	0	0	0	0	
0	0	0	0	0	0.0256	0	0	0	0	0	0	
0	0	0	0	0	0	0.0256	0	0	0	0	0	
0	0	0	0	0	0	0	0.0256	0	0	0	0	
0	0	0	0	0	0	0	0	0.0256	0	0	0	
0	0	0	0	0	0	0	0	0	0.0256	0	0	
0	0	0	0	0	0	0	0	0	0	0.0256	0	
0	0	0	0	0	0	0	0	0	0	0	0.0256	
***
>covarianceMatrix:
H
0.04	0	0	0	
0	0.04	0	0	
0	0	0.04	0	
0	0	0	0.04	
***
>covarianceMatrix:
I
0.05	0	0	0	0	0	0	0	
0	0.05	0	0	0	0	0	0	
0	0	0.05	0	0	0	0	0	
0	0	0	0.05	0	0	0	0	
0	0	0	0	0.05	0	0	0	
0	0	0	0	0	0.05	0	0	
0	0	0	0	0	0	0.05	0	
0	0	0	0	0	0	0	0.05	
***
>covarianceMatrix:
K
0.04	0	0	0	
0	0.04	0	0	
0	0	0.04	0	
0	0	0	0.04	
***
>covarianceMatrix:
L
0.016384	0	0	0	0	0	0	0	0	0	0	0	0	0	0	0	0	0	0	0	
0	0.016384	0	0	0	0	0	0	0	0	0	0	0	0	0	0	0	0	0	0	
0	0	0.016384	0	0	0	0	0	0	0	0	0	0	0	0	0	0	0	0	0	
0	0	0	0.016384	0	0	0	0	0	0	0	0	0	0	0	0	0	0	0	0	
0	0	0	0	0.016384	0	0	0	0	0	0	0	0	0	0	0	0	0	0	0	
0	0	0	0	0	0.016384	0	0	0	0	0	0	0	0	0	0	0	0	0	0	
0	0	0	0	0	0	0.016384	0	0	0	0	0	0	0	0	0	0	0	0	0	
0	0	0	0	0	0	0	0.016384	0	0	0	0	0	0	0	0	0	0	0	0	
0	0	0	0	0	0	0	0	0.016384	0	0	0	0	0	0	0	0	0	0	0	
0	0	0	0	0	0	0	0	0	0.016384	0	0	0	0	0	0	0	0	0	0	
0	0	0	0	0	0	0	0	0	0	0.016384	0	0	0	0	0	0	0	0	0	
0	0	0	0	0	0	0	0	0	0	0	0.016384	0	0	0	0	0	0	0	0	
0	0	0	0	0	0	0	0	0	0	0	0	0.016384	0	0	0	0	0	0	0	
0	0	0	0	0	0	0	0	0	0	0	0	0	0.016384	0	0	0	0	0	0	
0	0	0	0	0	0	0	0	0	0	0	0	0	0	0.016384	0	0	0	0	0	
0	0	0	0	0	0	0	0	0	0	0	0	0	0	0	0.016384	0	0	0	0	
0	0	0	0	0	0	0	0	0	0	0	0	0	0	0	0	0.016384	0	0	0	
0	0	0	0	0	0	0	0	0	0	0	0	0	0	0	0	0	0.016384	0	0	
0	0	0	0	0	0	0	0	0	0	0	0	0	0	0	0	0	0	0.016384	0	
0	0	0	0	0	0	0	0	0	0	0	0	0	0	0	0	0	0	0	0.016384	
***
>covarianceMatrix:
M

***
>covarianceMatrix:
N
0.04	0	0	0	
0	0.04	0	0	
0	0	0.04	0	
0	0	0	0.04	
***
>covarianceMatrix:
P
0.0256	0	0	0	0	0	0	0	0	0	0	0	
0	0.0256	0	0	0	0	0	0	0	0	0	0	
0	0	0.0256	0	0	0	0	0	0	0	0	0	
0	0	0	0.0256	0	0	0	0	0	0	0	0	
0	0	0	0	0.0256	0	0	0	0	0	0	0	
0	0	0	0	0	0.0256	0	0	0	0	0	0	
0	0	0	0	0	0	0.0256	0	0	0	0	0	
0	0	0	0	0	0	0	0.0256	0	0	0	0	
0	0	0	0	0	0	0	0	0.0256	0	0	0	
0	0	0	0	0	0	0	0	0	0.0256	0	0	
0	0	0	0	0	0	0	0	0	0	0.0256	0	
0	0	0	0	0	0	0	0	0	0	0	0.0256	
***
>covarianceMatrix:
Q
0.04	0	0	0	
0	0.04	0	0	
0	0	0.04	0	
0	0	0	0.04	
***
>covarianceMatrix:
R
0.016384	0	0	0	0	0	0	0	0	0	0	0	0	0	0	0	0	0	0	0	
0	0.016384	0	0	0	0	0	0	0	0	0	0	0	0	0	0	0	0	0	0	
0	0	0.016384	0	0	0	0	0	0	0	0	0	0	0	0	0	0	0	0	0	
0	0	0	0.016384	0	0	0	0	0	0	0	0	0	0	0	0	0	0	0	0	
0	0	0	0	0.016384	0	0	0	0	0	0	0	0	0	0	0	0	0	0	0	
0	0	0	0	0	0.016384	0	0	0	0	0	0	0	0	0	0	0	0	0	0	
0	0	0	0	0	0	0.016384	0	0	0	0	0	0	0	0	0	0	0	0	0	
0	0	0	0	0	0	0	0.016384	0	0	0	0	0	0	0	0	0	0	0	0	
0	0	0	0	0	0	0	0	0.016384	0	0	0	0	0	0	0	0	0	0	0	
0	0	0	0	0	0	0	0	0	0.016384	0	0	0	0	0	0	0	0	0	0	
0	0	0	0	0	0	0	0	0	0	0.016384	0	0	0	0	0	0	0	0	0	
0	0	0	0	0	0	0	0	0	0	0	0.016384	0	0	0	0	0	0	0	0	
0	0	0	0	0	0	0	0	0	0	0	0	0.016384	0	0	0	0	0	0	0	
0	0	0	0	0	0	0	0	0	0	0	0	0	0.016384	0	0	0	0	0	0	
0	0	0	0	0	0	0	0	0	0	0	0	0	0	0.016384	0	0	0	0	0	
0	0	0	0	0	0	0	0	0	0	0	0	0	0	0	0.016384	0	0	0	0	
0	0	0	0	0	0	0	0	0	0	0	0	0	0	0	0	0.016384	0	0	0	
0	0	0	0	0	0	0	0	0	0	0	0	0	0	0	0	0	0.016384	0	0	
0	0	0	0	0	0	0	0	0	0	0	0	0	0	0	0	0	0	0.016384	0	
0	0	0	0	0	0	0	0	0	0	0	0	0	0	0	0	0	0	0	0.016384	
***
>covarianceMatrix:
S
0.0256	0	0	0	0	0	0	0	0	0	0	0	
0	0.0256	0	0	0	0	0	0	0	0	0	0	
0	0	0.0256	0	0	0	0	0	0	0	0	0	
0	0	0	0.0256	0	0	0	0	0	0	0	0	
0	0	0	0	0.0256	0	0	0	0	0	0	0	
0	0	0	0	0	0.0256	0	0	0	0	0	0	
0	0	0	0	0	0	0.0256	0	0	0	0	0	
0	0	0	0	0	0	0	0.0256	0	0	0	0	
0	0	0	0	0	0	0	0	0.0256	0	0	0	
0	0	0	0	0	0	0	0	0	0.0256	0	0	
0	0	0	0	0	0	0	0	0	0	0.0256	0	
0	0	0	0	0	0	0	0	0	0	0	0.0256	
***
>covarianceMatrix:
T
0.0256	0	0	0	0	0	0	0	0	0	0	0	
0	0.0256	0	0	0	0	0	0	0	0	0	0	
0	0	0.0256	0	0	0	0	0	0	0	0	0	
0	0	0	0.0256	0	0	0	0	0	0	0	0	
0	0	0	0	0.0256	0	0	0	0	0	0	0	
0	0	0	0	0	0.0256	0	0	0	0	0	0	
0	0	0	0	0	0	0.0256	0	0	0	0	0	
0	0	0	0	0	0	0	0.0256	0	0	0	0	
0	0	0	0	0	0	0	0	0.0256	0	0	0	
0	0	0	0	0	0	0	0	0	0.0256	0	0	
0	0	0	0	0	0	0	0	0	0	0.0256	0	
0	0	0	0	0	0	0	0	0	0	0	0.0256	
***
>covarianceMatrix:
V
0.0256	0	0	0	0	0	0	0	0	0	0	0	
0	0.0256	0	0	0	0	0	0	0	0	0	0	
0	0	0.0256	0	0	0	0	0	0	0	0	0	
0	0	0	0.0256	0	0	0	0	0	0	0	0	
0	0	0	0	0.0256	0	0	0	0	0	0	0	
0	0	0	0	0	0.0256	0	0	0	0	0	0	
0	0	0	0	0	0	0.0256	0	0	0	0	0	
0	0	0	0	0	0	0	0.0256	0	0	0	0	
0	0	0	0	0	0	0	0	0.0256	0	0	0	
0	0	0	0	0	0	0	0	0	0.0256	0	0	
0	0	0	0	0	0	0	0	0	0	0.0256	0	
0	0	0	0	0	0	0	0	0	0	0	0.0256	
***
>covarianceMatrix:
W

***
>covarianceMatrix:
Y
0.04	0	0	0	
0	0.04	0	0	
0	0	0.04	0	
0	0	0	0.04	
***
>covarianceMatrix:
Z
0.04	0	0	0	
0	0.04	0	0	
0	0	0.04	0	
0	0	0	0.04	
***
>covarianceMatrix:
X
1	0	0	0	0	0	0	0	
0	1	0	0	0	0	0	0	
0	0	1	0	0	0	0	0	
0	0	0	1	0	0	0	0	
0	0	0	0	1	0	0	0	
0	0	0	0	0	1	0	0	
0	0	0	0	0	0	1	0	
0	0	0	0	0	0	0	1	
***
>std_csp:
0.08 0.08 0.08 0.08 0.08 0.08 0.08 0.08 0.08 0.08
0.08 0.1 0.1 0.08 0.08 0.08 0.08 0.08 0.08 0.08
0.08 0.08 0.08 0.08 0.08 0.08 0.08 0.08 0.08 0.08
0.08 0.08 0.08 0.08 0.08 0.08 0.08 0.08 0.08 0.08
>currentMutationParameter:
***
-0.64072 2.02541 -1.00427 0.178493 -1.42145 0.904135 -0.965025 -2.09768 -2.19282 0.817092
0.640846 1.27575 1.75872 1.02427 1.22255 2.50232 1.03615 -1.67688 0.22232 1.32665
-1.61019 1.46481 0.954282 1.57753 1.5089 0.258417 -1.0316 -0.267561 -0.91022 0.989915
-0.631568 -0.209427 -0.696285 2.27291 -0.60506 0.0360385 1.53726 0.481188 -0.28966 0.623343
***
0.614754 -0.83922 -1.2272 2.14284 -0.991254 -1.41613 1.56778 -0.529054 -0.584819 -0.72185
1.28798 1.58621 -1.89769 0.0568076 0.114101 0.153607 0.443752 0.747935 -0.350965 -1.4886
-0.656243 0.93917 0.224311 1.56644 -1.06286 0.81635 -0.847743 0.825589 -1.37101 0.601246
-0.917375 -1.87967 0.186808 0.800749 0.267458 0.812552 -1.78423 0.990902 0 0
>currentSelectionParameter:
***
-1.20883 -1.56909 -0.561163 -2.14194 -2.05416 0.457339 1.91518 -0.511151 0.633234 -0.0891026
1.96264 1.36018 0.784989 1.22732 -0.367715 -0.780555 1.07532 -1.35003 -1.33994 0.115033
-1.25709 -0.181861 -1.98444 1.24131 -1.76643 -1.37135 2.25298 3.65978 -1.03678 1.88227
0.236807 0.730198 0.747209 1.41786 -0.639557 1.7839 1.91248 0.806988 -1.53612 0.654689
***
0.515185 0.616466 1.22594 0.778456 1.19939 0.547155 0.0635008 -1.15264 1.05325 -0.823637
0.998993 -0.215488 -0.807509 1.26165 0.201765 -0.663782 -0.0726503 -0.26132 -1.35481 1.27036
0.389428 -0.864304 -0.337224 -0.541735 -1.02276 -1.6431 -0.22127 0.486176 0.630862 0.161815
0.161493 -0.467894 0.661314 -0.83189 -0.635533 0.944866 0.0588427 -1.09122 0 0
