>Sphi:
1.13256
>Aphi:
3.10504e+231
>numParam:
40
>numMixtures:
2
>std_sphi:
0.1
>std_phi:
***
0.1728 0.1728 0.1728 0.1728 0.1728 0.1728 0.1728 0.1728 0.1728 0.1728
0.1728 0.1728 0.1728 0.1728 0.1728 0.1728 0.1728 0.1728 0.1728 0.1728
0.1728 0.1728 0.1728 0.1728 0.1728 0.1728 0.1728 0.1728 0.1728 0.1728
0.1728 0.1728 0.1728 0.1728 0.1728 0.1728 0.1728 0.1728 0.1728 0.1728
0.1728 0.1728 0.1728 0.1728 0.1728 0.1728 0.1728 0.1728 0.1728 0.1728
0.1728 0.1728 0.1728 0.1728 0.1728 0.1728 0.1728 0.1728 0.1728 0.1728
0.1728 0.1728 0.1728 0.1728 0.1728 0.1728 0.1728 0.1728 0.1728 0.1728
0.1728 0.1728 0.1728 0.1728 0.1728 0.1728 0.1728 0.1728 0.1728 0.1728
0.1728 0.1728 0.1728 0.1728 0.1728 0.1728 0.1728 0.1728 0.1728 0.1728
0.1728 0.1728 0.1728 0.1728 0.1728 0.1728 0.1728 0.1728 0.1728 0.1728
0.1728 0.1728 0.1728 0.1728 0.1728 0.1728 0.1728 0.1728 0.1728 0.1728
0.1728 0.1728 0.1728 0.1728 0.1728 0.1728 0.1728 0.1728 0.1728 0.1728
0.1728 0.1728 0.1728 0.1728 0.1728 0.1728 0.1728 0.1728 0.1728 0.1728
0.1728 0.1728 0.1728 0.1728 0.1728 0.1728 0.1728 0.1728 0.1728 0.1728
0.1728 0.1728 0.1728 0.1728 0.1728 0.1728 0.1728 0.1728 0.1728 0.1728
0.1728 0.1728 0.1728 0.1728 0.1728 0.1728 0.1728 0.1728 0.1728 0.1728
0.1728 0.1728 0.1728 0.1728 0.1728 0.1728 0.1728 0.1728 0.1728 0.1728
0.1728 0.1728 0.1728 0.1728 0.1728 0.1728 0.1728 0.1728 0.1728 0.1728
0.1728 0.1728 0.1728 0.1728 0.1728 0.1728 0.1728 0.1728 0.1728 0.1728
0.1728 0.1728 0.1728 0.1728 0.1728 0.1728 0.1728 0.1728 0.1728 0.1728
0.1728 0.1728 0.1728 0.1728 0.1728 0.1728 0.1728 0.1728 0.1728 0.1728
0.1728 0.1728 0.1728 0.1728 0.1728 0.1728 0.1728 0.1728 0.1728 0.1728
0.1728 0.1728 0.1728 0.1728 0.1728 0.1728 0.1728 0.1728 0.1728 0.1728
0.1728 0.1728 0.1728 0.1728 0.1728 0.1728 0.1728 0.1728 0.1728 0.1728
0.1728 0.1728 0.1728 0.1728 0.1728 0.1728 0.1728 0.1728 0.1728 0.1728
0.1728 0.1728 0.1728 0.1728 0.1728 0.1728 0.1728 0.1728 0.1728 0.1728
0.1728 0.1728 0.1728 0.1728 0.1728 0.1728 0.1728 0.1728 0.1728 0.1728
0.1728 0.1728 0.1728 0.1728 0.1728 0.1728 0.1728 0.1728 0.1728 0.1728
0.1728 0.1728 0.1728 0.1728 0.1728 0.1728 0.1728 0.1728 0.1728 0.1728
0.1728 0.1728 0.1728 0.1728 0.1728 0.1728 0.1728 0.1728 0.1728 0.1728
0.1728 0.1728 0.1728 0.1728 0.1728 0.1728 0.1728 0.1728 0.1728 0.1728
0.1728 0.1728 0.1728 0.1728 0.1728 0.1728 0.1728 0.1728 0.1728 0.1728
0.1728 0.1728 0.1728 0.1728 0.1728 0.1728 0.1728 0.1728 0.1728 0.1728
0.1728 0.1728 0.1728 0.1728 0.1728 0.1728 0.1728 0.1728 0.1728 0.1728
0.1728 0.1728 0.1728 0.1728 0.1728 0.1728 0.1728 0.1728 0.1728 0.1728
0.1728 0.1728 0.1728 0.1728 0.1728 0.1728 0.1728 0.1728 0.1728 0.1728
0.1728 0.1728 0.1728 0.1728 0.1728 0.1728 0.1728 0.1728 0.1728 0.1728
0.1728 0.1728 0.1728 0.1728 0.1728 0.1728 0.1728 0.1728 0.1728 0.1728
0.1728 0.1728 0.1728 0.1728 0.1728 0.1728 0.1728 0.1728 0.1728 0.1728
0.1728 0.1728 0.1728 0.1728 0.1728 0.1728 0.1728 0.1728 0.1728 0.1728
0.1728 0.1728 0.1728 0.1728 0.1728 0.1728 0.1728 0.1728 0.1728 0.1728
0.1728 0.1728 0.1728 0.1728 0.1728 0.1728 0.1728 0.1728 0.1728 0.1728
0.1728 0.1728 0.1728 0.1728 0.1728 0.1728 0.1728 0.1728 0.1728 0.1728
0.1728 0.1728 0.1728 0.1728 0.1728 0.1728 0.1728 0.1728 0.1728 0.1728
0.1728 0.1728 0.1728 0.1728 0.1728 0.1728 0.1728 0.1728 0.1728 0.1728
0.1728 0.1728 0.1728 0.1728 0.1728 0.1728 0.1728 0.1728 0.1728 0.1728
0.1728 0.1728 0.1728 0.1728 0.1728 0.1728 0.1728 0.1728 0.1728 0.1728
0.1728 0.1728 0.1728 0.1728 0.1728 0.1728 0.1728 0.1728 0.1728 0.1728
0.1728 0.1728 0.1728 0.1728 0.1728 0.1728 0.1728 0.1728 0.1728 0.1728
0.1728 0.1728 0.1728 0.1728 0.1728 0.1728 0.1728 0.1728 0.1728 0.1728
0.1728 0.1728 0.1728 0.1728 0.1728 0.1728 0.1728 0.1728 0.1728 0.1728
0.1728 0.1728 0.1728 0.1728 0.1728 0.1728 0.1728 0.1728 0.1728 0.1728
0.1728 0.1728 0.1728 0.1728 0.1728 0.1728 0.1728 0.1728 0.1728 0.1728
0.1728 0.1728 0.1728 0.1728 0.1728 0.1728 0.1728 0.1728 0.1728 0.1728
0.1728 0.1728 0.1728 0.1728 0.1728 0.1728 0.1728 0.1728 0.1728 0.1728
0.1728 0.1728 0.1728 0.1728 0.1728 0.1728 0.1728 0.1728 0.1728 0.1728
0.1728 0.1728 0.1728 0.1728 0.1728 0.1728 0.1728 0.1728 0.1728 0.1728
0.1728 0.1728 0.1728 0.1728 0.1728 0.1728 0.1728 0.1728 0.1728 0.1728
0.1728 0.1728 0.1728 0.1728 0.1728 0.1728 0.1728 0.1728 0.1728 0.1728
0.1728 0.1728 0.1728 0.1728 0.1728 0.1728 0.1728 0.1728 0.1728 0.1728
0.1728 0.1728 0.1728 0.1728 0.1728 0.1728 0.1728 0.1728 0.1728 0.1728
0.1728 0.1728 0.1728 0.1728 0.1728 0.1728 0.1728 0.1728 0.1728 0.1728
0.1728 0.1728 0.1728 0.1728 0.1728 0.1728 0.1728 0.1728 0.1728 0.1728
0.1728 0.1728 0.1728 0.1728 0.1728 0.1728 0.1728 0.1728 0.1728 0.1728
0.1728 0.1728 0.1728 0.1728 0.1728 0.1728 0.1728 0.1728 0.1728 0.1728
0.1728 0.1728 0.1728 0.1728 0.1728 0.1728 0.1728 0.1728 0.1728 0.1728
0.1728 0.1728 0.1728 0.1728 0.1728 0.1728 0.1728 0.1728 0.1728 0.1728
0.1728 0.1728 0.1728 0.1728 0.1728 0.1728 0.1728 0.1728 0.1728 0.1728
0.1728 0.1728 0.1728 0.1728 0.1728 0.1728 0.1728 0.1728 0.1728 0.1728
0.1728 0.1728 0.1728 0.1728 0.1728 0.1728 0.1728 0.1728 0.1728 0.1728
0.1728 0.1728 0.1728 0.1728 0.1728 0.1728 0.1728 0.1728 0.1728 0.1728
0.1728 0.1728 0.1728 0.1728 0.1728 0.1728 0.1728 0.1728 0.1728 0.1728
0.1728 0.1728 0.1728 0.1728 0.1728 0.1728 0.1728 0.1728 0.1728 0.1728
0.1728 0.1728 0.1728 0.1728 0.1728 0.1728 0.1728 0.1728 0.1728 0.1728
0.1728 0.1728 0.1728 0.1728 0.1728 0.1728 0.1728 0.1728 0.1728 0.1728
0.1728 0.1728 0.1728 0.1728 0.1728 0.1728 0.1728 0.1728 0.1728 0.1728
0.1728 0.1728 0.1728 0.1728 0.1728 0.1728 0.1728 0.1728 0.1728 0.1728
0.1728 0.1728 0.1728 0.1728 0.1728 0.1728 0.1728 0.1728 0.1728 0.1728
0.1728 0.1728 0.1728 0.1728 0.1728 0.1728 0.1728 0.1728 0.1728 0.1728
0.1728 0.1728 0.1728 0.1728 0.1728 0.1728 0.1728 0.1728 0.1728 0.1728
0.1728 0.1728 0.1728 0.1728 0.1728 0.1728 0.1728 0.1728 0.1728 0.1728
0.1728 0.1728 0.1728 0.1728 0.1728 0.1728 0.1728 0.1728 0.1728 0.1728
0.1728 0.1728 0.1728 0.1728 0.1728 0.1728 0.1728 0.1728 0.1728 0.1728
0.1728 0.1728 0.1728 0.1728 0.1728 0.1728 0.1728 0.1728 0.1728 0.1728
0.1728 0.1728 0.1728 0.1728 0.1728 0.1728 0.1728 0.1728 0.1728 0.1728
0.1728 0.1728 0.1728 0.1728 0.1728 0.1728 0.1728 0.1728 0.1728 0.1728
0.1728 0.1728 0.1728 0.1728 0.1728 0.1728 0.1728 0.1728 0.1728 0.1728
0.1728 0.1728 0.1728 0.1728 0.1728 0.1728 0.1728 0.1728 0.1728 0.1728
0.1728 0.1728 0.1728 0.1728 0.1728 0.1728 0.1728 0.1728 0.1728 0.1728
0.1728 0.1728 0.1728 0.1728 0.1728 0.1728 0.1728 0.1728 0.1728 0.1728
0.1728 0.1728 0.1728 0.1728 0.1728 0.1728 0.1728 0.1728 0.1728 0.1728
0.1728 0.1728 0.1728 0.1728 0.1728 0.1728 0.1728 0.1728 0.1728 0.1728
0.1728 0.1728 0.1728 0.1728 0.1728 0.1728 0.1728 0.1728 0.1728 0.1728
0.1728 0.1728 0.1728 0.1728 0.1728 0.1728 0.1728 0.1728 0.1728 0.1728
0.1728 0.1728 0.1728 0.1728 0.1728 0.1728 0.1728 0.1728 0.1728 0.1728
0.1728 0.1728 0.1728 0.1728 0.1728 0.1728 0.1728 0.1728 0.1728 0.1728
0.1728 0.1728 0.1728 0.1728 0.1728 0.1728 0.1728 0.1728 0.1728 0.1728
0.1728 0.1728 0.1728 0.1728 0.1728 0.1728 0.1728 0.1728 0.1728 0.1728
0.1728 0.1728 0.1728 0.1728 0.1728 0.1728 0.1728 0.1728 0.1728 0.1728
0.1728 0.1728 0.1728 0.1728 0.1728 0.1728 0.1728 0.1728 0.1728 0.1728
***
0.1728 0.1728 0.1728 0.1728 0.1728 0.1728 0.1728 0.1728 0.1728 0.1728
0.1728 0.1728 0.1728 0.1728 0.1728 0.1728 0.1728 0.1728 0.1728 0.1728
0.1728 0.1728 0.1728 0.1728 0.1728 0.1728 0.1728 0.1728 0.1728 0.1728
0.1728 0.1728 0.1728 0.1728 0.1728 0.1728 0.1728 0.1728 0.1728 0.1728
0.1728 0.1728 0.1728 0.1728 0.1728 0.1728 0.1728 0.1728 0.1728 0.1728
0.1728 0.1728 0.1728 0.1728 0.1728 0.1728 0.1728 0.1728 0.1728 0.1728
0.1728 0.1728 0.1728 0.1728 0.1728 0.1728 0.1728 0.1728 0.1728 0.1728
0.1728 0.1728 0.1728 0.1728 0.1728 0.1728 0.1728 0.1728 0.1728 0.1728
0.1728 0.1728 0.1728 0.1728 0.1728 0.1728 0.1728 0.1728 0.1728 0.1728
0.1728 0.1728 0.1728 0.1728 0.1728 0.1728 0.1728 0.1728 0.1728 0.1728
0.1728 0.1728 0.1728 0.1728 0.1728 0.1728 0.1728 0.1728 0.1728 0.1728
0.1728 0.1728 0.1728 0.1728 0.1728 0.1728 0.1728 0.1728 0.1728 0.1728
0.1728 0.1728 0.1728 0.1728 0.1728 0.1728 0.1728 0.1728 0.1728 0.1728
0.1728 0.1728 0.1728 0.1728 0.1728 0.1728 0.1728 0.1728 0.1728 0.1728
0.1728 0.1728 0.1728 0.1728 0.1728 0.1728 0.1728 0.1728 0.1728 0.1728
0.1728 0.1728 0.1728 0.1728 0.1728 0.1728 0.1728 0.1728 0.1728 0.1728
0.1728 0.1728 0.1728 0.1728 0.1728 0.1728 0.1728 0.1728 0.1728 0.1728
0.1728 0.1728 0.1728 0.1728 0.1728 0.1728 0.1728 0.1728 0.1728 0.1728
0.1728 0.1728 0.1728 0.1728 0.1728 0.1728 0.1728 0.1728 0.1728 0.1728
0.1728 0.1728 0.1728 0.1728 0.1728 0.1728 0.1728 0.1728 0.1728 0.1728
0.1728 0.1728 0.1728 0.1728 0.1728 0.1728 0.1728 0.1728 0.1728 0.1728
0.1728 0.1728 0.1728 0.1728 0.1728 0.1728 0.1728 0.1728 0.1728 0.1728
0.1728 0.1728 0.1728 0.1728 0.1728 0.1728 0.1728 0.1728 0.1728 0.1728
0.1728 0.1728 0.1728 0.1728 0.1728 0.1728 0.1728 0.1728 0.1728 0.1728
0.1728 0.1728 0.1728 0.1728 0.1728 0.1728 0.1728 0.1728 0.1728 0.1728
0.1728 0.1728 0.1728 0.1728 0.1728 0.1728 0.1728 0.1728 0.1728 0.1728
0.1728 0.1728 0.1728 0.1728 0.1728 0.1728 0.1728 0.1728 0.1728 0.1728
0.1728 0.1728 0.1728 0.1728 0.1728 0.1728 0.1728 0.1728 0.1728 0.1728
0.1728 0.1728 0.1728 0.1728 0.1728 0.1728 0.1728 0.1728 0.1728 0.1728
0.1728 0.1728 0.1728 0.1728 0.1728 0.1728 0.1728 0.1728 0.1728 0.1728
0.1728 0.1728 0.1728 0.1728 0.1728 0.1728 0.1728 0.1728 0.1728 0.1728
0.1728 0.1728 0.1728 0.1728 0.1728 0.1728 0.1728 0.1728 0.1728 0.1728
0.1728 0.1728 0.1728 0.1728 0.1728 0.1728 0.1728 0.1728 0.1728 0.1728
0.1728 0.1728 0.1728 0.1728 0.1728 0.1728 0.1728 0.1728 0.1728 0.1728
0.1728 0.1728 0.1728 0.1728 0.1728 0.1728 0.1728 0.1728 0.1728 0.1728
0.1728 0.1728 0.1728 0.1728 0.1728 0.1728 0.1728 0.1728 0.1728 0.1728
0.1728 0.1728 0.1728 0.1728 0.1728 0.1728 0.1728 0.1728 0.1728 0.1728
0.1728 0.1728 0.1728 0.1728 0.1728 0.1728 0.1728 0.1728 0.1728 0.1728
0.1728 0.1728 0.1728 0.1728 0.1728 0.1728 0.1728 0.1728 0.1728 0.1728
0.1728 0.1728 0.1728 0.1728 0.1728 0.1728 0.1728 0.1728 0.1728 0.1728
0.1728 0.1728 0.1728 0.1728 0.1728 0.1728 0.1728 0.1728 0.1728 0.1728
0.1728 0.1728 0.1728 0.1728 0.1728 0.1728 0.1728 0.1728 0.1728 0.1728
0.1728 0.1728 0.1728 0.1728 0.1728 0.1728 0.1728 0.1728 0.1728 0.1728
0.1728 0.1728 0.1728 0.1728 0.1728 0.1728 0.1728 0.1728 0.1728 0.1728
0.1728 0.1728 0.1728 0.1728 0.1728 0.1728 0.1728 0.1728 0.1728 0.1728
0.1728 0.1728 0.1728 0.1728 0.1728 0.1728 0.1728 0.1728 0.1728 0.1728
0.1728 0.1728 0.1728 0.1728 0.1728 0.1728 0.1728 0.1728 0.1728 0.1728
0.1728 0.1728 0.1728 0.1728 0.1728 0.1728 0.1728 0.1728 0.1728 0.1728
0.1728 0.1728 0.1728 0.1728 0.1728 0.1728 0.1728 0.1728 0.1728 0.1728
0.1728 0.1728 0.1728 0.1728 0.1728 0.1728 0.1728 0.1728 0.1728 0.1728
0.1728 0.144 0.144 0.1728 0.1728 0.1728 0.1728 0.1728 0.1728 0.1728
0.144 0.1728 0.144 0.1728 0.1728 0.1728 0.1728 0.1728 0.1728 0.1728
0.1728 0.1728 0.1728 0.1728 0.1728 0.1728 0.1728 0.1728 0.1728 0.1728
0.1728 0.1728 0.1728 0.1728 0.1728 0.1728 0.1728 0.1728 0.144 0.1728
0.1728 0.1728 0.144 0.1728 0.1728 0.1728 0.1728 0.1728 0.1728 0.1728
0.1728 0.1728 0.1728 0.1728 0.1728 0.144 0.1728 0.1728 0.144 0.1728
0.1728 0.144 0.1728 0.144 0.1728 0.1728 0.1728 0.1728 0.144 0.144
0.1728 0.1728 0.1728 0.1728 0.1728 0.1728 0.1728 0.1728 0.1728 0.1728
0.144 0.1728 0.1728 0.1728 0.1728 0.1728 0.1728 0.1728 0.144 0.1728
0.1728 0.1728 0.1728 0.1728 0.1728 0.1728 0.1728 0.1728 0.1728 0.1728
0.1728 0.1728 0.1728 0.1728 0.1728 0.144 0.1728 0.1728 0.1728 0.1728
0.1728 0.1728 0.1728 0.1728 0.1728 0.1728 0.1728 0.1728 0.1728 0.1728
0.144 0.1728 0.144 0.144 0.144 0.1728 0.1728 0.1728 0.1728 0.1728
0.1728 0.1728 0.144 0.1728 0.1728 0.1728 0.144 0.1728 0.1728 0.1728
0.1728 0.12 0.1728 0.144 0.1728 0.1728 0.1728 0.1728 0.1728 0.1728
0.1728 0.1728 0.1728 0.1728 0.1152 0.1728 0.1728 0.1728 0.1728 0.12
0.1728 0.1728 0.1728 0.1728 0.1728 0.144 0.1728 0.1728 0.1728 0.1728
0.144 0.1728 0.144 0.1728 0.1728 0.1728 0.1728 0.1728 0.1728 0.1728
0.1728 0.1728 0.1728 0.1728 0.1728 0.1728 0.1728 0.1728 0.1728 0.1728
0.1728 0.1152 0.144 0.1728 0.1728 0.144 0.1728 0.144 0.1728 0.1728
0.1728 0.1728 0.1728 0.1728 0.1728 0.144 0.1728 0.1728 0.1728 0.1728
0.144 0.144 0.1728 0.12 0.1728 0.1728 0.144 0.1728 0.1728 0.1728
0.1728 0.1728 0.1728 0.1728 0.1728 0.1728 0.1728 0.1728 0.1728 0.1728
0.1728 0.1728 0.1728 0.1728 0.144 0.1728 0.1728 0.1728 0.1728 0.1728
0.1728 0.1728 0.1728 0.1728 0.1728 0.1728 0.1728 0.144 0.1728 0.1728
0.1728 0.1728 0.1728 0.1728 0.1728 0.1728 0.1728 0.1728 0.1728 0.1728
0.1728 0.1728 0.12 0.1728 0.1728 0.1728 0.1728 0.1728 0.1728 0.1728
0.1728 0.1728 0.1728 0.1728 0.1728 0.1728 0.1728 0.1728 0.1728 0.1728
0.1728 0.144 0.1728 0.1728 0.12 0.144 0.1728 0.144 0.1728 0.1728
0.1728 0.1728 0.1728 0.1728 0.1728 0.1728 0.1728 0.1728 0.1728 0.1728
0.1728 0.1728 0.1728 0.1728 0.1728 0.1728 0.1728 0.1728 0.1728 0.1728
0.1728 0.144 0.1728 0.1728 0.1728 0.1728 0.1728 0.12 0.1728 0.1728
0.1728 0.1728 0.1728 0.1728 0.1728 0.1728 0.1728 0.1728 0.1728 0.1728
0.1728 0.1728 0.1728 0.1728 0.1728 0.144 0.1728 0.1728 0.1728 0.1728
0.1728 0.1728 0.1728 0.1728 0.1728 0.1728 0.1728 0.1728 0.1728 0.1728
0.1728 0.144 0.1728 0.1728 0.1728 0.1728 0.1728 0.1728 0.1728 0.1728
0.144 0.1728 0.1728 0.1728 0.1728 0.1728 0.1728 0.144 0.1728 0.1728
0.1728 0.1728 0.1728 0.144 0.1728 0.1728 0.1728 0.1728 0.1728 0.1728
0.1728 0.1728 0.1728 0.1728 0.1728 0.1728 0.1728 0.1728 0.1728 0.1728
0.1728 0.1728 0.1728 0.1728 0.1728 0.12 0.1728 0.1728 0.1728 0.1728
0.1728 0.1728 0.1728 0.1728 0.1728 0.1728 0.1728 0.1728 0.1728 0.1728
0.1728 0.1728 0.1728 0.144 0.1728 0.1728 0.12 0.1728 0.1728 0.1728
0.1728 0.144 0.1728 0.1728 0.144 0.1728 0.1728 0.1728 0.1728 0.1728
0.1728 0.1728 0.12 0.1728 0.1728 0.1728 0.1728 0.1728 0.1728 0.1728
0.1728 0.1728 0.144 0.1728 0.1728 0.1728 0.1728 0.1728 0.144 0.1728
0.12 0.1728 0.1728 0.1728 0.1728 0.1728 0.1728 0.1728 0.1728 0.144
0.1728 0.1728 0.1728 0.1728 0.1728 0.1728 0.1728 0.1728 0.1728 0.1728
0.1728 0.1728 0.1728 0.1728 0.1728 0.1728 0.144 0.1728 0.1728 0.1728
0.1728 0.1728 0.1728 0.1728 0.1728 0.1728 0.1728 0.1728 0.1728 0.144
0.1728 0.12 0.1728 0.1728 0.1728 0.1728 0.1728 0.1728 0.1728 0.1728
>categories:
0 0
1 1
>mixtureAssignment:
0 0 0 0 0 0 0 0 0 0 0 0 0 0 0 0 0 0 0 0 0 0 0 0 0 0 0 0 0 0 0 0 0 0 0 0 0 0 0 0 0 0 0 0 0 0 0 0 0 0
0 0 0 0 0 0 0 0 0 0 0 0 0 0 0 0 0 0 0 0 0 0 0 0 0 0 0 0 0 0 0 0 0 0 0 0 0 0 0 0 0 0 0 0 0 0 0 0 0 0
0 0 0 0 0 0 0 0 0 0 0 0 0 0 0 0 0 0 0 0 0 0 0 0 0 0 0 0 0 0 0 0 0 0 0 0 0 0 0 0 0 0 0 0 0 0 0 0 0 0
0 0 0 0 0 0 0 0 0 0 0 0 0 0 0 0 0 0 0 0 0 0 0 0 0 0 0 0 0 0 0 0 0 0 0 0 0 0 0 0 0 0 0 0 0 0 0 0 0 0
0 0 0 0 0 0 0 0 0 0 0 0 0 0 0 0 0 0 0 0 0 0 0 0 0 0 0 0 0 0 0 0 0 0 0 0 0 0 0 0 0 0 0 0 0 0 0 0 0 0
0 0 0 0 0 0 0 0 0 0 0 0 0 0 0 0 0 0 0 0 0 0 0 0 0 0 0 0 0 0 0 0 0 0 0 0 0 0 0 0 0 0 0 0 0 0 0 0 0 0
0 0 0 0 0 0 0 0 0 0 0 0 0 0 0 0 0 0 0 0 0 0 0 0 0 0 0 0 0 0 0 0 0 0 0 0 0 0 0 0 0 0 0 0 0 0 0 0 0 0
0 0 0 0 0 0 0 0 0 0 0 0 0 0 0 0 0 0 0 0 0 0 0 0 0 0 0 0 0 0 0 0 0 0 0 0 0 0 0 0 0 0 0 0 0 0 0 0 0 0
0 0 0 0 0 0 0 0 0 0 0 0 0 0 0 0 0 0 0 0 0 0 0 0 0 0 0 0 0 0 0 0 0 0 0 0 0 0 0 0 0 0 0 0 0 0 0 0 0 0
0 0 0 0 0 0 0 0 0 0 0 0 0 0 0 0 0 0 0 0 0 0 0 0 0 0 0 0 0 0 0 0 0 0 0 0 0 0 0 0 0 0 0 0 0 0 0 0 0 0
1 1 1 1 1 1 1 1 1 1 1 1 1 1 1 1 1 1 1 1 1 1 1 1 1 1 1 1 1 1 1 1 1 1 1 1 1 1 1 1 1 1 1 1 1 1 1 1 1 1
1 1 1 1 1 1 1 1 1 1 1 1 1 1 1 1 1 1 1 1 1 1 1 1 1 1 1 1 1 1 1 1 1 1 1 1 1 1 1 1 1 1 1 1 1 1 1 1 1 1
1 1 1 1 1 1 1 1 1 1 1 1 1 1 1 1 1 1 1 1 1 1 1 1 1 1 1 1 1 1 1 1 1 1 1 1 1 1 1 1 1 1 1 1 1 1 1 1 1 1
1 1 1 1 1 1 1 1 1 1 1 1 1 1 1 1 1 1 1 1 1 1 1 1 1 1 1 1 1 1 1 1 1 1 1 1 1 1 1 1 1 1 1 1 1 1 1 1 1 1
1 1 1 1 1 1 1 1 1 1 1 1 1 1 1 1 1 1 1 1 1 1 1 1 1 1 1 1 1 1 1 1 1 1 1 1 1 1 1 1 1 1 1 1 1 1 1 1 1 1
1 1 1 1 1 1 1 1 1 1 1 1 1 1 1 1 1 1 1 1 1 1 1 1 1 1 1 1 1 1 1 1 1 1 1 1 1 1 1 1 1 1 1 1 1 1 1 1 1 1
1 1 1 1 1 1 1 1 1 1 1 1 1 1 1 1 1 1 1 1 1 1 1 1 1 1 1 1 1 1 1 1 1 1 1 1 1 1 1 1 1 1 1 1 1 1 1 1 1 1
1 1 1 1 1 1 1 1 1 1 1 1 1 1 1 1 1 1 1 1 1 1 1 1 1 1 1 1 1 1 1 1 1 1 1 1 1 1 1 1 1 1 1 1 1 1 1 1 1 1
1 1 1 1 1 1 1 1 1 1 1 1 1 1 1 1 1 1 1 1 1 1 1 1 1 1 1 1 1 1 1 1 1 1 1 1 1 1 1 1 1 1 1 1 1 1 1 1 1 1
1 1 1 1 1 1 1 1 1 1 1 1 1 1 1 1 1 1 1 1 1 1 1 1 1 1 1 1 1 1 1 1 1 1 1 1 1 1 1 1 1 1 1 1 1 1 1 1 1 1
>numMutationCategories:
2
>numSelectionCategories:
2
>categoryProbabilities:
0.509251 0.490749 
>selectionIsInMixture:
***
0 
***
1 
>mutationIsInMixture:
***
0 
***
1 
>currentSynthesisRateLevel:
***
0.609213 1.42475 0.784225 0.693341 1.10722 0.753365 0.0999729 0.478924 0.848955 0.230598
2.15269 0.321494 0.201243 0.621157 0.368675 2.23522 0.229842 0.0719768 0.882637 1.35549
0.440794 0.499588 1.30096 1.22059 1.38205 0.126898 0.144424 0.356013 0.179872 1.35524
0.41106 0.255903 2.7374 1.30421 1.21093 1.80893 0.203569 1.48571 2.6786 2.52628
0.444935 0.973942 0.701506 0.154616 2.53978 0.656823 3.43748 0.403638 1.08793 3.05175
0.0738198 0.623092 0.232854 0.271644 0.139592 1.22187 0.605459 2.14835 0.520918 0.31912
0.883556 0.148195 0.435524 0.370923 0.215005 0.757968 1.05555 0.195691 0.076237 0.163208
0.287505 0.423748 0.367229 0.525685 1.28442 0.764022 0.51428 0.225597 0.610451 0.0752144
0.692484 0.120135 2.80669 0.653663 0.0145672 1.73389 1.07492 0.668617 0.460748 2.43344
1.15617 0.0479515 0.10495 0.428433 3.30954 2.18422 0.214467 0.0769069 0.494405 0.631903
0.160817 0.306038 0.68544 0.33363 1.3673 3.40214 4.44084 0.88127 1.71963 1.81908
3.95748 3.28168 0.0412724 0.968005 0.707677 0.219463 0.988071 0.202497 0.0451874 0.274852
3.06312 1.53748 1.17258 0.133345 0.509053 0.48377 0.757076 0.284642 2.77775 0.15853
0.126651 0.204056 0.101684 0.821449 0.335579 3.23016 1.23659 0.0952324 1.86094 0.101327
2.33134 0.407498 0.527015 0.895209 0.492136 0.0915822 0.126773 1.26143 0.265615 2.07589
0.049331 0.217939 0.128907 1.56502 2.39268 0.405687 0.107169 0.36351 2.75988 1.80026
1.59661 0.294334 1.38672 0.504236 0.381538 0.874486 0.262166 1.37885 0.198969 0.392821
0.939886 5.79095 0.207897 1.49069 0.21088 3.05652 0.454605 1.5877 0.0517799 0.171719
1.42015 2.29677 0.320367 0.038636 4.15468 0.137457 0.344845 0.816955 4.85848 3.51796
0.724611 1.54569 0.397089 0.711927 0.804024 0.268903 0.184813 4.84112 0.126478 0.205259
1.23295 0.450889 1.04045 0.689212 0.320112 0.227148 0.987497 2.81448 0.879441 1.85868
1.17448 0.785155 0.0452192 2.07498 0.59338 1.52779 1.2854 1.79929 0.695796 0.0204138
0.469664 0.67044 0.743504 0.282199 1.12004 0.870112 0.0772054 0.0596735 0.679635 0.252735
0.441698 2.22677 0.0769339 1.30774 2.18359 1.95218 0.754534 0.328943 0.0978261 0.0749591
0.399888 0.997592 0.942057 1.2971 0.101715 0.514288 0.855783 0.357113 0.107848 0.107982
0.132297 0.541835 0.256665 0.14873 0.780976 1.07531 0.624887 0.897422 0.284573 2.71783
0.122543 0.164029 0.900054 0.649018 1.88695 0.813774 0.917213 0.896331 0.139117 3.47749
1.43146 1.75606 0.593919 0.0625501 0.123597 0.0318296 0.746711 0.284992 0.379277 0.719538
0.557647 2.29588 0.140599 0.712121 0.0895381 1.14474 0.0941292 0.530504 0.40277 0.97686
0.267499 0.370939 0.192981 3.60985 0.0829273 2.53792 0.148358 2.18713 0.313892 0.0880911
1.58352 0.0944322 0.68633 0.71299 2.67065 1.56691 4.79728 0.238124 0.159096 2.54422
0.43855 3.26627 0.580067 0.158557 0.12292 0.791533 0.901233 0.192489 1.34967 0.157274
3.30617 0.0299299 0.452055 0.253871 0.0802764 0.1339 0.247718 0.605227 3.51414 0.073984
0.130405 1.07366 1.44352 0.226016 0.243498 0.648948 1.20126 0.4061 0.355734 2.88809
1.4533 0.652829 0.566513 0.0909157 1.13779 0.422412 0.0804512 3.5117 0.226773 1.5117
0.479733 0.0494018 0.201177 0.248075 0.764619 1.12157 0.840651 0.25717 0.467573 0.228135
0.247941 1.10103 1.20612 0.332065 0.256145 0.52819 2.42188 3.67338 1.56707 0.137231
0.514402 0.114033 1.08428 0.813529 1.44718 0.261943 0.729189 0.118337 0.36252 0.26614
1.75819 2.10904 0.49171 7.30621 0.389534 0.81866 0.037293 0.208682 1.18531 1.33498
0.465293 0.276077 1.45397 0.514681 0.0850745 2.05723 9.68022 0.519303 0.523809 1.03324
0.86913 0.723478 3.47239 1.78216 0.0299361 0.766732 1.15439 0.414102 0.95264 0.0990983
0.140502 0.606854 0.209668 0.773528 1.73008 2.84945 0.649291 4.84879 0.425069 2.25919
1.67731 0.15172 0.142173 0.450217 2.00188 0.506725 0.329433 1.05816 0.711186 0.57787
1.18401 0.296074 0.626254 0.405255 0.934655 0.586966 0.538135 0.0541516 0.131262 2.54204
0.208653 1.57597 0.407501 1.31803 0.95053 2.11904 0.596644 0.221263 0.932325 1.06505
1.19522 2.35204 0.0912294 0.262394 0.392097 1.25457 3.60967 1.40999 2.25136 0.15188
1.25231 1.50668 0.990179 0.65508 0.30309 0.17499 0.507806 0.71121 1.2137 0.46719
0.774713 0.153643 1.97043 1.46911 1.42697 0.099697 0.653206 0.244656 0.184818 0.954762
14.5415 1.75227 0.464602 0.102716 0.273234 1.06533 1.32691 2.70871 0.372174 0.48127
1.13633 0.569415 1.59781 0.690512 1.13046 0.208799 0.147881 0.507573 0.761899 0.189813
0.0344905 0.0389951 0.0452901 0.0317076 0.0122221 0.0119624 0.0419645 0.0525996 0.0242668 0.0109196
0.00403345 0.0321373 0.0140482 0.00417972 0.00741932 0.0458868 0.0606861 0.00537616 0.0257754 0.0282675
0.0806527 0.014998 0.125078 0.0474667 0.0120165 0.0211515 0.00577252 0.0241446 0.0867695 0.0694407
0.0251844 0.00924404 0.10338 0.00927375 0.0381589 0.0131873 0.00491696 0.035517 0.00992212 0.0433208
0.0148096 0.0222101 0.0205126 0.0385871 0.00753672 0.0918752 0.0223873 0.0819598 0.0299651 0.0235444
0.0124448 0.00911007 0.0385913 0.0264737 0.0757677 0.0246506 0.0182566 0.0526666 0.0293764 0.0610519
0.0174529 0.00706765 0.0120398 0.0179585 0.0268907 0.0389465 0.0102928 0.0273035 0.0194598 0.0117377
0.0194781 0.0318765 0.0696824 0.0381742 0.0731208 0.083393 0.0471592 0.0198334 0.0344942 0.0584708
0.0323703 0.0131166 0.0236289 0.0403258 0.0352186 0.0146973 0.018958 0.0272122 0.0141332 0.0131831
0.0473455 0.0240491 0.0626193 0.013927 0.0169021 0.0218486 0.0444918 0.0344948 0.0335024 0.0108547
0.0177309 0.021583 0.00714515 0.0312098 0.108835 0.00883443 0.0149752 0.020364 0.0264852 0.0280725
0.018197 0.0103197 0.0137804 0.0221722 0.114844 0.0206564 0.01924 0.0338685 0.014824 0.0148536
0.00635018 0.0136937 0.0219732 0.0161082 0.00738665 0.0707679 0.0281004 0.0906557 0.0191957 0.0190754
0.0288886 0.0280811 0.0164141 0.0255985 0.0149549 0.0388401 0.0156312 0.0203423 0.0142148 0.0259644
0.0785488 0.0100427 0.0283968 0.0108318 0.027203 0.0279252 0.0378367 0.0263543 0.0336489 0.0289163
0.015939 0.0221852 0.0568668 0.0262609 0.0113875 0.0404801 0.0791709 0.0447073 0.0335703 0.0127039
0.0167683 0.00570029 0.0155946 0.0488939 0.0176658 0.0216131 0.0065051 0.0506257 0.0160781 0.00955298
0.0216282 0.0379119 0.0850562 0.156818 0.0189058 0.0161299 0.013191 0.0543803 0.0263427 0.0378476
0.039746 0.0108931 0.0158841 0.00824444 0.0203766 0.0199787 0.0174316 0.0367672 0.0496664 0.0535665
0.0219408 0.0207734 0.0109405 0.0183224 0.00355257 0.00921966 0.01877 0.0509453 0.0356458 0.0373882
0.0119359 0.016311 0.0108876 0.0443156 0.0524169 0.016325 0.0216003 0.0130427 0.0241539 0.0597346
0.00951567 0.0163168 0.0199273 0.0264617 0.0342415 0.0284982 0.0101874 0.0453711 0.0256975 0.0805563
0.00706698 0.0113885 0.00794639 0.0208976 0.0249065 0.0333495 0.114349 0.0335467 0.0360156 0.0410146
0.0195698 0.0221045 0.0087464 0.0265317 0.0310069 0.0146084 0.0176441 0.0171244 0.027694 0.0178162
0.0531289 0.0395878 0.0197126 0.0307413 0.0273492 0.0130753 0.0397287 0.0178978 0.0330994 0.0178638
0.0319794 0.00988625 0.0613804 0.0203403 0.033999 0.0189175 0.0235341 0.0216724 0.0104416 0.00808883
0.0167189 0.0124564 0.0103421 0.0315679 0.0399286 0.00415821 0.0377485 0.0173116 0.0381127 0.037501
0.0348417 0.02185 0.0619975 0.0481575 0.0366273 0.0286794 0.0333086 0.0104532 0.0225822 0.00826449
0.0908266 0.0298984 0.0356442 0.0817495 0.00872208 0.0388321 0.0387522 0.0221995 0.0468233 0.0128754
0.0360868 0.0382679 0.00926708 0.0268268 0.0108023 0.027778 0.00863473 0.0183992 0.0484757 0.0337316
0.0454419 0.00464182 0.0292182 0.0513252 0.00475064 0.0189478 0.0113493 0.0077692 0.00496861 0.0030029
0.0367498 0.0180696 0.01363 0.040203 0.0496911 0.00443424 0.0263581 0.0209775 0.0294451 0.0103473
0.0114332 0.00814493 0.0169858 0.0423535 0.0387752 0.00900913 0.0159204 0.0460824 0.0598589 0.0446702
0.0273613 0.044317 0.0189105 0.00746487 0.0144185 0.0297713 0.0650455 0.00836616 0.0124215 0.0403581
0.0687452 0.00913466 0.0310599 0.0179252 0.0190864 0.0296823 0.288431 0.0112994 0.102763 0.0253551
0.0116096 0.0368752 0.0342851 0.0128124 0.00931592 0.00447525 0.0354676 0.0323469 0.0333408 0.00253207
0.0125826 0.0195866 0.0132452 0.0284428 0.0835171 0.0147435 0.0195829 0.0159753 0.0290046 0.0187738
0.0427253 0.0325036 0.0273605 0.0279947 0.0387668 0.0221671 0.0394601 0.0177477 0.0259454 0.00552564
0.0558752 0.00454487 0.0085035 0.0342303 0.0513751 0.0301303 0.00925056 0.0637551 0.0262177 0.041427
0.00967595 0.0629252 0.0352238 0.0378372 0.084857 0.0171562 0.00639476 0.023834 0.0295218 0.0178832
0.0296136 0.0542004 0.0256264 0.0235119 0.0109294 0.0214746 0.0103392 0.0103018 0.0603172 0.0656619
0.00583101 0.00984486 0.0193245 0.00728427 0.0356842 0.0183019 0.0171712 0.0200819 0.00498572 0.00741575
0.0438939 0.0163191 0.00528635 0.0309572 0.016028 0.0286693 0.019167 0.0364828 0.0127461 0.0583317
0.0588456 0.0129867 0.00683137 0.0838279 0.00660113 0.00859524 0.0660073 0.0272479 0.0255124 0.0283964
0.011856 0.0344838 0.0216873 0.0235915 0.037148 0.0670101 0.0212263 0.0177238 0.0153425 0.0193197
0.017375 0.0267697 0.0216845 0.00759759 0.0124503 0.0132724 0.0269399 0.00742032 0.0483977 0.0497792
0.0348996 0.0228828 0.00990457 0.0206777 0.0160701 0.00799517 0.013119 0.00781403 0.0186977 0.0250634
0.0674199 0.016934 0.042655 0.0227184 0.0103964 0.00650307 0.00661279 0.00744028 0.0348398 0.0132332
0.0780579 0.0380838 0.0381062 0.0607876 0.011318 0.00882354 0.0211485 0.0349917 0.0473286 0.00962889
0.0265766 0.0163294 0.00679041 0.019125 0.0355395 0.00917396 0.0566917 0.03965 0.0266867 0.0498717
***
0.0643057 0.156269 0.0475201 0.0286486 0.0564742 0.0062349 0.0369612 0.0237388 0.0219146 0.0229376
0.0328525 0.0313656 0.0373098 0.0897917 0.0401937 0.0861851 0.0170869 0.0250106 0.0188747 0.0649486
0.0118679 0.0283058 0.431515 0.137401 0.132161 0.0130285 0.0651628 0.0319301 0.029323 0.156083
0.0333953 0.0209279 0.0316789 0.0423579 0.0939814 0.0204879 0.0484555 0.0672714 0.0616508 0.0317912
0.00730484 0.00924905 0.0188092 0.0731353 0.156259 0.0775356 0.408659 0.0475621 0.0582869 0.245977
0.023678 0.0267065 0.0643838 0.0247808 0.0167241 0.0172511 0.0272304 0.159754 0.0570258 0.0737239
0.0341504 0.0352212 0.0287374 0.0193721 0.0341031 0.22434 0.0228683 0.0347144 0.0345381 0.0617905
0.0219593 0.0631722 0.031136 0.110065 0.0304503 0.0813482 0.0694243 0.0799602 0.135701 0.0374688
0.0279268 0.0347329 0.221926 0.0631235 0.0203932 0.0617333 0.0572733 0.12637 0.0394278 0.134233
0.290703 0.00955127 0.0794279 0.0727233 0.192324 0.048995 0.0744774 0.0132477 0.0471496 0.0801198
0.118688 0.102525 0.130148 0.0293437 0.0413919 0.185856 0.503843 0.111653 0.107754 0.183534
0.239483 0.108344 0.0204561 0.0352927 0.00609991 0.050708 0.0163861 0.0186604 0.0368683 0.0444965
0.0794495 0.063793 0.152811 0.0140206 0.0290503 0.0384161 0.0221463 0.0265399 0.191565 0.0836009
0.0336203 0.0133064 0.115577 0.0385036 0.0306817 0.123457 0.00669386 0.0359088 0.066369 0.117552
0.0644635 0.0430904 0.0328601 0.0350532 0.0411627 0.00867124 0.0416828 0.0879958 0.182486 0.0873245
0.0223498 0.0131069 0.016558 0.132523 0.246514 0.0102996 0.0251291 0.0553607 0.0377633 0.159112
0.150725 0.0310111 0.0364822 0.0489945 0.0405045 0.116548 0.142056 0.0444464 0.0162284 0.0702304
0.0352454 0.342252 0.0389654 0.00663351 0.0878166 0.262232 0.150228 0.12115 0.0258917 0.0940251
0.125176 0.10859 0.0278435 0.0282478 0.550794 0.0367938 0.0313719 0.0215404 0.252593 0.224043
0.12727 0.0433104 0.0252486 0.0149819 0.0307504 0.0328959 0.0121376 0.296691 0.0127658 0.0124288
0.129159 0.0337639 0.110878 0.0391364 0.0239213 0.0295408 0.170599 0.083389 0.0751964 0.0372381
0.0179625 0.0664586 0.0393695 0.160834 0.0200951 0.0649121 0.0642617 0.0405202 0.0178713 0.0214151
0.0550103 0.0561015 0.0220262 0.0809188 0.0298136 0.033178 0.0126711 0.15433 0.0423787 0.0538169
0.0106878 0.0776931 0.023609 0.019442 0.236128 0.0291553 0.0756966 0.0142897 0.0397285 0.0130528
0.0165511 0.0495885 0.0420948 0.0114781 0.0157313 0.0340265 0.031449 0.0102367 0.0105165 0.137262
0.0437412 0.0283778 0.0240325 0.0696955 0.160415 0.0785913 0.0178776 0.0938954 0.0318544 0.277046
0.0246738 0.0134165 0.0672488 0.0259445 0.109093 0.0400384 0.0255395 0.109575 0.00981948 0.159665
0.123797 0.141707 0.0216368 0.00878937 0.0395644 0.0515908 0.0202373 0.0349994 0.0707825 0.0588866
0.0178598 0.180714 0.0443223 0.0235129 0.0380747 0.112256 0.0421403 0.0899787 0.0972662 0.0333864
0.0369152 0.140497 0.0598484 0.179915 0.0444508 0.273701 0.0243703 0.149636 0.0274606 0.122902
0.380958 0.0178555 0.0581194 0.0988135 0.135166 0.106026 0.265487 0.0136849 0.0311165 0.363545
0.117382 0.1231 0.0491514 0.0366294 0.0464532 0.0427172 0.0494856 0.0802025 0.102619 0.00809785
0.0621462 0.258241 0.0462655 0.0899414 0.0841806 0.0356562 0.0158279 0.224418 0.27871 0.0307731
0.015468 0.331699 0.126503 0.015906 0.0273073 0.0206168 0.126954 0.0661073 0.0206252 0.383442
0.0572877 0.0627805 0.0276294 0.0378541 0.0795443 0.0113754 0.00807277 0.285928 0.0184383 0.0760654
0.0248231 0.175037 0.0653139 0.0232431 0.0161279 0.0405804 0.0700245 0.0950772 0.0374949 0.00454736
0.01765 0.233728 0.0578315 0.0755136 0.0271402 0.00426981 0.364086 0.190652 0.0506097 0.00541433
0.116675 0.0281451 0.0289219 0.0668443 0.0654096 0.0298539 0.026461 0.0631844 0.0125708 0.0663288
0.13019 0.0299309 0.0580228 0.297749 0.0266763 0.148701 0.0431132 0.0340589 0.0251372 0.0529773
0.0310089 0.0454486 0.204874 0.0366841 0.0359646 0.13353 0.451918 0.0315906 0.0303273 0.0810176
0.0514033 0.0631659 0.287378 0.0512776 0.0279692 0.0332383 0.0410053 0.0316216 0.024985 0.0441031
0.029936 0.011535 0.0319766 0.0810267 0.142677 0.149005 0.0250708 0.373884 0.0604191 0.192843
0.107017 0.020834 0.0265709 0.0243587 0.137851 0.0381012 0.0244934 0.0876365 0.199563 0.0683586
0.0539806 0.0366593 0.107832 0.0305554 0.0483217 0.0660641 0.0794539 0.0109834 0.0344907 0.0953224
0.0114995 0.0775398 0.0348374 0.315148 0.0162894 0.15533 0.119492 0.0076827 0.0272297 0.0872221
0.215931 0.240933 0.0297845 0.00966902 0.030383 0.0705459 0.19157 0.153011 0.29481 0.146887
0.0163276 0.0628467 0.0685623 0.0310259 0.0453138 0.0400879 0.0136647 0.056826 0.114106 0.0328292
0.0273264 0.0785674 0.074052 0.202648 0.164982 0.0438032 0.0445808 0.0377688 0.0127447 0.0412422
0.532305 0.139427 0.0252123 0.0242679 0.066763 0.126552 0.0379901 0.179085 0.0106785 0.0528586
0.0109971 0.015146 0.0583136 0.0271807 0.090335 0.0110439 0.0236837 0.0328199 0.0287437 0.041829
0.319655 4.72236 2.6273 2.23913 1.49515 0.4509 1.51992 0.483047 1.16675 1.90872
3.08607 0.325845 3.44178 0.192134 0.570629 1.13233 0.525257 0.227607 2.16904 1.04152
0.753516 0.546273 5.46364 0.610237 0.0740901 0.317855 0.70841 1.54336 0.0738483 1.30454
6.87085 0.165314 0.57564 1.37472 0.825572 0.651746 0.455438 0.266987 10.0017 2.08614
0.121993 2.00096 1.38559 1.6564 0.0464109 1.44738 1.0352 1.13821 1.19022 0.125033
1.57423 0.176372 1.70436 0.382065 1.51297 6.21855 0.445924 0.377446 1.94894 0.302176
0.0793124 2.93253 0.162709 4.80108 1.45612 0.027693 0.445439 2.94555 6.05946 2.60003
1.35617 0.214769 1.70004 1.5269 0.553193 0.783543 0.664242 0.533 0.0442838 0.728568
2.50554 0.185426 0.295951 0.138022 0.220355 0.801414 0.269707 0.663314 2.82646 1.40192
0.0516481 1.63807 0.108758 2.16734 2.1407 0.770928 0.0145289 4.51749 0.125487 0.0365618
0.569899 0.516461 0.977643 0.148429 1.13374 3.58416 0.808107 0.891963 0.413194 1.36824
1.38316 2.08886 0.66581 1.00476 2.18163 0.410967 0.471394 5.19063 5.80849 0.182286
6.06655 0.418199 6.41918 1.50906 1.63813 0.179661 1.36999 2.42418 0.805818 0.395771
0.146565 0.631713 1.97716 1.45088 1.20288 0.784234 3.07716 0.10983 1.36082 0.154294
0.893618 4.56993 1.16228 1.66034 0.211486 0.108066 0.356059 0.842427 1.61311 1.07481
0.0950043 0.123725 2.67511 0.493751 2.47193 1.39104 3.37599 2.0642 1.2248 3.549
0.506524 1.2025 1.89758 0.207303 0.303481 3.40049 0.583238 0.224027 1.93914 0.0466354
1.74825 0.610886 1.93792 0.185885 0.570064 2.2131 0.516138 1.29508 0.295767 0.298301
1.21601 0.138141 4.73812 0.810245 0.233574 1.1129 1.31025 0.779524 0.227094 0.832952
0.26925 2.03284 3.59319 0.128174 2.05161 3.86244 0.592691 2.91133 5.3875 0.296639
0.297465 1.38364 0.0906206 1.3804 1.43075 1.63164 1.16971 3.96298 0.503521 0.836167
2.3836 1.77293 5.10373 3.26763 0.0332051 1.13567 8.75734 1.29972 0.391923 0.977555
1.3059 0.0118091 0.960015 0.182359 0.0233869 0.607572 3.19083 1.49809 1.8479 0.108184
1.09205 1.7283 1.81658 0.162656 2.69885 0.400152 0.0646703 0.647883 0.477462 0.442624
0.20036 0.409647 1.3584 0.152408 0.24348 1.27833 0.217728 4.11287 0.48919 0.32159
0.602254 1.02616 0.453081 2.37999 1.92186 0.706674 9.65618 0.388076 0.141045 0.282031
1.21279 0.686191 7.73718 22.2597 0.880504 6.22912 0.145246 1.91866 6.70618 0.386543
3.98453 0.507319 3.50883 2.09604 0.441908 1.01488 0.808339 0.768079 0.946014 0.984427
0.609717 2.27021 0.261155 2.18844 2.94175 9.6494 3.75984 2.26382 6.82876 0.928487
1.45482 0.314799 1.5451 0.973976 1.45549 1.08385 0.403034 0.776758 0.697456 0.400796
0.394772 1.10417 2.15933 2.15543 1.40423 0.255318 1.02051 0.402346 1.75947 18.1829
0.176807 5.16176 1.11216 0.0942902 0.674055 1.64434 1.29499 9.16522 1.33852 1.17111
0.230179 0.0687281 0.279041 0.15762 1.18054 0.0404097 0.34547 0.115803 3.21187 0.134643
0.29577 0.0398424 0.202589 0.763995 1.80166 2.63905 1.32696 0.964647 0.739942 0.659705
0.150751 0.37281 1.26135 2.76531 0.140915 0.956071 0.141833 0.656941 0.290301 1.92802
0.681816 3.4501 0.0563089 0.543328 0.801005 0.222794 0.456057 0.406337 0.462704 0.593012
7.79203 0.0478717 0.326964 2.14778 0.253875 1.28114 1.22169 3.17248 1.35723 1.38748
0.183512 0.485614 0.424931 1.63923 0.0803005 0.888032 1.43457 0.870493 1.12185 16.0535
2.05288 0.0679502 0.507283 0.119407 0.620997 1.10466 0.164974 0.968544 1.01625 0.315885
0.0847545 0.883056 2.14425 0.0617346 2.13814 4.06547 3.07323 0.471929 1.2328 1.76799
0.452433 1.74023 6.81879 1.06144 0.913132 0.551063 9.07383 0.549072 0.113098 0.523223
1.16177 0.290813 0.823324 3.25534 1.91913 1.07013 5.23401 0.975703 0.626058 0.536013
0.420999 4.16901 0.713696 0.110716 2.50976 0.0294116 0.1416 2.62271 0.497849 0.476827
0.813989 0.536594 4.07221 0.264962 0.158904 2.19624 0.433022 0.567896 1.05397 0.679176
0.741124 2.17886 1.70935 0.368083 0.532475 0.0787121 1.13685 6.24195 2.00367 0.217235
4.29454 3.53426 2.54128 1.54283 0.650684 1.74341 1.24054 0.0509607 1.09517 2.4073
0.284388 0.0669099 0.219699 0.738932 0.85769 0.0455067 1.42762 1.98598 0.205024 1.15869
2.27738 1.80991 0.961272 0.504592 0.592509 0.407405 2.54312 0.0929769 0.488177 0.52536
0.471134 8.23954 0.185853 1.77128 0.48278 4.27279 4.90694 1.20839 1.94441 3.8904
0.739794 4.97289 0.137133 3.93797 0.911588 0.161322 0.405711 5.49112 0.264585 0.357678
>covarianceMatrix:
A
0.00671089	0	0	0	0	0	0	0	0	0	0	0	
0	0.00671089	0	0	0	0	0	0	0	0	0	0	
0	0	0.00671089	0	0	0	0	0	0	0	0	0	
0	0	0	0.00671089	0	0	0	0	0	0	0	0	
0	0	0	0	0.00671089	0	0	0	0	0	0	0	
0	0	0	0	0	0.00671089	0	0	0	0	0	0	
0	0	0	0	0	0	0.00671089	0	0	0	0	0	
0	0	0	0	0	0	0	0.00671089	0	0	0	0	
0	0	0	0	0	0	0	0	0.00671089	0	0	0	
0	0	0	0	0	0	0	0	0	0.00671089	0	0	
0	0	0	0	0	0	0	0	0	0	0.00671089	0	
0	0	0	0	0	0	0	0	0	0	0	0.00671089	
***
>covarianceMatrix:
C
0.0256	0	0	0	
0	0.0256	0	0	
0	0	0.0256	0	
0	0	0	0.0256	
***
>covarianceMatrix:
D
0.0256	0	0	0	
0	0.0256	0	0	
0	0	0.0256	0	
0	0	0	0.0256	
***
>covarianceMatrix:
E
0.0256	0	0	0	
0	0.0256	0	0	
0	0	0.0256	0	
0	0	0	0.0256	
***
>covarianceMatrix:
F
0.0256	0	0	0	
0	0.0256	0	0	
0	0	0.0256	0	
0	0	0	0.0256	
***
>covarianceMatrix:
G
0.00671089	0	0	0	0	0	0	0	0	0	0	0	
0	0.00671089	0	0	0	0	0	0	0	0	0	0	
0	0	0.00671089	0	0	0	0	0	0	0	0	0	
0	0	0	0.00671089	0	0	0	0	0	0	0	0	
0	0	0	0	0.00671089	0	0	0	0	0	0	0	
0	0	0	0	0	0.00671089	0	0	0	0	0	0	
0	0	0	0	0	0	0.00671089	0	0	0	0	0	
0	0	0	0	0	0	0	0.00671089	0	0	0	0	
0	0	0	0	0	0	0	0	0.00671089	0	0	0	
0	0	0	0	0	0	0	0	0	0.00671089	0	0	
0	0	0	0	0	0	0	0	0	0	0.00671089	0	
0	0	0	0	0	0	0	0	0	0	0	0.00671089	
***
>covarianceMatrix:
H
0.0256	0	0	0	
0	0.0256	0	0	
0	0	0.0256	0	
0	0	0	0.0256	
***
>covarianceMatrix:
I
0.0131072	0	0	0	0	0	0	0	
0	0.0131072	0	0	0	0	0	0	
0	0	0.0131072	0	0	0	0	0	
0	0	0	0.0131072	0	0	0	0	
0	0	0	0	0.0131072	0	0	0	
0	0	0	0	0	0.0131072	0	0	
0	0	0	0	0	0	0.0131072	0	
0	0	0	0	0	0	0	0.0131072	
***
>covarianceMatrix:
K
0.0256	0	0	0	
0	0.0256	0	0	
0	0	0.0256	0	
0	0	0	0.0256	
***
>covarianceMatrix:
L
0.00175922	0	0	0	0	0	0	0	0	0	0	0	0	0	0	0	0	0	0	0	
0	0.00175922	0	0	0	0	0	0	0	0	0	0	0	0	0	0	0	0	0	0	
0	0	0.00175922	0	0	0	0	0	0	0	0	0	0	0	0	0	0	0	0	0	
0	0	0	0.00175922	0	0	0	0	0	0	0	0	0	0	0	0	0	0	0	0	
0	0	0	0	0.00175922	0	0	0	0	0	0	0	0	0	0	0	0	0	0	0	
0	0	0	0	0	0.00175922	0	0	0	0	0	0	0	0	0	0	0	0	0	0	
0	0	0	0	0	0	0.00175922	0	0	0	0	0	0	0	0	0	0	0	0	0	
0	0	0	0	0	0	0	0.00175922	0	0	0	0	0	0	0	0	0	0	0	0	
0	0	0	0	0	0	0	0	0.00175922	0	0	0	0	0	0	0	0	0	0	0	
0	0	0	0	0	0	0	0	0	0.00175922	0	0	0	0	0	0	0	0	0	0	
0	0	0	0	0	0	0	0	0	0	0.00175922	0	0	0	0	0	0	0	0	0	
0	0	0	0	0	0	0	0	0	0	0	0.00175922	0	0	0	0	0	0	0	0	
0	0	0	0	0	0	0	0	0	0	0	0	0.00175922	0	0	0	0	0	0	0	
0	0	0	0	0	0	0	0	0	0	0	0	0	0.00175922	0	0	0	0	0	0	
0	0	0	0	0	0	0	0	0	0	0	0	0	0	0.00175922	0	0	0	0	0	
0	0	0	0	0	0	0	0	0	0	0	0	0	0	0	0.00175922	0	0	0	0	
0	0	0	0	0	0	0	0	0	0	0	0	0	0	0	0	0.00175922	0	0	0	
0	0	0	0	0	0	0	0	0	0	0	0	0	0	0	0	0	0.00175922	0	0	
0	0	0	0	0	0	0	0	0	0	0	0	0	0	0	0	0	0	0.00175922	0	
0	0	0	0	0	0	0	0	0	0	0	0	0	0	0	0	0	0	0	0.00175922	
***
>covarianceMatrix:
M

***
>covarianceMatrix:
N
0.0256	0	0	0	
0	0.0256	0	0	
0	0	0.0256	0	
0	0	0	0.0256	
***
>covarianceMatrix:
P
0.00671089	0	0	0	0	0	0	0	0	0	0	0	
0	0.00671089	0	0	0	0	0	0	0	0	0	0	
0	0	0.00671089	0	0	0	0	0	0	0	0	0	
0	0	0	0.00671089	0	0	0	0	0	0	0	0	
0	0	0	0	0.00671089	0	0	0	0	0	0	0	
0	0	0	0	0	0.00671089	0	0	0	0	0	0	
0	0	0	0	0	0	0.00671089	0	0	0	0	0	
0	0	0	0	0	0	0	0.00671089	0	0	0	0	
0	0	0	0	0	0	0	0	0.00671089	0	0	0	
0	0	0	0	0	0	0	0	0	0.00671089	0	0	
0	0	0	0	0	0	0	0	0	0	0.00671089	0	
0	0	0	0	0	0	0	0	0	0	0	0.00671089	
***
>covarianceMatrix:
Q
0.0256	0	0	0	
0	0.0256	0	0	
0	0	0.0256	0	
0	0	0	0.0256	
***
>covarianceMatrix:
R
0.00175922	0	0	0	0	0	0	0	0	0	0	0	0	0	0	0	0	0	0	0	
0	0.00175922	0	0	0	0	0	0	0	0	0	0	0	0	0	0	0	0	0	0	
0	0	0.00175922	0	0	0	0	0	0	0	0	0	0	0	0	0	0	0	0	0	
0	0	0	0.00175922	0	0	0	0	0	0	0	0	0	0	0	0	0	0	0	0	
0	0	0	0	0.00175922	0	0	0	0	0	0	0	0	0	0	0	0	0	0	0	
0	0	0	0	0	0.00175922	0	0	0	0	0	0	0	0	0	0	0	0	0	0	
0	0	0	0	0	0	0.00175922	0	0	0	0	0	0	0	0	0	0	0	0	0	
0	0	0	0	0	0	0	0.00175922	0	0	0	0	0	0	0	0	0	0	0	0	
0	0	0	0	0	0	0	0	0.00175922	0	0	0	0	0	0	0	0	0	0	0	
0	0	0	0	0	0	0	0	0	0.00175922	0	0	0	0	0	0	0	0	0	0	
0	0	0	0	0	0	0	0	0	0	0.00175922	0	0	0	0	0	0	0	0	0	
0	0	0	0	0	0	0	0	0	0	0	0.00175922	0	0	0	0	0	0	0	0	
0	0	0	0	0	0	0	0	0	0	0	0	0.00175922	0	0	0	0	0	0	0	
0	0	0	0	0	0	0	0	0	0	0	0	0	0.00175922	0	0	0	0	0	0	
0	0	0	0	0	0	0	0	0	0	0	0	0	0	0.00175922	0	0	0	0	0	
0	0	0	0	0	0	0	0	0	0	0	0	0	0	0	0.00175922	0	0	0	0	
0	0	0	0	0	0	0	0	0	0	0	0	0	0	0	0	0.00175922	0	0	0	
0	0	0	0	0	0	0	0	0	0	0	0	0	0	0	0	0	0.00175922	0	0	
0	0	0	0	0	0	0	0	0	0	0	0	0	0	0	0	0	0	0.00175922	0	
0	0	0	0	0	0	0	0	0	0	0	0	0	0	0	0	0	0	0	0.00175922	
***
>covarianceMatrix:
S
0.00671089	0	0	0	0	0	0	0	0	0	0	0	
0	0.00671089	0	0	0	0	0	0	0	0	0	0	
0	0	0.00671089	0	0	0	0	0	0	0	0	0	
0	0	0	0.00671089	0	0	0	0	0	0	0	0	
0	0	0	0	0.00671089	0	0	0	0	0	0	0	
0	0	0	0	0	0.00671089	0	0	0	0	0	0	
0	0	0	0	0	0	0.00671089	0	0	0	0	0	
0	0	0	0	0	0	0	0.00671089	0	0	0	0	
0	0	0	0	0	0	0	0	0.00671089	0	0	0	
0	0	0	0	0	0	0	0	0	0.00671089	0	0	
0	0	0	0	0	0	0	0	0	0	0.00671089	0	
0	0	0	0	0	0	0	0	0	0	0	0.00671089	
***
>covarianceMatrix:
T
0.00671089	0	0	0	0	0	0	0	0	0	0	0	
0	0.00671089	0	0	0	0	0	0	0	0	0	0	
0	0	0.00671089	0	0	0	0	0	0	0	0	0	
0	0	0	0.00671089	0	0	0	0	0	0	0	0	
0	0	0	0	0.00671089	0	0	0	0	0	0	0	
0	0	0	0	0	0.00671089	0	0	0	0	0	0	
0	0	0	0	0	0	0.00671089	0	0	0	0	0	
0	0	0	0	0	0	0	0.00671089	0	0	0	0	
0	0	0	0	0	0	0	0	0.00671089	0	0	0	
0	0	0	0	0	0	0	0	0	0.00671089	0	0	
0	0	0	0	0	0	0	0	0	0	0.00671089	0	
0	0	0	0	0	0	0	0	0	0	0	0.00671089	
***
>covarianceMatrix:
V
0.0131072	0	0	0	0	0	0	0	0	0	0	0	
0	0.0131072	0	0	0	0	0	0	0	0	0	0	
0	0	0.0131072	0	0	0	0	0	0	0	0	0	
0	0	0	0.0131072	0	0	0	0	0	0	0	0	
0	0	0	0	0.0131072	0	0	0	0	0	0	0	
0	0	0	0	0	0.0131072	0	0	0	0	0	0	
0	0	0	0	0	0	0.0131072	0	0	0	0	0	
0	0	0	0	0	0	0	0.0131072	0	0	0	0	
0	0	0	0	0	0	0	0	0.0131072	0	0	0	
0	0	0	0	0	0	0	0	0	0.0131072	0	0	
0	0	0	0	0	0	0	0	0	0	0.0131072	0	
0	0	0	0	0	0	0	0	0	0	0	0.0131072	
***
>covarianceMatrix:
W

***
>covarianceMatrix:
Y
0.0256	0	0	0	
0	0.0256	0	0	
0	0	0.0256	0	
0	0	0	0.0256	
***
>covarianceMatrix:
Z
0.0256	0	0	0	
0	0.0256	0	0	
0	0	0.0256	0	
0	0	0	0.0256	
***
>covarianceMatrix:
X
1	0	0	0	0	0	0	0	
0	1	0	0	0	0	0	0	
0	0	1	0	0	0	0	0	
0	0	0	1	0	0	0	0	
0	0	0	0	1	0	0	0	
0	0	0	0	0	1	0	0	
0	0	0	0	0	0	1	0	
0	0	0	0	0	0	0	1	
***
>std_csp:
0.0512 0.0512 0.0512 0.0512 0.0512 0.0512 0.0512 0.0512 0.0512 0.0512
0.0512 0.0512 0.0512 0.0512 0.0512 0.0512 0.0512 0.0512 0.0512 0.0512
0.0512 0.0512 0.0512 0.0512 0.0512 0.0512 0.0512 0.0512 0.0512 0.0512
0.0512 0.0512 0.0512 0.0512 0.0512 0.064 0.064 0.064 0.0512 0.0512
>currentMutationParameter:
***
-0.783776 1.57802 -0.863732 -0.00580544 -1.6051 1.01475 -0.871991 -1.61648 -1.51053 0.630937
0.855727 1.12685 1.84653 1.21935 1.00008 1.36607 0.565259 -1.51366 0.440665 1.3395
-1.83996 1.23654 1.01161 1.60511 1.04101 0.24858 -0.660636 0.490819 -0.679721 0.685851
-0.782724 -0.505635 -1.04556 1.65458 -0.945125 0.0971844 1.6985 0.638958 -0.389791 0.69624
***
0.352894 -1.35046 -1.48975 2.00596 -1.15884 -1.50543 1.49852 -0.503727 -0.829576 -0.631993
1.23647 1.87207 -1.72547 -0.095994 -0.174918 -0.0462649 0.530781 -0.096936 -0.472345 -1.51515
-1.05576 0.494774 -0.222895 1.70479 -0.526267 1.15752 -0.1649 1.07302 -0.418927 1.34518
-0.45478 -1.47357 0.480126 1.16606 0.52261 0.552384 -1.60183 1.19351 1.03291 1.98588
>currentSelectionParameter:
***
-0.629345 -0.703556 -0.402847 -1.82796 -1.81908 0.299228 1.58641 -1.26472 -0.423452 -0.464839
1.48621 1.26009 0.456996 0.828098 -0.950556 -0.416174 0.569886 -1.81139 -1.79919 0.0749364
-1.22341 0.241179 -1.8522 1.02637 -1.48371 -1.49199 1.89423 1.58577 -1.41571 2.35733
0.230727 1.03659 0.765019 2.35281 -0.414426 1.36622 1.39103 0.37818 -1.53725 0.634133
***
0.623974 0.733655 1.14818 0.780986 1.10295 0.48414 0.0651133 -1.2735 0.659949 -1.11782
0.837838 -0.590014 -0.887933 1.10336 0.290714 -0.281583 0.134512 1.12506 -0.825047 1.15957
0.404474 -0.570106 -0.153677 -0.512429 -1.14546 -1.47913 -0.629883 0.37465 -0.370245 -0.160792
0.0800069 -0.511948 0.548895 -0.789514 -0.513459 0.730539 0.0515065 -0.988989 -0.190323 1.1248
