>Sphi:
1.37493
>Aphi:
6.93923e-310
>numParam:
40
>numMixtures:
2
>std_sphi:
0.08
>std_phi:
***
0.1728 0.1728 0.1728 0.1728 0.1728 0.1728 0.1728 0.1728 0.1728 0.1728
0.1728 0.1728 0.1728 0.1728 0.1728 0.144 0.1728 0.1728 0.1728 0.1728
0.1728 0.1728 0.1728 0.1728 0.1728 0.1728 0.1728 0.1728 0.1728 0.1728
0.1728 0.1728 0.1728 0.1728 0.1728 0.1728 0.1728 0.1728 0.1728 0.144
0.1728 0.1728 0.1728 0.1728 0.1728 0.1728 0.1728 0.1728 0.1728 0.1728
0.1728 0.1728 0.1728 0.1728 0.1728 0.1728 0.1728 0.1728 0.1728 0.1728
0.1728 0.1728 0.1728 0.1728 0.1728 0.1728 0.1728 0.1728 0.1728 0.1728
0.1728 0.1728 0.1728 0.1728 0.1728 0.1728 0.1728 0.1728 0.1728 0.1728
0.1728 0.1728 0.1728 0.1728 0.1728 0.1728 0.1728 0.1728 0.1728 0.1728
0.1728 0.1728 0.1728 0.1728 0.1728 0.1728 0.1728 0.1728 0.1728 0.1728
0.1728 0.1728 0.1728 0.1728 0.1728 0.1728 0.1728 0.1728 0.1728 0.1728
0.144 0.1728 0.1728 0.1728 0.1728 0.1728 0.1728 0.1728 0.1728 0.1728
0.1728 0.1728 0.1728 0.1728 0.1728 0.1728 0.1728 0.1728 0.1728 0.1728
0.1728 0.1728 0.1728 0.1728 0.1728 0.1728 0.1728 0.1728 0.1728 0.1728
0.1728 0.1728 0.1728 0.1728 0.1728 0.1728 0.1728 0.1728 0.1728 0.1728
0.1728 0.1728 0.1728 0.1728 0.1728 0.1728 0.1728 0.1728 0.1728 0.1728
0.1728 0.1728 0.1728 0.1728 0.1728 0.1728 0.1728 0.1728 0.1728 0.1728
0.1728 0.1728 0.1728 0.1728 0.1728 0.1728 0.1728 0.1728 0.1728 0.1728
0.1728 0.1728 0.1728 0.1728 0.1728 0.1728 0.1728 0.1728 0.1728 0.1728
0.1728 0.1728 0.1728 0.1728 0.1728 0.1728 0.1728 0.1728 0.1728 0.1728
0.1728 0.1728 0.1728 0.1728 0.1728 0.1728 0.1728 0.1728 0.1728 0.1728
0.1728 0.1728 0.1728 0.1728 0.1728 0.1728 0.1728 0.1728 0.1728 0.1728
0.1728 0.1728 0.1728 0.1728 0.1728 0.1728 0.1728 0.1728 0.1728 0.1728
0.1728 0.1728 0.1728 0.1728 0.1728 0.1728 0.1728 0.1728 0.1728 0.1728
0.1728 0.1728 0.1728 0.1728 0.1728 0.1728 0.1728 0.1728 0.1728 0.1728
0.1728 0.1728 0.1728 0.1728 0.1728 0.1728 0.1728 0.1728 0.1728 0.1728
0.1728 0.1728 0.1728 0.1728 0.1728 0.1728 0.1728 0.1728 0.1728 0.1728
0.1728 0.1728 0.1728 0.1728 0.1728 0.1728 0.1728 0.1728 0.1728 0.1728
0.1728 0.1728 0.1728 0.1728 0.1728 0.1728 0.1728 0.1728 0.1728 0.1728
0.1728 0.1728 0.1728 0.1728 0.1728 0.1728 0.1728 0.1728 0.1728 0.1728
0.1728 0.1728 0.1728 0.1728 0.1728 0.1728 0.1728 0.1728 0.1728 0.1728
0.1728 0.1728 0.1728 0.1728 0.1728 0.1728 0.1728 0.1728 0.1728 0.1728
0.1728 0.1728 0.1728 0.1728 0.1728 0.1728 0.1728 0.1728 0.1728 0.1728
0.1728 0.1728 0.1728 0.1728 0.1728 0.1728 0.1728 0.1728 0.1728 0.1728
0.1728 0.1728 0.1728 0.1728 0.1728 0.1728 0.1728 0.1728 0.1728 0.1728
0.1728 0.1728 0.1728 0.1728 0.1728 0.1728 0.1728 0.1728 0.1728 0.1728
0.1728 0.1728 0.1728 0.1728 0.1728 0.1728 0.1728 0.1728 0.1728 0.1728
0.1728 0.1728 0.1728 0.1728 0.1728 0.1728 0.1728 0.1728 0.1728 0.1728
0.1728 0.1728 0.1728 0.1728 0.1728 0.1728 0.1728 0.1728 0.1728 0.1728
0.1728 0.1728 0.1728 0.1728 0.1728 0.1728 0.1728 0.1728 0.1728 0.1728
0.1728 0.1728 0.1728 0.1728 0.1728 0.1728 0.144 0.1728 0.1728 0.1728
0.1728 0.1728 0.1728 0.1728 0.144 0.1728 0.1728 0.1728 0.1728 0.1728
0.1728 0.1728 0.1728 0.1728 0.1728 0.1728 0.1728 0.1728 0.1728 0.1728
0.1728 0.1728 0.1728 0.1728 0.1728 0.1728 0.1728 0.1728 0.1728 0.1728
0.1728 0.1728 0.1728 0.1728 0.1728 0.1728 0.1728 0.1728 0.1728 0.1728
0.1728 0.1728 0.1728 0.1728 0.1728 0.1728 0.1728 0.1728 0.1728 0.1728
0.1728 0.1728 0.1728 0.1728 0.1728 0.1728 0.1728 0.1728 0.1728 0.1728
0.1728 0.1728 0.1728 0.1728 0.1728 0.1728 0.1728 0.1728 0.1728 0.1728
0.1728 0.1728 0.1728 0.1728 0.1728 0.1728 0.1728 0.1728 0.1728 0.1728
0.1728 0.1728 0.1728 0.1728 0.1728 0.1728 0.1728 0.1728 0.1728 0.1728
0.1728 0.1728 0.1728 0.1728 0.1728 0.1728 0.1728 0.1728 0.1728 0.1728
0.1728 0.1728 0.1728 0.1728 0.1728 0.1728 0.1728 0.1728 0.1728 0.1728
0.1728 0.1728 0.1728 0.1728 0.1728 0.1728 0.1728 0.1728 0.1728 0.1728
0.1728 0.1728 0.1728 0.1728 0.1728 0.1728 0.1728 0.1728 0.1728 0.1728
0.1728 0.1728 0.1728 0.1728 0.1728 0.1728 0.1728 0.1728 0.1728 0.1728
0.1728 0.1728 0.1728 0.1728 0.1728 0.1728 0.1728 0.1728 0.1728 0.1728
0.1728 0.1728 0.1728 0.1728 0.1728 0.1728 0.1728 0.1728 0.1728 0.1728
0.1728 0.1728 0.1728 0.1728 0.1728 0.1728 0.1728 0.1728 0.1728 0.1728
0.1728 0.1728 0.1728 0.1728 0.1728 0.1728 0.1728 0.1728 0.1728 0.1728
0.1728 0.1728 0.1728 0.1728 0.1728 0.1728 0.1728 0.1728 0.1728 0.1728
0.1728 0.1728 0.1728 0.1728 0.1728 0.1728 0.1728 0.1728 0.1728 0.1728
0.1728 0.1728 0.1728 0.1728 0.1728 0.1728 0.1728 0.1728 0.1728 0.1728
0.1728 0.1728 0.1728 0.1728 0.1728 0.1728 0.1728 0.1728 0.1728 0.1728
0.1728 0.1728 0.1728 0.1728 0.1728 0.1728 0.1728 0.1728 0.1728 0.1728
0.1728 0.1728 0.1728 0.1728 0.1728 0.1728 0.1728 0.1728 0.1728 0.1728
0.1728 0.1728 0.1728 0.1728 0.1728 0.1728 0.1728 0.1728 0.1728 0.1728
0.1728 0.1728 0.1728 0.1728 0.1728 0.1728 0.1728 0.1728 0.1728 0.1728
0.1728 0.1728 0.1728 0.1728 0.1728 0.1728 0.1728 0.1728 0.1728 0.1728
0.1728 0.1728 0.1728 0.1728 0.1728 0.1728 0.1728 0.1728 0.1728 0.1728
0.1728 0.1728 0.1728 0.1728 0.1728 0.1728 0.1728 0.1728 0.1728 0.1728
0.1728 0.1728 0.1728 0.1728 0.1728 0.1728 0.1728 0.1728 0.1728 0.1728
0.1728 0.1728 0.1728 0.1728 0.1728 0.1728 0.1728 0.1728 0.1728 0.1728
0.1728 0.1728 0.1728 0.1728 0.1728 0.1728 0.1728 0.1728 0.1728 0.1728
0.1728 0.1728 0.1728 0.1728 0.1728 0.1728 0.1728 0.1728 0.1728 0.1728
0.1728 0.1728 0.1728 0.1728 0.1728 0.1728 0.1728 0.1728 0.1728 0.1728
0.1728 0.1728 0.1728 0.1728 0.1728 0.1728 0.1728 0.1728 0.1728 0.1728
0.1728 0.1728 0.1728 0.1728 0.1728 0.1728 0.1728 0.1728 0.1728 0.1728
0.1728 0.1728 0.1728 0.1728 0.1728 0.1728 0.1728 0.1728 0.1728 0.1728
0.1728 0.1728 0.1728 0.1728 0.1728 0.1728 0.1728 0.1728 0.1728 0.1728
0.1728 0.1728 0.1728 0.1728 0.1728 0.1728 0.1728 0.1728 0.1728 0.1728
0.1728 0.1728 0.1728 0.1728 0.1728 0.1728 0.1728 0.1728 0.1728 0.1728
0.1728 0.1728 0.1728 0.1728 0.1728 0.1728 0.1728 0.1728 0.1728 0.1728
0.1728 0.1728 0.1728 0.1728 0.1728 0.1728 0.1728 0.1728 0.1728 0.1728
0.1728 0.1728 0.1728 0.1728 0.1728 0.1728 0.1728 0.1728 0.1728 0.1728
0.1728 0.1728 0.1728 0.1728 0.1728 0.1728 0.1728 0.1728 0.1728 0.1728
0.1728 0.1728 0.1728 0.1728 0.1728 0.1728 0.1728 0.1728 0.1728 0.1728
0.1728 0.1728 0.1728 0.1728 0.1728 0.1728 0.1728 0.1728 0.1728 0.1728
0.1728 0.1728 0.1728 0.1728 0.1728 0.1728 0.1728 0.1728 0.1728 0.1728
0.1728 0.1728 0.1728 0.1728 0.1728 0.1728 0.1728 0.1728 0.1728 0.1728
0.1728 0.1728 0.1728 0.1728 0.1728 0.1728 0.1728 0.1728 0.1728 0.1728
0.1728 0.1728 0.1728 0.1728 0.1728 0.1728 0.1728 0.1728 0.1728 0.1728
0.1728 0.1728 0.1728 0.1728 0.1728 0.1728 0.1728 0.1728 0.1728 0.1728
0.1728 0.1728 0.1728 0.1728 0.1728 0.1728 0.1728 0.1728 0.1728 0.1728
0.1728 0.1728 0.1728 0.1728 0.1728 0.1728 0.1728 0.1728 0.1728 0.1728
0.1728 0.1728 0.1728 0.1728 0.1728 0.1728 0.1728 0.1728 0.1728 0.1728
0.1728 0.1728 0.1728 0.1728 0.1728 0.1728 0.1728 0.1728 0.1728 0.1728
0.1728 0.1728 0.1728 0.1728 0.1728 0.1728 0.1728 0.1728 0.1728 0.1728
0.1728 0.1728 0.1728 0.1728 0.1728 0.1728 0.1728 0.1728 0.1728 0.1728
0.1728 0.1728 0.1728 0.1728 0.1728 0.1728 0.1728 0.1728 0.1728 0.1728
0.1728 0.1728 0.1728 0.1728 0.1728 0.1728 0.1728 0.1728 0.1728 0.1728
***
0.1728 0.1728 0.1728 0.1728 0.1728 0.1728 0.1728 0.1728 0.1728 0.1728
0.1728 0.1728 0.1728 0.1728 0.1728 0.1728 0.1728 0.1728 0.1728 0.1728
0.1728 0.1728 0.1728 0.1728 0.1728 0.1728 0.1728 0.1728 0.1728 0.1728
0.1728 0.1728 0.1728 0.1728 0.1728 0.1728 0.1728 0.1728 0.1728 0.1728
0.1728 0.1728 0.1728 0.1728 0.1728 0.1728 0.1728 0.1728 0.1728 0.1728
0.1728 0.1728 0.1728 0.1728 0.1728 0.1728 0.1728 0.1728 0.1728 0.1728
0.1728 0.1728 0.1728 0.1728 0.1728 0.1728 0.1728 0.1728 0.1728 0.1728
0.1728 0.1728 0.1728 0.1728 0.1728 0.1728 0.1728 0.1728 0.1728 0.1728
0.1728 0.1728 0.1728 0.1728 0.1728 0.1728 0.1728 0.1728 0.1728 0.1728
0.1728 0.1728 0.1728 0.1728 0.1728 0.1728 0.1728 0.1728 0.1728 0.1728
0.1728 0.1728 0.1728 0.1728 0.1728 0.1728 0.1728 0.1728 0.1728 0.1728
0.1728 0.1728 0.1728 0.1728 0.1728 0.1728 0.1728 0.1728 0.1728 0.1728
0.1728 0.1728 0.1728 0.1728 0.1728 0.1728 0.1728 0.1728 0.1728 0.1728
0.1728 0.1728 0.1728 0.1728 0.1728 0.1728 0.1728 0.1728 0.1728 0.1728
0.1728 0.1728 0.1728 0.1728 0.1728 0.1728 0.1728 0.1728 0.1728 0.1728
0.1728 0.1728 0.1728 0.1728 0.1728 0.1728 0.1728 0.1728 0.1728 0.1728
0.1728 0.1728 0.1728 0.1728 0.1728 0.1728 0.1728 0.1728 0.1728 0.1728
0.1728 0.1728 0.1728 0.1728 0.1728 0.1728 0.1728 0.1728 0.1728 0.1728
0.1728 0.1728 0.1728 0.1728 0.1728 0.1728 0.1728 0.1728 0.1728 0.1728
0.1728 0.1728 0.1728 0.1728 0.1728 0.1728 0.1728 0.1728 0.1728 0.1728
0.1728 0.1728 0.1728 0.1728 0.1728 0.1728 0.1728 0.1728 0.1728 0.1728
0.1728 0.1728 0.1728 0.1728 0.1728 0.1728 0.1728 0.1728 0.1728 0.1728
0.1728 0.1728 0.1728 0.1728 0.1728 0.1728 0.1728 0.1728 0.1728 0.1728
0.1728 0.1728 0.1728 0.1728 0.1728 0.1728 0.1728 0.1728 0.1728 0.1728
0.1728 0.1728 0.1728 0.1728 0.1728 0.1728 0.1728 0.1728 0.1728 0.1728
0.1728 0.1728 0.1728 0.1728 0.1728 0.1728 0.1728 0.1728 0.1728 0.1728
0.1728 0.1728 0.1728 0.1728 0.1728 0.1728 0.1728 0.1728 0.1728 0.1728
0.1728 0.1728 0.1728 0.1728 0.1728 0.1728 0.1728 0.1728 0.1728 0.1728
0.1728 0.1728 0.1728 0.1728 0.1728 0.1728 0.1728 0.1728 0.1728 0.1728
0.1728 0.1728 0.1728 0.1728 0.1728 0.1728 0.1728 0.1728 0.1728 0.1728
0.1728 0.1728 0.1728 0.1728 0.1728 0.1728 0.1728 0.1728 0.1728 0.1728
0.1728 0.1728 0.1728 0.1728 0.1728 0.1728 0.1728 0.1728 0.1728 0.1728
0.1728 0.1728 0.1728 0.1728 0.1728 0.1728 0.1728 0.1728 0.1728 0.1728
0.1728 0.1728 0.1728 0.1728 0.1728 0.1728 0.1728 0.1728 0.1728 0.1728
0.1728 0.1728 0.1728 0.1728 0.1728 0.1728 0.1728 0.1728 0.1728 0.1728
0.1728 0.1728 0.1728 0.1728 0.1728 0.1728 0.1728 0.1728 0.1728 0.1728
0.1728 0.1728 0.1728 0.1728 0.1728 0.1728 0.1728 0.1728 0.1728 0.1728
0.1728 0.1728 0.1728 0.1728 0.1728 0.1728 0.1728 0.1728 0.1728 0.1728
0.1728 0.1728 0.1728 0.1728 0.1728 0.1728 0.1728 0.1728 0.1728 0.1728
0.1728 0.1728 0.1728 0.1728 0.1728 0.1728 0.1728 0.1728 0.1728 0.1728
0.1728 0.1728 0.1728 0.1728 0.1728 0.1728 0.1728 0.1728 0.1728 0.1728
0.1728 0.1728 0.1728 0.1728 0.1728 0.1728 0.1728 0.1728 0.1728 0.1728
0.1728 0.1728 0.1728 0.1728 0.1728 0.1728 0.1728 0.1728 0.1728 0.1728
0.1728 0.1728 0.1728 0.1728 0.1728 0.1728 0.1728 0.1728 0.1728 0.1728
0.1728 0.1728 0.1728 0.1728 0.1728 0.1728 0.1728 0.1728 0.1728 0.1728
0.1728 0.1728 0.1728 0.1728 0.1728 0.1728 0.1728 0.1728 0.1728 0.1728
0.1728 0.1728 0.1728 0.1728 0.1728 0.1728 0.1728 0.1728 0.1728 0.1728
0.1728 0.1728 0.1728 0.1728 0.1728 0.1728 0.1728 0.1728 0.1728 0.1728
0.1728 0.1728 0.1728 0.1728 0.1728 0.1728 0.1728 0.1728 0.1728 0.1728
0.1728 0.1728 0.1728 0.1728 0.1728 0.1728 0.1728 0.1728 0.1728 0.1728
0.1728 0.1728 0.1728 0.1728 0.1728 0.1728 0.1728 0.1728 0.1728 0.1728
0.144 0.1728 0.1152 0.1728 0.1728 0.1728 0.1728 0.1728 0.144 0.1728
0.1728 0.1728 0.1728 0.1728 0.1728 0.1728 0.1728 0.1728 0.1728 0.1728
0.1728 0.1728 0.1728 0.1728 0.1728 0.1728 0.1728 0.1728 0.1728 0.144
0.1728 0.1728 0.1728 0.1728 0.1728 0.1728 0.1728 0.1728 0.1728 0.1728
0.1728 0.1728 0.1728 0.1728 0.1728 0.1728 0.1728 0.1728 0.1728 0.1728
0.1728 0.144 0.1728 0.144 0.1728 0.1728 0.1728 0.144 0.12 0.144
0.1728 0.1728 0.1728 0.1728 0.1728 0.1728 0.1728 0.1728 0.1728 0.1728
0.1728 0.1728 0.1728 0.1728 0.1728 0.1728 0.1728 0.1728 0.144 0.1728
0.1728 0.1728 0.1728 0.1728 0.1728 0.1728 0.1728 0.144 0.1728 0.1728
0.1728 0.1728 0.1728 0.1728 0.1728 0.144 0.1728 0.1728 0.1728 0.1728
0.1728 0.1728 0.1728 0.1728 0.1728 0.1728 0.1728 0.1728 0.1728 0.1728
0.1728 0.1728 0.1728 0.1728 0.1728 0.1728 0.1728 0.1728 0.1728 0.1728
0.1728 0.1728 0.1728 0.1728 0.1728 0.1728 0.144 0.1728 0.1728 0.1728
0.1728 0.144 0.1728 0.1728 0.1728 0.1728 0.1728 0.1728 0.1728 0.1728
0.1728 0.1728 0.144 0.1728 0.144 0.1728 0.1728 0.1728 0.1728 0.144
0.1728 0.1728 0.1728 0.1728 0.1728 0.1728 0.1728 0.1728 0.1728 0.1728
0.1728 0.1728 0.1728 0.1728 0.1728 0.1728 0.1728 0.1728 0.1728 0.1728
0.1728 0.1728 0.144 0.1728 0.1728 0.1728 0.1728 0.1728 0.1728 0.1728
0.1728 0.1728 0.12 0.1728 0.144 0.144 0.1728 0.1728 0.1728 0.1728
0.1728 0.1728 0.1728 0.1728 0.1728 0.1728 0.1728 0.144 0.1728 0.1728
0.1728 0.1728 0.1728 0.12 0.1728 0.1728 0.144 0.1728 0.1728 0.1728
0.1728 0.1728 0.1728 0.1728 0.1728 0.1728 0.1728 0.1728 0.1728 0.1728
0.1728 0.1728 0.144 0.1728 0.144 0.1728 0.1728 0.1728 0.1728 0.1728
0.1728 0.1728 0.1728 0.1728 0.1728 0.1728 0.1728 0.12 0.1728 0.1728
0.1728 0.1728 0.1728 0.1728 0.1728 0.1728 0.144 0.1728 0.1728 0.1728
0.1728 0.1728 0.144 0.1728 0.1728 0.1728 0.1728 0.1728 0.1728 0.1728
0.144 0.1728 0.1728 0.1728 0.1728 0.1728 0.1728 0.1728 0.1728 0.1728
0.1728 0.144 0.1728 0.1728 0.144 0.1728 0.144 0.1728 0.1728 0.1728
0.1728 0.1728 0.1728 0.1728 0.1728 0.1728 0.1728 0.1728 0.1728 0.1728
0.1728 0.1728 0.1728 0.1728 0.1728 0.1728 0.1728 0.1728 0.1728 0.1728
0.1728 0.1728 0.1728 0.1728 0.1728 0.1728 0.1728 0.144 0.1728 0.1728
0.1728 0.1728 0.1728 0.1728 0.1728 0.1728 0.1728 0.1728 0.1728 0.1728
0.1728 0.1728 0.1728 0.1728 0.1728 0.144 0.1728 0.1728 0.1728 0.1728
0.1728 0.1728 0.1728 0.1728 0.1728 0.1728 0.1728 0.1728 0.1728 0.1728
0.1728 0.1728 0.1728 0.1728 0.1728 0.1728 0.1728 0.1728 0.1728 0.1728
0.1728 0.1728 0.1728 0.1728 0.1728 0.1728 0.1728 0.12 0.1728 0.1728
0.1728 0.1728 0.1728 0.1728 0.1728 0.1728 0.1728 0.1728 0.1728 0.1728
0.1728 0.1728 0.1728 0.1728 0.1728 0.1728 0.1728 0.1728 0.1728 0.1728
0.1728 0.1728 0.1728 0.1728 0.1728 0.12 0.12 0.1728 0.1728 0.1728
0.1728 0.1728 0.1728 0.1728 0.1728 0.1728 0.1728 0.1728 0.1728 0.1728
0.1728 0.1728 0.1728 0.144 0.1728 0.1728 0.144 0.1728 0.1728 0.1728
0.1728 0.144 0.1728 0.1728 0.1728 0.1728 0.1728 0.1728 0.1728 0.1728
0.1728 0.1728 0.144 0.1728 0.1728 0.1728 0.1728 0.1728 0.1728 0.1728
0.1728 0.1728 0.1728 0.1728 0.1728 0.1728 0.1728 0.144 0.1728 0.1728
0.144 0.1728 0.1728 0.1728 0.1728 0.1728 0.1728 0.1728 0.1728 0.1728
0.1728 0.1728 0.1728 0.1728 0.1728 0.1728 0.1728 0.144 0.1728 0.1728
0.1728 0.1728 0.1728 0.1728 0.1728 0.1728 0.1728 0.1728 0.1728 0.1728
0.1728 0.1728 0.1728 0.1728 0.1728 0.144 0.1728 0.1728 0.144 0.12
0.1728 0.144 0.1728 0.1728 0.1728 0.1728 0.1728 0.1728 0.1728 0.1728
>categories:
0 0
1 1
>mixtureAssignment:
0 0 0 0 0 0 0 0 0 0 0 0 0 0 0 0 0 0 0 0 0 0 0 0 0 0 0 0 0 0 0 0 0 0 0 0 0 0 0 0 0 0 0 0 0 0 0 0 0 0
0 0 0 0 0 0 0 0 0 0 0 0 0 0 0 0 0 0 0 0 0 0 0 0 0 0 0 0 0 0 0 0 0 0 0 0 0 0 0 0 0 0 0 0 0 0 0 0 0 0
0 0 0 0 0 0 0 0 0 0 0 0 0 0 0 0 0 0 0 0 0 0 0 0 0 0 0 0 0 0 0 0 0 0 0 0 0 0 0 0 0 0 0 0 0 0 0 0 0 0
0 0 0 0 0 0 0 0 0 0 0 0 0 0 0 0 0 0 0 0 0 0 0 0 0 0 0 0 0 0 0 0 0 0 0 0 0 0 0 0 0 0 0 0 0 0 0 0 0 0
0 0 0 0 0 0 0 0 0 0 0 0 0 0 0 0 0 0 0 0 0 0 0 0 0 0 0 0 0 0 0 0 0 0 0 0 0 0 0 0 0 0 0 0 0 0 0 0 0 0
0 0 0 0 0 0 0 0 0 0 0 0 0 0 0 0 0 0 0 0 0 0 0 0 0 0 0 0 0 0 0 0 0 0 0 0 0 0 0 0 0 0 0 0 0 0 0 0 0 0
0 0 0 0 0 0 0 0 0 0 0 0 0 0 0 0 0 0 0 0 0 0 0 0 0 0 0 0 0 0 0 0 0 0 0 0 0 0 0 0 0 0 0 0 0 0 0 0 0 0
0 0 0 0 0 0 0 0 0 0 0 0 0 0 0 0 0 0 0 0 0 0 0 0 0 0 0 0 0 0 0 0 0 0 0 0 0 0 0 0 0 0 0 0 0 0 0 0 0 0
0 0 0 0 0 0 0 0 0 0 0 0 0 0 0 0 0 0 0 0 0 0 0 0 0 0 0 0 0 0 0 0 0 0 0 0 0 0 0 0 0 0 0 0 0 0 0 0 0 0
0 0 0 0 0 0 0 0 0 0 0 0 0 0 0 0 0 0 0 0 0 0 0 0 0 0 0 0 0 0 0 0 0 0 0 0 0 0 0 0 0 0 0 0 0 0 0 0 0 0
1 1 1 1 1 1 1 1 1 1 1 1 1 1 1 1 1 1 1 1 1 1 1 1 1 1 1 1 1 1 1 1 1 1 1 1 1 1 1 1 1 1 1 1 1 1 1 1 1 1
1 1 1 1 1 1 1 1 1 1 1 1 1 1 1 1 1 1 1 1 1 1 1 1 1 1 1 1 1 1 1 1 1 1 1 1 1 1 1 1 1 1 1 1 1 1 1 1 1 1
1 1 1 1 1 1 1 1 1 1 1 1 1 1 1 1 1 1 1 1 1 1 1 1 1 1 1 1 1 1 1 1 1 1 1 1 1 1 1 1 1 1 1 1 1 1 1 1 1 1
1 1 1 1 1 1 1 1 1 1 1 1 1 1 1 1 1 1 1 1 1 1 1 1 1 1 1 1 1 1 1 1 1 1 1 1 1 1 1 1 1 1 1 1 1 1 1 1 1 1
1 1 1 1 1 1 1 1 1 1 1 1 1 1 1 1 1 1 1 1 1 1 1 1 1 1 1 1 1 1 1 1 1 1 1 1 1 1 1 1 1 1 1 1 1 1 1 1 1 1
1 1 1 1 1 1 1 1 1 1 1 1 1 1 1 1 1 1 1 1 1 1 1 1 1 1 1 1 1 1 1 1 1 1 1 1 1 1 1 1 1 1 1 1 1 1 1 1 1 1
1 1 1 1 1 1 1 1 1 1 1 1 1 1 1 1 1 1 1 1 1 1 1 1 1 1 1 1 1 1 1 1 1 1 1 1 1 1 1 1 1 1 1 1 1 1 1 1 1 1
1 1 1 1 1 1 1 1 1 1 1 1 1 1 1 1 1 1 1 1 1 1 1 1 1 1 1 1 1 1 1 1 1 1 1 1 1 1 1 1 1 1 1 1 1 1 1 1 1 1
1 1 1 1 1 1 1 1 1 1 1 1 1 1 1 1 1 1 1 1 1 1 1 1 1 1 1 1 1 1 1 1 1 1 1 1 1 1 1 1 1 1 1 1 1 1 1 1 1 1
1 1 1 1 1 1 1 1 1 1 1 1 1 1 1 1 1 1 1 1 1 1 1 1 1 1 1 1 1 1 1 1 1 1 1 1 1 1 1 1 1 1 1 1 1 1 1 1 1 1
>numMutationCategories:
2
>numSelectionCategories:
2
>categoryProbabilities:
0.486123 0.513877 
>selectionIsInMixture:
***
0 
***
1 
>mutationIsInMixture:
***
0 
***
1 
>currentSynthesisRateLevel:
***
0.345728 1.00981 0.399178 0.59934 0.890469 0.638037 0.00697763 0.388642 0.720556 0.196982
1.09591 0.222391 0.130529 0.549395 0.292485 1.73582 0.212823 0.0195097 0.80187 1.07817
0.230741 0.412232 0.886708 0.985947 0.945572 0.0704357 0.103953 0.287678 0.0780171 1.22539
0.296497 0.120523 2.08885 1.07769 0.911661 1.4139 0.0822725 1.04757 1.92546 2.0815
0.311437 0.860143 0.478732 0.00807632 1.87893 0.505494 2.30681 0.2974 0.899997 2.73565
0.0217122 0.472652 0.168576 0.173856 0.163834 0.885147 0.472079 1.61893 0.449801 0.249538
0.69086 0.0715743 0.370865 0.285956 0.0548836 0.878394 0.973945 0.151759 0.0330408 0.0407308
0.223278 0.374562 0.243083 0.44145 1.10126 0.654122 0.408909 0.250324 0.403803 0.0170091
0.515535 0.00518884 2.11962 0.680661 0.0571912 1.41666 0.847139 0.446317 0.336246 1.83924
0.843485 0.0361061 0.0447742 0.471606 2.52717 1.68247 0.262869 0.041132 0.428903 0.464104
0.175473 0.188911 0.475677 0.180161 1.23557 2.17873 3.25108 0.618809 1.30052 1.72952
2.84379 2.48897 0.0396814 0.816982 0.47049 0.107787 0.808261 0.0631801 0.0336833 0.198894
2.50075 1.35997 0.830422 0.0954232 0.254277 0.328221 0.587948 0.13157 2.07144 0.123489
0.0931132 0.0912698 0.0788387 0.623161 0.230052 2.38283 1.01947 0.0163218 1.47746 0.0679161
1.71948 0.241919 0.422382 0.816545 0.340258 0.0882874 0.0909851 1.00041 0.27067 1.75386
0.00851636 0.153424 0.0569424 1.27999 1.79797 0.376437 0.0796004 0.305887 1.98154 1.3958
1.30591 0.21017 0.991595 0.460155 0.308092 0.653607 0.343566 1.1941 0.144186 0.210236
0.743749 3.0617 0.119211 1.22471 0.181815 2.30368 0.260321 1.00605 0.0246487 0.0100863
1.26286 1.705 0.133777 0.00155554 3.26403 0.0382707 0.188805 0.543325 3.7088 2.58007
0.52354 1.2045 0.303695 0.618254 0.598266 0.0647317 0.0530726 3.85029 0.0454505 0.162829
1.09103 0.290147 0.717993 0.384021 0.33251 0.0572536 0.65755 2.26273 0.661832 2.03989
1.01372 0.562862 0.0311516 1.76851 0.497932 1.0982 0.975064 1.3889 0.610793 0.0336684
0.336876 0.656348 0.58385 0.119091 0.922131 0.621417 0.0487211 0.0992117 0.501832 0.19392
0.292296 1.65243 0.0704477 1.09281 1.86946 1.59278 0.689105 0.200005 0.0330487 0.0298759
0.308872 0.830814 0.611391 0.984095 0.154206 0.369996 0.757616 0.137311 0.0748142 0.0538546
0.0949232 0.415297 0.138201 0.375059 0.711852 0.973428 0.399282 0.68388 0.143798 2.23822
0.0973628 0.13152 0.651592 0.420818 1.55576 0.592514 0.699076 0.649052 0.109264 2.66272
1.24663 1.55272 0.463186 0.00201104 0.0109665 0.118509 0.625711 0.260865 0.239634 0.59885
0.433497 1.71774 0.222773 0.641796 0.0137321 0.8554 0.05099 0.470034 0.327189 0.731019
0.203133 0.319024 0.168358 2.51721 0.0192407 2.10085 0.0186936 1.81014 0.249487 0.0385359
1.58798 0.052828 0.475912 0.655991 1.93503 1.18286 3.47665 0.0353583 0.229815 2.55467
0.52041 2.80779 0.444265 0.0875756 0.0415732 0.608973 0.731062 0.0498855 1.23637 0.198508
2.32313 0.204373 0.332683 0.0435292 0.00538718 0.0515432 0.107278 0.215688 2.57219 0.0262569
0.00512181 1.0141 1.19796 0.139676 0.0748273 0.434966 0.894962 0.177496 0.210616 2.15028
1.00771 0.508773 0.426106 0.0501244 0.968501 0.260769 0.0478034 3.13178 0.142345 1.20699
0.397884 0.0373948 0.253241 0.165638 0.594118 0.863581 0.601875 0.157946 0.32906 0.167633
0.154044 0.887693 1.06931 0.38058 0.198643 0.372601 1.98207 2.69759 1.24825 0.100558
0.252114 0.0711809 0.833595 0.524836 1.22402 0.169985 0.652038 0.0645756 0.330038 0.300063
1.33939 1.60133 0.453051 5.54921 0.372091 0.642724 0.0273367 0.216829 0.970533 1.08066
0.465157 0.189221 1.02098 0.357358 0.0276384 1.65095 7.4233 0.359945 0.364917 0.979272
0.800952 0.546228 2.694 1.28763 0.0459718 0.622665 0.873577 0.335546 0.67098 0.125606
0.0298634 0.404415 0.076232 0.703775 1.2881 2.00372 0.464137 3.58408 0.309473 1.56118
1.55782 0.0756175 0.0887947 0.229502 1.70592 0.400019 0.176099 0.730281 0.647813 0.538781
1.13894 0.164168 0.488422 0.245106 0.899863 0.456598 0.405269 0.0238333 0.0846865 1.90084
0.128579 1.12889 0.136595 1.13773 0.67618 1.40511 0.431797 0.140313 0.815086 0.76845
0.771844 2.35692 0.00526353 0.271707 0.241963 1.04558 2.75654 1.11133 1.5919 0.179562
0.861506 1.17729 0.808461 0.421865 0.156196 0.160897 0.303573 0.546269 0.844707 0.288658
0.605885 0.0467888 1.37969 0.89378 1.19042 0.0232033 0.4583 0.199634 0.15913 0.662012
8.23755 1.58416 0.329516 0.0454232 0.211654 0.760326 0.993884 2.38945 0.289542 0.358511
0.969932 0.446914 0.939875 0.598398 1.02464 0.0917307 0.102847 0.400074 0.593277 0.145344
0.0311301 0.0116971 0.0216406 0.0106227 0.0030395 0.0125141 0.0162373 0.01222 0.00461778 0.0022232
0.00778163 0.027378 0.00299169 0.014479 0.00616614 0.0209451 0.00527337 0.0100951 0.00578767 0.00510333
0.0149664 0.0112479 0.0314186 0.00929419 0.013037 0.00555843 0.00335456 0.00214474 0.0702639 0.00832052
0.0196764 0.0114269 0.0301546 0.00386124 0.00607658 0.00454777 0.0113418 0.0117691 0.00256756 0.00226045
0.0448895 0.0307038 0.010425 0.0146281 0.00101905 0.0105021 0.0225491 0.0114194 0.00960098 0.0094678
0.0324718 0.0116498 0.0135799 0.00872929 0.049649 0.0111765 0.0119891 0.0240206 0.00806418 0.0117834
0.00961441 0.00354345 0.00297653 0.011263 0.0159119 0.0163293 0.00692423 0.00454273 0.00935114 0.0105629
0.00995763 0.0133035 0.0064871 0.00434923 0.0299744 0.00953138 0.00585525 0.00755698 0.012043 0.0303064
0.00359847 0.00445629 0.00488158 0.00836071 0.00687606 0.0112174 0.00937836 0.00975449 0.00540375 0.0183283
0.00404887 0.0269565 0.0200333 0.00570707 0.00522014 0.00777423 0.00622383 0.00729527 0.00538087 0.00227671
0.00313099 0.0104648 0.00714559 0.0048314 0.0106486 0.00778131 0.0182183 0.0055093 0.0276316 0.0395107
0.014832 0.00709884 0.00358451 0.00434297 0.00498488 0.00424286 0.00944517 0.017916 0.0161019 0.00883536
0.00302715 0.00912693 0.00755742 0.0113437 0.0115092 0.0384904 0.0190378 0.0607259 0.010291 0.0320291
0.0122883 0.00584358 0.00185284 0.00477409 0.00281859 0.0165371 0.013223 0.00640365 0.0108805 0.00293592
0.00839057 0.00347983 0.00818788 0.00263117 0.00879437 0.00954507 0.00449932 0.0546363 0.00966394 0.00722478
0.0123055 0.0209573 0.0157916 0.00563898 0.00418084 0.0291226 0.00904103 0.0424747 0.0644545 0.015437
0.00907223 0.0078407 0.00666657 0.0168269 0.0082725 0.0168343 0.00528203 0.0484731 0.00382993 0.0131115
0.00406087 0.0183426 0.00712168 0.0351435 0.0418072 0.00996996 0.00359042 0.0126127 0.08888 0.00374321
0.00488746 0.0064807 0.00945467 0.0074323 0.0282148 0.0108128 0.00208083 0.00308422 0.00637422 0.0101796
0.0401837 0.0290477 0.0026542 0.0181552 0.00134379 0.00611025 0.0205569 0.0377557 0.0434088 0.00705314
0.00714999 0.0051515 0.00749912 0.00734488 0.0352386 0.0118633 0.0150336 0.00819198 0.00687895 0.0105099
0.00577925 0.00628794 0.0107853 0.00157537 0.00551879 0.0184349 0.00571282 0.00793393 0.00939588 0.0283636
0.00853492 0.0096078 0.0197595 0.0082937 0.00947874 0.00553242 0.0082276 0.0847146 0.0133464 0.0359776
0.0406316 0.0111689 0.0144362 0.0147228 0.00486732 0.0160142 0.00506042 0.0158691 0.00782671 0.0146183
0.0156294 0.0391052 0.00301612 0.00919055 0.00228991 0.00426096 0.00615643 0.00286187 0.00904459 0.00409482
0.00560387 0.00958864 0.0180549 0.0214716 0.0229708 0.00499663 0.00490561 0.0184945 0.00303702 0.00452889
0.00192895 0.00591375 0.00251063 0.0546734 0.00443234 0.00267805 0.0143196 0.00184367 0.0473777 0.00755683
0.00660645 0.00540137 0.043027 0.012794 0.00476697 0.0224076 0.00538365 0.00583817 0.00720507 0.00645873
0.00916275 0.0089494 0.00938931 0.0182943 0.00573857 0.00661652 0.0203765 0.00938075 0.0266184 0.0129914
0.00471562 0.00923963 0.0177716 0.0147466 0.00265081 0.0228967 0.00894979 0.0129759 0.0233952 0.0112281
0.0229999 0.00570481 0.0043743 0.020075 0.0274311 0.00635374 0.0147102 0.00621523 0.00681261 0.00696221
0.00335149 0.00549839 0.0124486 0.0217612 0.0144023 0.00338273 0.00888293 0.0154306 0.0146698 0.00816774
0.0149955 0.00564071 0.014376 0.0186189 0.0184719 0.00497019 0.0107837 0.00249238 0.0201506 0.00824517
0.00538026 0.0082877 0.0218452 0.00686899 0.00253367 0.00699438 0.0192394 0.00679188 0.00604737 0.0072376
0.013687 0.00861095 0.0220612 0.0178769 0.00415961 0.00166569 0.0105266 0.0109455 0.0143034 0.0101142
0.00258547 0.0102706 0.0367651 0.0396194 0.00812594 0.0112318 0.00384822 0.00837756 0.00603031 0.0117286
0.0110298 0.00987024 0.00578681 0.0147469 0.0367271 0.0083965 0.0130936 0.00439466 0.0123331 0.00870447
0.0177072 0.00579255 0.00532104 0.00783595 0.00452019 0.0147895 0.00517805 0.00605567 0.027432 0.00520288
0.0208938 0.010174 0.00428464 0.0115671 0.0205608 0.00914033 0.0113856 0.0101198 0.00406552 0.0220867
0.0199514 0.017268 0.0136197 0.0145336 0.0356656 0.00264007 0.00434775 0.0152347 0.00465238 0.0235522
0.0061068 0.0138174 0.0131227 0.0338504 0.00867122 0.0114232 0.00945649 0.0114812 0.0272462 0.035281
0.00243736 0.00455464 0.0140506 0.00396982 0.0233045 0.00426186 0.0112761 0.00357544 0.00658828 0.00696879
0.0230298 0.0146085 0.00514348 0.00668847 0.00359478 0.00195203 0.00517395 0.0271354 0.0240864 0.00884111
0.0222951 0.0153948 0.00309439 0.0050282 0.0101063 0.00811341 0.0887679 0.00372366 0.0177301 0.0166628
0.00453878 0.00508036 0.00324362 0.00405405 0.0211258 0.0166084 0.0200515 0.0138556 0.0134874 0.00878025
0.0274531 0.00758581 0.00908425 0.00884827 0.00247614 0.0111087 0.00435106 0.00337115 0.0241205 0.0141375
0.00570127 0.0215201 0.00436313 0.0332173 0.0173227 0.00475067 0.0157055 0.00317273 0.022565 0.00664611
0.0195986 0.0093869 0.0123703 0.00451929 0.00327838 0.00370116 0.00979199 0.00972929 0.00781606 0.00685735
0.0105711 0.0192632 0.00878624 0.00419491 0.00568765 0.0115674 0.016853 0.00496268 0.0074482 0.0197268
0.00292668 0.00423494 0.00558104 0.0621954 0.0105068 0.00830906 0.0100314 0.0150515 0.00596377 0.0023411
***
0.0149152 0.00956942 0.0337162 0.00969214 0.0271096 0.00580146 0.0233865 0.0622675 0.00668209 0.030582
0.0463219 0.00470804 0.0266944 0.0402427 0.0206482 0.0361613 0.0144294 0.0107751 0.0100428 0.011248
0.0139802 0.0431351 0.348178 0.0415373 0.0890809 0.0124287 0.0911233 0.00924041 0.0157066 0.109366
0.0270893 0.0324798 0.056661 0.0282387 0.0237226 0.0237348 0.0199394 0.0180476 0.0351027 0.0402718
0.0263041 0.01204 0.0123919 0.04046 0.040731 0.0120197 0.145735 0.0292128 0.0891036 0.161975
0.0128469 0.0155988 0.0193312 0.0138319 0.00271341 0.00356036 0.016602 0.0909401 0.0214279 0.0130574
0.022713 0.0219277 0.011872 0.00359002 0.0579291 0.169518 0.0164014 0.00900626 0.00248529 0.058028
0.00732987 0.0073625 0.039872 0.0372357 0.0116265 0.0201849 0.0039346 0.0247004 0.0577925 0.00156583
0.0145186 0.0546531 0.0765424 0.00829549 0.00511225 0.0743413 0.0755931 0.030184 0.0357856 0.060482
0.0866657 0.030432 0.0162748 0.0601063 0.264883 0.0257062 0.0368274 0.0172157 0.051739 0.0422637
0.0228989 0.0271738 0.180232 0.00705165 0.0172818 0.0800444 0.514727 0.0284949 0.0132233 0.0495798
0.189746 0.174659 0.0173954 0.00373597 0.0181926 0.0585202 0.0253559 0.0646039 0.00331749 0.0214977
0.0884711 0.0298754 0.0523873 0.0274863 0.0420993 0.0220561 0.00937296 0.0820563 0.11905 0.0121789
0.0202279 0.0250552 0.00277178 0.0661201 0.0185499 0.0649053 0.0162535 0.0149592 0.0126313 0.0398058
0.0289018 0.154976 0.0310976 0.0299264 0.0280177 0.0111951 0.0382362 0.0091331 0.0503217 0.0565751
0.00480498 0.0135233 0.0269036 0.0378064 0.0694665 0.0159431 0.00911495 0.0162757 0.0110852 0.129417
0.102416 0.0202509 0.0557129 0.0265543 0.00637459 0.0873366 0.143098 0.0597672 0.0131433 0.0133735
0.0045099 0.00829186 0.042072 0.0490125 0.0237328 0.286103 0.0319708 0.0127639 0.00277383 0.0189009
0.148211 0.121077 0.0124239 0.0207263 0.476059 0.0187804 0.0359204 0.0435417 0.160277 0.221564
0.0303929 0.0483885 0.0303419 0.0176813 0.0232018 0.108317 0.00968441 0.27459 0.011874 0.00462902
0.183686 0.0432547 0.00634669 0.0181657 0.0254541 0.00668781 0.081505 0.160455 0.0118173 0.0245796
0.014955 0.0352529 0.0139851 0.0908745 0.0347275 0.0958917 0.111243 0.035641 0.00191337 0.0188008
0.00737685 0.006089 0.00803303 0.0434288 0.0198871 0.0197635 0.0125109 0.172109 0.0259579 0.0245243
0.0143075 0.013625 0.0255183 0.00861549 0.00883591 0.0257436 0.0190034 0.017244 0.00691359 0.00452213
0.00148728 0.0424226 0.032895 0.0156581 0.0171295 0.00741729 0.0357701 0.0403843 0.00831172 0.051361
0.0233628 0.0436405 0.0260591 0.0225074 0.10114 0.0161235 0.00711521 0.0281098 0.0298145 0.202247
0.0273975 0.0103837 0.0521745 0.0385176 0.0810118 0.0499414 0.0136463 0.0349421 0.01223 0.114881
0.188203 0.0398414 0.0374601 0.0179012 0.0126129 0.0449659 0.0155934 0.00169532 0.0159102 0.0135156
0.00329707 0.267118 0.0212161 0.0140655 0.0169385 0.0137656 0.0242949 0.0534117 0.0182152 0.00891745
0.0120506 0.0564326 0.0370279 0.148369 0.00867858 0.0808516 0.0252054 0.0338336 0.0235735 0.0224143
0.174877 0.012594 0.04312 0.0824716 0.0276003 0.10168 0.216119 0.0123008 0.0317932 0.623615
0.455816 0.0227875 0.00877976 0.0237474 0.05213 0.00944053 0.0146946 0.0054971 0.0960495 0.0405825
0.0140095 0.0229598 0.0233302 0.0117203 0.0486672 0.00233379 0.0224578 0.0553961 0.298759 0.00828813
0.023627 0.0851987 0.0397239 0.020745 0.0180218 0.0449119 0.0320478 0.104127 0.00407074 0.271416
0.286038 0.0303021 0.0165092 0.00441009 0.00770827 0.00868196 0.0064841 0.231881 0.0251558 0.0531396
0.00232567 0.138936 0.154934 0.0398962 0.041556 0.0954101 0.0389943 0.114962 0.0377822 0.00743824
0.00615052 0.133348 0.0424233 0.0670081 0.00843179 0.0219959 0.20166 0.243648 0.0248011 0.0381254
0.0651047 0.0236959 0.0433432 0.0159659 0.0622509 0.0369827 0.0131342 0.0206454 0.0115744 0.123064
0.0778436 0.0775215 0.012279 0.111801 0.0405632 0.079966 0.0301868 0.00364692 0.0487229 0.00727756
0.00928113 0.0326107 0.098312 0.00628973 0.0157673 0.0501486 0.55693 0.0201049 0.0414797 0.0874967
0.0369932 0.0179878 0.194686 0.0283343 0.0208374 0.00402694 0.0205081 0.0170495 0.0118273 0.116403
0.0165273 0.0391624 0.0103589 0.0173985 0.0243341 0.0472325 0.0291823 0.272745 0.0853754 0.15748
0.0559281 0.00323511 0.0267412 0.00663076 0.025009 0.0302942 0.00603504 0.0475351 0.0571617 0.0280195
0.0099901 0.0350784 0.0115935 0.0296561 0.0644421 0.00542157 0.0115855 0.0364373 0.00942215 0.0450368
0.00834372 0.110805 0.166449 0.084357 0.0252619 0.194794 0.0542252 0.0233936 0.0281851 0.00743524
0.0672681 0.0909341 0.0427878 0.0314605 0.00442196 0.1058 0.223648 0.20585 0.117308 0.0286606
0.0263554 0.0403348 0.00305698 0.00793162 0.0224096 0.0880872 0.00755818 0.0346247 0.0539825 0.0139616
0.0268081 0.00318391 0.0669726 0.029266 0.15416 0.00322868 0.00709028 0.00425104 0.0224692 0.0190234
0.462655 0.169045 0.0110363 0.0175193 0.0162936 0.131787 0.0295577 0.0359447 0.0183498 0.0886558
0.0116955 0.0198998 0.0154493 0.00721709 0.0284024 0.0323938 0.0110942 0.0226368 0.112036 0.0102691
0.243497 5.12739 2.49805 2.34434 1.55071 0.285565 1.18746 0.381512 0.894719 1.80073
2.99133 0.375089 3.44444 0.238881 0.59846 1.30247 0.591625 0.533007 1.77883 0.992946
0.792688 0.393486 5.53155 0.530077 0.00812561 0.270688 0.707187 1.50606 0.082832 1.24295
6.44839 0.0933491 0.225779 1.30641 0.937463 0.558616 0.289807 0.252102 9.87853 2.15657
0.0514419 1.74104 1.22482 1.58779 0.0431129 1.34062 0.958644 1.19971 1.21101 0.0537765
1.56787 0.0678115 1.43902 0.228343 1.65304 6.28065 0.320231 0.421888 1.82429 0.327065
0.129594 3.01883 0.0242948 4.98066 1.29874 0.0102969 0.406174 2.86995 6.80286 2.39525
1.19204 0.494295 1.61662 1.33904 0.512336 0.666491 0.547843 0.632596 0.0376944 0.290307
2.47361 0.0844745 0.25886 0.0182439 0.111397 0.927426 0.160102 0.407358 2.7243 1.58321
0.012675 1.26442 0.0113102 2.105 2.11662 0.601966 0.0132176 4.92559 0.069671 0.0429233
0.502902 0.387201 0.831692 0.010806 0.778805 3.77997 0.817587 0.968439 0.453567 1.55402
1.07675 2.07222 0.614108 0.742266 2.2037 0.275753 0.454196 6.15037 6.35673 0.145679
6.48859 0.388642 6.93704 1.38526 1.55826 0.0944016 1.32251 2.10735 0.531535 0.42762
0.0584603 0.833692 1.85285 1.45362 1.15979 0.577072 2.91252 0.0161387 1.53184 0.102494
0.632197 4.46401 1.11804 1.63863 0.446036 0.0103774 0.179388 0.742417 1.7181 1.21357
0.0182834 0.244059 2.60595 0.294132 2.33987 1.60794 3.1934 1.9629 1.27947 3.81287
0.352197 1.18591 1.65922 0.0732257 0.197177 3.3472 0.407445 0.117148 1.89287 0.0982991
1.7321 0.553041 2.06456 0.0993769 0.131695 2.48816 0.186617 1.15472 0.235681 0.0875575
1.12142 0.0658176 4.79001 0.505877 0.187175 0.933043 1.27191 0.731901 0.064624 0.674585
0.0262131 1.93157 3.50342 0.103324 2.03402 3.9523 0.335924 2.7301 5.9285 0.155103
0.177459 1.2878 0.0261654 1.07499 1.60235 1.79053 0.844639 4.16478 0.336876 0.72317
2.18156 1.66997 6.43037 3.48178 0.0605925 1.11226 9.22348 1.13677 0.227206 0.978263
1.39759 0.017327 0.787633 0.173159 0.0179444 0.357752 3.46501 1.42024 1.7348 0.126793
0.955506 1.56781 1.79515 0.0701414 2.66464 0.599322 0.0357131 0.625295 0.5407 0.492942
0.0413134 0.122301 1.40453 0.0477665 0.106052 1.21207 0.185848 4.1514 0.45256 0.262292
0.541049 1.0639 0.433821 2.18703 1.64606 0.394997 11.1288 0.464408 0.108234 0.189924
1.38754 0.617249 8.65289 20.8097 0.80176 6.58969 0.115297 1.86801 7.20023 0.202911
4.02944 0.106256 4.23109 1.98892 0.285178 1.02455 0.590526 0.618046 0.892141 0.851421
0.339402 2.27468 0.125793 1.98407 2.81996 9.39511 3.65815 2.42379 7.94724 0.888847
1.41821 0.141115 1.5415 0.798134 1.45872 1.02795 0.349858 0.763844 0.247162 0.144998
0.32601 0.997925 2.02484 2.10078 1.6255 0.271924 0.93381 0.138198 1.63494 20.9714
0.0940262 5.30762 0.846943 0.0279282 0.786142 1.50613 1.40944 8.88558 1.32086 1.16364
0.217173 0.0634416 0.222998 0.0226855 1.03329 0.0298465 0.210802 0.0905358 3.39245 0.0346429
0.222656 0.0226392 0.101815 0.694355 1.91412 2.62737 0.982509 0.771146 0.473053 0.477351
0.0659043 0.360896 1.26205 2.61761 0.0485122 0.9145 0.0663318 0.540667 0.148124 1.61819
0.488127 3.15582 0.00699096 0.202381 0.590357 0.419344 0.435173 0.227327 0.427607 0.507152
8.33282 0.0582859 0.370564 1.96404 0.0455038 1.34084 1.18262 3.3035 1.49113 1.30894
0.0930316 0.724841 0.33377 1.55215 0.0478943 0.654564 1.54768 0.82037 1.02256 24.7338
1.67584 0.0497088 0.311286 0.0336708 0.363437 0.629817 0.042023 0.948836 0.905343 0.158921
0.0283005 0.998928 2.19748 0.0148299 1.83348 4.12243 2.84944 0.372221 1.29457 1.85892
0.242863 1.81263 6.57665 1.1645 0.72851 0.509032 10.9756 0.43787 0.115758 0.250466
0.898952 0.17611 0.858262 3.44039 1.92179 0.922741 5.20195 0.977725 0.530133 0.394611
0.406458 4.05961 0.545528 0.133483 2.27432 0.0588999 0.0578473 2.79103 0.291909 0.341431
0.878092 0.433956 4.50974 0.153817 0.148607 2.23129 0.0392751 0.581765 1.1405 0.822217
0.693845 2.07807 1.61087 0.414845 0.318054 0.0391282 1.16639 6.46833 1.672 0.0898661
4.47107 3.84491 2.24036 1.46229 0.704529 1.5208 1.19646 0.0618365 0.936974 2.6449
0.14583 0.0686629 0.0785446 0.727541 0.731272 0.0226529 1.49377 1.71872 0.0729165 1.06251
2.4859 1.44104 0.834361 0.551747 0.44024 0.334385 2.2065 0.0699436 0.386256 0.360338
0.4317 7.11722 0.0561975 1.89348 0.376047 4.49336 4.78489 1.05493 1.85924 3.96625
0.643068 4.89491 0.0917133 4.27903 0.892255 0.0382515 0.529862 6.75476 0.181183 0.175161
>covarianceMatrix:
A
0.00671089	0	0	0	0	0	0	0	0	0	0	0	
0	0.00671089	0	0	0	0	0	0	0	0	0	0	
0	0	0.00671089	0	0	0	0	0	0	0	0	0	
0	0	0	0.00671089	0	0	0	0	0	0	0	0	
0	0	0	0	0.00671089	0	0	0	0	0	0	0	
0	0	0	0	0	0.00671089	0	0	0	0	0	0	
0	0	0	0	0	0	0.00671089	0	0	0	0	0	
0	0	0	0	0	0	0	0.00671089	0	0	0	0	
0	0	0	0	0	0	0	0	0.00671089	0	0	0	
0	0	0	0	0	0	0	0	0	0.00671089	0	0	
0	0	0	0	0	0	0	0	0	0	0.00671089	0	
0	0	0	0	0	0	0	0	0	0	0	0.00671089	
***
>covarianceMatrix:
C
0.0256	0	0	0	
0	0.0256	0	0	
0	0	0.0256	0	
0	0	0	0.0256	
***
>covarianceMatrix:
D
0.0256	0	0	0	
0	0.0256	0	0	
0	0	0.0256	0	
0	0	0	0.0256	
***
>covarianceMatrix:
E
0.0256	0	0	0	
0	0.0256	0	0	
0	0	0.0256	0	
0	0	0	0.0256	
***
>covarianceMatrix:
F
0.0256	0	0	0	
0	0.0256	0	0	
0	0	0.0256	0	
0	0	0	0.0256	
***
>covarianceMatrix:
G
0.00671089	0	0	0	0	0	0	0	0	0	0	0	
0	0.00671089	0	0	0	0	0	0	0	0	0	0	
0	0	0.00671089	0	0	0	0	0	0	0	0	0	
0	0	0	0.00671089	0	0	0	0	0	0	0	0	
0	0	0	0	0.00671089	0	0	0	0	0	0	0	
0	0	0	0	0	0.00671089	0	0	0	0	0	0	
0	0	0	0	0	0	0.00671089	0	0	0	0	0	
0	0	0	0	0	0	0	0.00671089	0	0	0	0	
0	0	0	0	0	0	0	0	0.00671089	0	0	0	
0	0	0	0	0	0	0	0	0	0.00671089	0	0	
0	0	0	0	0	0	0	0	0	0	0.00671089	0	
0	0	0	0	0	0	0	0	0	0	0	0.00671089	
***
>covarianceMatrix:
H
0.0256	0	0	0	
0	0.0256	0	0	
0	0	0.0256	0	
0	0	0	0.0256	
***
>covarianceMatrix:
I
0.0131072	0	0	0	0	0	0	0	
0	0.0131072	0	0	0	0	0	0	
0	0	0.0131072	0	0	0	0	0	
0	0	0	0.0131072	0	0	0	0	
0	0	0	0	0.0131072	0	0	0	
0	0	0	0	0	0.0131072	0	0	
0	0	0	0	0	0	0.0131072	0	
0	0	0	0	0	0	0	0.0131072	
***
>covarianceMatrix:
K
0.0256	0	0	0	
0	0.0256	0	0	
0	0	0.0256	0	
0	0	0	0.0256	
***
>covarianceMatrix:
L
0.00175922	0	0	0	0	0	0	0	0	0	0	0	0	0	0	0	0	0	0	0	
0	0.00175922	0	0	0	0	0	0	0	0	0	0	0	0	0	0	0	0	0	0	
0	0	0.00175922	0	0	0	0	0	0	0	0	0	0	0	0	0	0	0	0	0	
0	0	0	0.00175922	0	0	0	0	0	0	0	0	0	0	0	0	0	0	0	0	
0	0	0	0	0.00175922	0	0	0	0	0	0	0	0	0	0	0	0	0	0	0	
0	0	0	0	0	0.00175922	0	0	0	0	0	0	0	0	0	0	0	0	0	0	
0	0	0	0	0	0	0.00175922	0	0	0	0	0	0	0	0	0	0	0	0	0	
0	0	0	0	0	0	0	0.00175922	0	0	0	0	0	0	0	0	0	0	0	0	
0	0	0	0	0	0	0	0	0.00175922	0	0	0	0	0	0	0	0	0	0	0	
0	0	0	0	0	0	0	0	0	0.00175922	0	0	0	0	0	0	0	0	0	0	
0	0	0	0	0	0	0	0	0	0	0.00175922	0	0	0	0	0	0	0	0	0	
0	0	0	0	0	0	0	0	0	0	0	0.00175922	0	0	0	0	0	0	0	0	
0	0	0	0	0	0	0	0	0	0	0	0	0.00175922	0	0	0	0	0	0	0	
0	0	0	0	0	0	0	0	0	0	0	0	0	0.00175922	0	0	0	0	0	0	
0	0	0	0	0	0	0	0	0	0	0	0	0	0	0.00175922	0	0	0	0	0	
0	0	0	0	0	0	0	0	0	0	0	0	0	0	0	0.00175922	0	0	0	0	
0	0	0	0	0	0	0	0	0	0	0	0	0	0	0	0	0.00175922	0	0	0	
0	0	0	0	0	0	0	0	0	0	0	0	0	0	0	0	0	0.00175922	0	0	
0	0	0	0	0	0	0	0	0	0	0	0	0	0	0	0	0	0	0.00175922	0	
0	0	0	0	0	0	0	0	0	0	0	0	0	0	0	0	0	0	0	0.00175922	
***
>covarianceMatrix:
M

***
>covarianceMatrix:
N
0.0256	0	0	0	
0	0.0256	0	0	
0	0	0.0256	0	
0	0	0	0.0256	
***
>covarianceMatrix:
P
0.00671089	0	0	0	0	0	0	0	0	0	0	0	
0	0.00671089	0	0	0	0	0	0	0	0	0	0	
0	0	0.00671089	0	0	0	0	0	0	0	0	0	
0	0	0	0.00671089	0	0	0	0	0	0	0	0	
0	0	0	0	0.00671089	0	0	0	0	0	0	0	
0	0	0	0	0	0.00671089	0	0	0	0	0	0	
0	0	0	0	0	0	0.00671089	0	0	0	0	0	
0	0	0	0	0	0	0	0.00671089	0	0	0	0	
0	0	0	0	0	0	0	0	0.00671089	0	0	0	
0	0	0	0	0	0	0	0	0	0.00671089	0	0	
0	0	0	0	0	0	0	0	0	0	0.00671089	0	
0	0	0	0	0	0	0	0	0	0	0	0.00671089	
***
>covarianceMatrix:
Q
0.0256	0	0	0	
0	0.0256	0	0	
0	0	0.0256	0	
0	0	0	0.0256	
***
>covarianceMatrix:
R
0.00175922	0	0	0	0	0	0	0	0	0	0	0	0	0	0	0	0	0	0	0	
0	0.00175922	0	0	0	0	0	0	0	0	0	0	0	0	0	0	0	0	0	0	
0	0	0.00175922	0	0	0	0	0	0	0	0	0	0	0	0	0	0	0	0	0	
0	0	0	0.00175922	0	0	0	0	0	0	0	0	0	0	0	0	0	0	0	0	
0	0	0	0	0.00175922	0	0	0	0	0	0	0	0	0	0	0	0	0	0	0	
0	0	0	0	0	0.00175922	0	0	0	0	0	0	0	0	0	0	0	0	0	0	
0	0	0	0	0	0	0.00175922	0	0	0	0	0	0	0	0	0	0	0	0	0	
0	0	0	0	0	0	0	0.00175922	0	0	0	0	0	0	0	0	0	0	0	0	
0	0	0	0	0	0	0	0	0.00175922	0	0	0	0	0	0	0	0	0	0	0	
0	0	0	0	0	0	0	0	0	0.00175922	0	0	0	0	0	0	0	0	0	0	
0	0	0	0	0	0	0	0	0	0	0.00175922	0	0	0	0	0	0	0	0	0	
0	0	0	0	0	0	0	0	0	0	0	0.00175922	0	0	0	0	0	0	0	0	
0	0	0	0	0	0	0	0	0	0	0	0	0.00175922	0	0	0	0	0	0	0	
0	0	0	0	0	0	0	0	0	0	0	0	0	0.00175922	0	0	0	0	0	0	
0	0	0	0	0	0	0	0	0	0	0	0	0	0	0.00175922	0	0	0	0	0	
0	0	0	0	0	0	0	0	0	0	0	0	0	0	0	0.00175922	0	0	0	0	
0	0	0	0	0	0	0	0	0	0	0	0	0	0	0	0	0.00175922	0	0	0	
0	0	0	0	0	0	0	0	0	0	0	0	0	0	0	0	0	0.00175922	0	0	
0	0	0	0	0	0	0	0	0	0	0	0	0	0	0	0	0	0	0.00175922	0	
0	0	0	0	0	0	0	0	0	0	0	0	0	0	0	0	0	0	0	0.00175922	
***
>covarianceMatrix:
S
0.00671089	0	0	0	0	0	0	0	0	0	0	0	
0	0.00671089	0	0	0	0	0	0	0	0	0	0	
0	0	0.00671089	0	0	0	0	0	0	0	0	0	
0	0	0	0.00671089	0	0	0	0	0	0	0	0	
0	0	0	0	0.00671089	0	0	0	0	0	0	0	
0	0	0	0	0	0.00671089	0	0	0	0	0	0	
0	0	0	0	0	0	0.00671089	0	0	0	0	0	
0	0	0	0	0	0	0	0.00671089	0	0	0	0	
0	0	0	0	0	0	0	0	0.00671089	0	0	0	
0	0	0	0	0	0	0	0	0	0.00671089	0	0	
0	0	0	0	0	0	0	0	0	0	0.00671089	0	
0	0	0	0	0	0	0	0	0	0	0	0.00671089	
***
>covarianceMatrix:
T
0.00671089	0	0	0	0	0	0	0	0	0	0	0	
0	0.00671089	0	0	0	0	0	0	0	0	0	0	
0	0	0.00671089	0	0	0	0	0	0	0	0	0	
0	0	0	0.00671089	0	0	0	0	0	0	0	0	
0	0	0	0	0.00671089	0	0	0	0	0	0	0	
0	0	0	0	0	0.00671089	0	0	0	0	0	0	
0	0	0	0	0	0	0.00671089	0	0	0	0	0	
0	0	0	0	0	0	0	0.00671089	0	0	0	0	
0	0	0	0	0	0	0	0	0.00671089	0	0	0	
0	0	0	0	0	0	0	0	0	0.00671089	0	0	
0	0	0	0	0	0	0	0	0	0	0.00671089	0	
0	0	0	0	0	0	0	0	0	0	0	0.00671089	
***
>covarianceMatrix:
V
0.00671089	0	0	0	0	0	0	0	0	0	0	0	
0	0.00671089	0	0	0	0	0	0	0	0	0	0	
0	0	0.00671089	0	0	0	0	0	0	0	0	0	
0	0	0	0.00671089	0	0	0	0	0	0	0	0	
0	0	0	0	0.00671089	0	0	0	0	0	0	0	
0	0	0	0	0	0.00671089	0	0	0	0	0	0	
0	0	0	0	0	0	0.00671089	0	0	0	0	0	
0	0	0	0	0	0	0	0.00671089	0	0	0	0	
0	0	0	0	0	0	0	0	0.00671089	0	0	0	
0	0	0	0	0	0	0	0	0	0.00671089	0	0	
0	0	0	0	0	0	0	0	0	0	0.00671089	0	
0	0	0	0	0	0	0	0	0	0	0	0.00671089	
***
>covarianceMatrix:
W

***
>covarianceMatrix:
Y
0.0256	0	0	0	
0	0.0256	0	0	
0	0	0.0256	0	
0	0	0	0.0256	
***
>covarianceMatrix:
Z
0.032	0	0	0	
0	0.032	0	0	
0	0	0.032	0	
0	0	0	0.032	
***
>covarianceMatrix:
X
1	0	0	0	0	0	0	0	
0	1	0	0	0	0	0	0	
0	0	1	0	0	0	0	0	
0	0	0	1	0	0	0	0	
0	0	0	0	1	0	0	0	
0	0	0	0	0	1	0	0	
0	0	0	0	0	0	1	0	
0	0	0	0	0	0	0	1	
***
>std_csp:
0.0512 0.0512 0.0512 0.0512 0.0512 0.0512 0.0512 0.0512 0.0512 0.0512
0.0512 0.0512 0.0512 0.0512 0.0512 0.0512 0.0512 0.0512 0.0512 0.0512
0.0512 0.0512 0.0512 0.0512 0.0512 0.0512 0.0512 0.0512 0.0512 0.0512
0.0512 0.0512 0.0512 0.0512 0.0512 0.0512 0.0512 0.0512 0.0512 0.064
>currentMutationParameter:
***
-0.773759 1.67198 -0.91686 -0.0783677 -1.68951 1.1064 -0.835838 -1.68003 -1.51687 1.22808
0.966435 1.1305 1.85109 1.21114 0.862578 1.44433 1.46723 -1.29428 0.665555 1.38121
-1.94438 2.25305 0.683502 1.67248 1.09548 0.0541442 -0.361506 0.427855 -0.91091 1.03056
-0.728916 -0.424417 -0.70253 1.71626 -0.830452 0.311636 1.63472 0.674641 -0.437127 0.639996
***
0.715671 -1.24901 -1.35873 2.14713 -1.09467 -1.41805 1.47718 -0.816579 -0.703756 -0.8614
1.35729 2.16854 -1.74856 0.0427999 0.128036 0.317565 0.736598 0.186424 -0.341807 -1.37093
-1.15673 0.423562 -0.350756 1.64271 -1.02678 0.466872 -0.644751 0.871792 -0.866652 0.698668
-1.00062 -1.81709 0.177091 0.989875 0.225553 0.622645 -1.65836 1.13755 1.02636 1.97326
>currentSelectionParameter:
***
-1.04548 -1.22875 -0.585629 -2.1878 -2.07282 0.29522 2.04467 -1.70184 -0.616699 0.173288
1.71626 1.66373 0.608631 0.991103 -0.275597 -0.213658 -0.431661 -2.52921 -2.47589 0.0777008
-0.72806 0.0226618 -1.4898 1.16124 -1.51454 -1.27633 1.61701 1.57541 -1.21558 1.82845
0.271407 1.30275 0.417466 2.50323 -0.826073 1.59477 2.1272 0.468172 -1.6717 0.844068
***
0.408711 0.675758 1.17307 0.831786 1.13676 0.488492 0.0389547 -1.28914 0.281513 -1.16703
0.784245 -0.674996 -0.909335 1.11866 -0.025505 -0.655419 0.243304 0.685835 -1.04076 1.1472
0.552384 -0.481668 -0.0415685 -0.509271 -0.709044 -0.985665 -0.179833 0.374954 0.0601456 0.260223
0.411126 -0.355382 0.644795 -0.629811 -0.390971 0.828644 0.150016 -0.877779 -0.178751 1.24877
