>Sphi:
1.07868
>Aphi:
3.10504e+231
>numParam:
40
>numMixtures:
2
>std_sphi:
0.08
>std_phi:
***
0.248832 0.248832 0.248832 0.20736 0.248832 0.20736 0.248832 0.248832 0.248832 0.248832
0.248832 0.248832 0.248832 0.248832 0.248832 0.20736 0.248832 0.248832 0.248832 0.248832
0.248832 0.248832 0.248832 0.248832 0.248832 0.248832 0.248832 0.248832 0.248832 0.248832
0.248832 0.248832 0.248832 0.20736 0.248832 0.20736 0.248832 0.248832 0.248832 0.20736
0.248832 0.248832 0.248832 0.248832 0.248832 0.248832 0.248832 0.248832 0.248832 0.248832
0.248832 0.248832 0.248832 0.248832 0.248832 0.20736 0.248832 0.20736 0.248832 0.248832
0.20736 0.248832 0.248832 0.248832 0.248832 0.248832 0.20736 0.248832 0.248832 0.248832
0.248832 0.248832 0.248832 0.248832 0.20736 0.20736 0.248832 0.248832 0.248832 0.248832
0.248832 0.248832 0.20736 0.248832 0.248832 0.1728 0.20736 0.248832 0.248832 0.248832
0.248832 0.248832 0.248832 0.248832 0.1728 0.20736 0.248832 0.248832 0.248832 0.248832
0.248832 0.248832 0.248832 0.248832 0.20736 0.248832 0.248832 0.248832 0.248832 0.248832
0.248832 0.248832 0.248832 0.248832 0.248832 0.248832 0.20736 0.248832 0.248832 0.248832
0.20736 0.248832 0.248832 0.248832 0.248832 0.248832 0.20736 0.248832 0.1728 0.248832
0.248832 0.248832 0.248832 0.248832 0.248832 0.248832 0.165888 0.248832 0.248832 0.248832
0.1728 0.248832 0.248832 0.248832 0.248832 0.248832 0.248832 0.248832 0.248832 0.20736
0.248832 0.248832 0.248832 0.248832 0.1728 0.248832 0.248832 0.248832 0.248832 0.20736
0.20736 0.248832 0.165888 0.248832 0.248832 0.248832 0.248832 0.248832 0.248832 0.248832
0.20736 0.248832 0.248832 0.20736 0.248832 0.20736 0.248832 0.248832 0.248832 0.248832
0.248832 0.1728 0.248832 0.248832 0.248832 0.248832 0.248832 0.248832 0.20736 0.20736
0.248832 0.248832 0.248832 0.248832 0.20736 0.248832 0.248832 0.248832 0.248832 0.248832
0.248832 0.248832 0.20736 0.248832 0.248832 0.248832 0.248832 0.248832 0.248832 0.248832
0.248832 0.248832 0.248832 0.20736 0.248832 0.248832 0.248832 0.248832 0.248832 0.248832
0.248832 0.248832 0.20736 0.248832 0.248832 0.248832 0.248832 0.248832 0.248832 0.248832
0.248832 0.20736 0.248832 0.20736 0.20736 0.248832 0.248832 0.248832 0.248832 0.248832
0.248832 0.248832 0.248832 0.248832 0.248832 0.248832 0.248832 0.248832 0.248832 0.248832
0.248832 0.248832 0.248832 0.248832 0.248832 0.248832 0.248832 0.248832 0.248832 0.20736
0.248832 0.248832 0.20736 0.248832 0.20736 0.248832 0.20736 0.248832 0.248832 0.248832
0.248832 0.248832 0.248832 0.248832 0.248832 0.248832 0.248832 0.248832 0.248832 0.248832
0.248832 0.248832 0.248832 0.248832 0.248832 0.248832 0.248832 0.248832 0.248832 0.20736
0.248832 0.248832 0.248832 0.165888 0.248832 0.248832 0.248832 0.1728 0.248832 0.248832
0.248832 0.248832 0.248832 0.248832 0.1728 0.248832 0.248832 0.248832 0.248832 0.248832
0.248832 0.20736 0.248832 0.248832 0.248832 0.20736 0.248832 0.248832 0.248832 0.248832
0.20736 0.248832 0.248832 0.248832 0.248832 0.248832 0.248832 0.248832 0.248832 0.248832
0.248832 0.248832 0.20736 0.248832 0.248832 0.248832 0.248832 0.248832 0.248832 0.248832
0.248832 0.248832 0.248832 0.248832 0.248832 0.248832 0.248832 0.248832 0.248832 0.248832
0.248832 0.248832 0.248832 0.248832 0.248832 0.248832 0.248832 0.248832 0.248832 0.248832
0.248832 0.248832 0.248832 0.248832 0.248832 0.248832 0.248832 0.248832 0.20736 0.248832
0.248832 0.248832 0.248832 0.248832 0.20736 0.248832 0.248832 0.248832 0.248832 0.248832
0.20736 0.248832 0.248832 0.248832 0.248832 0.248832 0.248832 0.248832 0.248832 0.20736
0.248832 0.248832 0.248832 0.248832 0.248832 0.248832 0.20736 0.248832 0.248832 0.248832
0.20736 0.248832 0.20736 0.20736 0.248832 0.248832 0.248832 0.248832 0.248832 0.248832
0.248832 0.248832 0.248832 0.248832 0.20736 0.20736 0.248832 0.1728 0.248832 0.248832
0.248832 0.248832 0.248832 0.248832 0.248832 0.248832 0.248832 0.248832 0.248832 0.248832
0.248832 0.248832 0.248832 0.248832 0.248832 0.248832 0.248832 0.248832 0.248832 0.165888
0.248832 0.248832 0.248832 0.248832 0.248832 0.248832 0.248832 0.248832 0.248832 0.248832
0.248832 0.248832 0.248832 0.248832 0.248832 0.248832 0.248832 0.248832 0.248832 0.248832
0.20736 0.20736 0.248832 0.248832 0.248832 0.248832 0.248832 0.248832 0.248832 0.248832
0.20736 0.248832 0.248832 0.248832 0.248832 0.248832 0.248832 0.248832 0.248832 0.248832
0.248832 0.20736 0.248832 0.248832 0.248832 0.248832 0.248832 0.248832 0.248832 0.248832
0.248832 0.248832 0.248832 0.248832 0.248832 0.248832 0.248832 0.248832 0.248832 0.248832
0.248832 0.248832 0.248832 0.248832 0.248832 0.248832 0.248832 0.248832 0.248832 0.248832
0.248832 0.248832 0.248832 0.248832 0.248832 0.248832 0.248832 0.248832 0.248832 0.248832
0.248832 0.248832 0.248832 0.248832 0.248832 0.248832 0.248832 0.248832 0.248832 0.248832
0.248832 0.248832 0.248832 0.248832 0.248832 0.248832 0.248832 0.248832 0.248832 0.248832
0.248832 0.248832 0.248832 0.248832 0.248832 0.248832 0.248832 0.248832 0.248832 0.248832
0.248832 0.248832 0.248832 0.248832 0.248832 0.248832 0.248832 0.248832 0.248832 0.248832
0.248832 0.248832 0.248832 0.248832 0.248832 0.248832 0.248832 0.248832 0.248832 0.248832
0.248832 0.248832 0.248832 0.248832 0.248832 0.248832 0.248832 0.248832 0.248832 0.248832
0.248832 0.248832 0.248832 0.248832 0.248832 0.248832 0.248832 0.248832 0.248832 0.248832
0.248832 0.248832 0.248832 0.248832 0.248832 0.248832 0.248832 0.248832 0.248832 0.248832
0.248832 0.248832 0.248832 0.248832 0.248832 0.248832 0.248832 0.248832 0.248832 0.248832
0.248832 0.248832 0.248832 0.248832 0.248832 0.248832 0.248832 0.248832 0.248832 0.248832
0.248832 0.248832 0.248832 0.248832 0.248832 0.248832 0.248832 0.248832 0.248832 0.248832
0.248832 0.248832 0.248832 0.248832 0.248832 0.248832 0.248832 0.248832 0.248832 0.248832
0.248832 0.248832 0.248832 0.248832 0.248832 0.248832 0.248832 0.248832 0.248832 0.248832
0.248832 0.248832 0.248832 0.248832 0.248832 0.248832 0.248832 0.248832 0.248832 0.248832
0.248832 0.248832 0.248832 0.248832 0.248832 0.248832 0.248832 0.248832 0.248832 0.248832
0.248832 0.248832 0.248832 0.248832 0.248832 0.248832 0.248832 0.248832 0.248832 0.248832
0.248832 0.248832 0.248832 0.248832 0.248832 0.248832 0.248832 0.248832 0.248832 0.248832
0.248832 0.248832 0.248832 0.248832 0.248832 0.248832 0.248832 0.248832 0.248832 0.248832
0.248832 0.248832 0.248832 0.248832 0.248832 0.248832 0.248832 0.248832 0.248832 0.248832
0.248832 0.248832 0.248832 0.248832 0.248832 0.248832 0.248832 0.248832 0.248832 0.248832
0.248832 0.248832 0.248832 0.248832 0.248832 0.248832 0.248832 0.248832 0.248832 0.248832
0.248832 0.248832 0.248832 0.248832 0.248832 0.248832 0.248832 0.248832 0.248832 0.248832
0.248832 0.248832 0.248832 0.248832 0.248832 0.248832 0.248832 0.248832 0.248832 0.248832
0.248832 0.248832 0.248832 0.248832 0.248832 0.248832 0.248832 0.248832 0.248832 0.248832
0.248832 0.248832 0.248832 0.248832 0.248832 0.248832 0.248832 0.248832 0.248832 0.248832
0.248832 0.248832 0.248832 0.248832 0.248832 0.248832 0.248832 0.248832 0.248832 0.248832
0.248832 0.248832 0.248832 0.248832 0.248832 0.248832 0.248832 0.248832 0.248832 0.248832
0.248832 0.248832 0.248832 0.248832 0.248832 0.248832 0.248832 0.248832 0.248832 0.248832
0.248832 0.248832 0.248832 0.248832 0.248832 0.248832 0.248832 0.248832 0.248832 0.248832
0.248832 0.248832 0.248832 0.248832 0.248832 0.248832 0.248832 0.248832 0.248832 0.248832
0.248832 0.248832 0.248832 0.248832 0.248832 0.248832 0.248832 0.248832 0.248832 0.248832
0.248832 0.248832 0.248832 0.248832 0.248832 0.248832 0.248832 0.248832 0.248832 0.248832
0.248832 0.248832 0.248832 0.248832 0.248832 0.248832 0.248832 0.248832 0.248832 0.248832
0.248832 0.248832 0.248832 0.248832 0.248832 0.248832 0.248832 0.248832 0.248832 0.248832
0.248832 0.248832 0.248832 0.248832 0.248832 0.248832 0.248832 0.248832 0.248832 0.248832
0.248832 0.248832 0.248832 0.248832 0.248832 0.248832 0.248832 0.248832 0.248832 0.248832
0.248832 0.248832 0.248832 0.248832 0.248832 0.248832 0.248832 0.248832 0.248832 0.248832
0.248832 0.248832 0.248832 0.248832 0.248832 0.248832 0.248832 0.248832 0.248832 0.248832
0.248832 0.248832 0.248832 0.248832 0.248832 0.248832 0.248832 0.248832 0.248832 0.248832
0.248832 0.248832 0.248832 0.248832 0.248832 0.248832 0.248832 0.248832 0.248832 0.248832
0.248832 0.248832 0.248832 0.248832 0.248832 0.248832 0.248832 0.248832 0.248832 0.248832
0.248832 0.248832 0.248832 0.248832 0.248832 0.248832 0.248832 0.248832 0.248832 0.248832
0.248832 0.248832 0.248832 0.248832 0.248832 0.248832 0.248832 0.248832 0.248832 0.248832
0.248832 0.248832 0.248832 0.248832 0.248832 0.248832 0.248832 0.248832 0.248832 0.248832
0.248832 0.248832 0.248832 0.248832 0.248832 0.248832 0.248832 0.248832 0.248832 0.248832
0.248832 0.248832 0.248832 0.248832 0.248832 0.248832 0.248832 0.248832 0.248832 0.248832
0.248832 0.248832 0.248832 0.248832 0.248832 0.248832 0.248832 0.248832 0.248832 0.248832
0.248832 0.248832 0.248832 0.248832 0.248832 0.248832 0.248832 0.248832 0.248832 0.248832
***
0.248832 0.248832 0.248832 0.248832 0.248832 0.248832 0.248832 0.248832 0.248832 0.248832
0.248832 0.248832 0.248832 0.248832 0.248832 0.248832 0.248832 0.248832 0.248832 0.248832
0.248832 0.248832 0.248832 0.248832 0.248832 0.248832 0.248832 0.248832 0.248832 0.248832
0.248832 0.248832 0.248832 0.248832 0.248832 0.248832 0.248832 0.248832 0.248832 0.248832
0.248832 0.248832 0.248832 0.248832 0.248832 0.248832 0.248832 0.248832 0.248832 0.248832
0.248832 0.248832 0.248832 0.248832 0.248832 0.248832 0.248832 0.248832 0.248832 0.248832
0.248832 0.248832 0.248832 0.248832 0.248832 0.248832 0.248832 0.248832 0.248832 0.248832
0.248832 0.248832 0.248832 0.248832 0.248832 0.248832 0.248832 0.248832 0.248832 0.248832
0.248832 0.248832 0.248832 0.248832 0.248832 0.248832 0.248832 0.248832 0.248832 0.248832
0.248832 0.248832 0.248832 0.248832 0.248832 0.248832 0.248832 0.248832 0.248832 0.248832
0.248832 0.248832 0.248832 0.248832 0.248832 0.248832 0.248832 0.248832 0.248832 0.248832
0.248832 0.248832 0.248832 0.248832 0.248832 0.248832 0.248832 0.248832 0.248832 0.248832
0.248832 0.248832 0.248832 0.248832 0.248832 0.248832 0.248832 0.248832 0.248832 0.248832
0.248832 0.248832 0.248832 0.248832 0.248832 0.248832 0.248832 0.248832 0.248832 0.248832
0.248832 0.248832 0.248832 0.248832 0.248832 0.248832 0.248832 0.248832 0.248832 0.248832
0.248832 0.248832 0.248832 0.248832 0.248832 0.248832 0.248832 0.248832 0.248832 0.248832
0.248832 0.248832 0.248832 0.248832 0.248832 0.248832 0.248832 0.248832 0.248832 0.248832
0.248832 0.248832 0.248832 0.248832 0.248832 0.248832 0.248832 0.248832 0.248832 0.248832
0.248832 0.248832 0.248832 0.248832 0.248832 0.248832 0.248832 0.248832 0.248832 0.248832
0.248832 0.248832 0.248832 0.248832 0.248832 0.248832 0.248832 0.248832 0.248832 0.248832
0.248832 0.248832 0.248832 0.248832 0.248832 0.248832 0.248832 0.248832 0.248832 0.248832
0.248832 0.248832 0.248832 0.248832 0.248832 0.248832 0.248832 0.248832 0.248832 0.248832
0.248832 0.248832 0.248832 0.248832 0.248832 0.248832 0.248832 0.248832 0.248832 0.248832
0.248832 0.248832 0.248832 0.248832 0.248832 0.248832 0.248832 0.248832 0.248832 0.248832
0.248832 0.248832 0.248832 0.248832 0.248832 0.248832 0.248832 0.248832 0.248832 0.248832
0.248832 0.248832 0.248832 0.248832 0.248832 0.248832 0.248832 0.248832 0.248832 0.248832
0.248832 0.248832 0.248832 0.248832 0.248832 0.248832 0.248832 0.248832 0.248832 0.248832
0.248832 0.248832 0.248832 0.248832 0.248832 0.248832 0.248832 0.248832 0.248832 0.248832
0.248832 0.248832 0.248832 0.248832 0.248832 0.248832 0.248832 0.248832 0.248832 0.248832
0.248832 0.248832 0.248832 0.248832 0.248832 0.248832 0.248832 0.248832 0.248832 0.248832
0.248832 0.248832 0.248832 0.248832 0.248832 0.248832 0.248832 0.248832 0.248832 0.248832
0.248832 0.248832 0.248832 0.248832 0.248832 0.248832 0.248832 0.248832 0.248832 0.248832
0.248832 0.248832 0.248832 0.248832 0.248832 0.248832 0.248832 0.248832 0.248832 0.248832
0.248832 0.248832 0.248832 0.248832 0.248832 0.248832 0.248832 0.248832 0.248832 0.248832
0.248832 0.248832 0.248832 0.248832 0.248832 0.248832 0.248832 0.248832 0.248832 0.248832
0.248832 0.248832 0.248832 0.248832 0.248832 0.248832 0.248832 0.248832 0.248832 0.248832
0.248832 0.248832 0.248832 0.248832 0.248832 0.248832 0.248832 0.248832 0.248832 0.248832
0.248832 0.248832 0.248832 0.248832 0.248832 0.248832 0.248832 0.248832 0.248832 0.248832
0.248832 0.248832 0.248832 0.248832 0.248832 0.248832 0.248832 0.248832 0.248832 0.248832
0.248832 0.248832 0.248832 0.248832 0.248832 0.248832 0.248832 0.248832 0.248832 0.248832
0.248832 0.248832 0.248832 0.248832 0.248832 0.248832 0.248832 0.248832 0.248832 0.248832
0.248832 0.248832 0.248832 0.248832 0.248832 0.248832 0.248832 0.248832 0.248832 0.248832
0.248832 0.248832 0.248832 0.248832 0.248832 0.248832 0.248832 0.248832 0.248832 0.248832
0.248832 0.248832 0.248832 0.248832 0.248832 0.248832 0.248832 0.248832 0.248832 0.248832
0.248832 0.248832 0.248832 0.248832 0.248832 0.248832 0.248832 0.248832 0.248832 0.248832
0.248832 0.248832 0.248832 0.248832 0.248832 0.248832 0.248832 0.248832 0.248832 0.248832
0.248832 0.248832 0.248832 0.248832 0.248832 0.248832 0.248832 0.248832 0.248832 0.248832
0.248832 0.248832 0.248832 0.248832 0.248832 0.248832 0.248832 0.248832 0.248832 0.248832
0.248832 0.248832 0.248832 0.248832 0.248832 0.248832 0.248832 0.248832 0.248832 0.248832
0.248832 0.248832 0.248832 0.248832 0.248832 0.248832 0.248832 0.248832 0.248832 0.248832
0.248832 0.1728 0.13824 0.1728 0.248832 0.248832 0.248832 0.248832 0.248832 0.165888
0.13824 0.248832 0.1152 0.248832 0.248832 0.248832 0.248832 0.248832 0.1728 0.248832
0.248832 0.248832 0.248832 0.248832 0.248832 0.248832 0.248832 0.20736 0.248832 0.248832
0.1728 0.248832 0.248832 0.1728 0.248832 0.248832 0.248832 0.248832 0.1728 0.1728
0.248832 0.248832 0.20736 0.248832 0.248832 0.248832 0.248832 0.248832 0.248832 0.248832
0.20736 0.248832 0.248832 0.248832 0.248832 0.144 0.248832 0.248832 0.1728 0.248832
0.248832 0.144 0.248832 0.1728 0.20736 0.248832 0.248832 0.1728 0.144 0.144
0.20736 0.248832 0.20736 0.248832 0.248832 0.248832 0.248832 0.248832 0.248832 0.248832
0.144 0.248832 0.248832 0.248832 0.248832 0.248832 0.248832 0.248832 0.144 0.248832
0.248832 0.248832 0.248832 0.20736 0.248832 0.248832 0.248832 0.1728 0.248832 0.248832
0.248832 0.248832 0.248832 0.248832 0.248832 0.144 0.248832 0.248832 0.248832 0.248832
0.248832 0.1728 0.248832 0.248832 0.248832 0.248832 0.248832 0.20736 0.20736 0.248832
0.144 0.248832 0.144 0.1728 0.1728 0.248832 0.248832 0.248832 0.248832 0.248832
0.248832 0.248832 0.144 0.248832 0.248832 0.248832 0.144 0.248832 0.248832 0.248832
0.248832 0.144 0.20736 0.1728 0.248832 0.248832 0.248832 0.248832 0.248832 0.248832
0.248832 0.248832 0.20736 0.248832 0.165888 0.248832 0.20736 0.248832 0.248832 0.144
0.248832 0.248832 0.20736 0.248832 0.248832 0.13824 0.248832 0.248832 0.248832 0.248832
0.13824 0.248832 0.1728 0.248832 0.248832 0.20736 0.248832 0.248832 0.248832 0.248832
0.248832 0.248832 0.1728 0.248832 0.248832 0.248832 0.1728 0.248832 0.248832 0.20736
0.248832 0.165888 0.144 0.248832 0.20736 0.1152 0.248832 0.20736 0.248832 0.248832
0.248832 0.20736 0.248832 0.1728 0.248832 0.1728 0.248832 0.1728 0.248832 0.248832
0.1728 0.144 0.248832 0.144 0.248832 0.248832 0.1728 0.248832 0.248832 0.248832
0.248832 0.248832 0.248832 0.248832 0.248832 0.248832 0.248832 0.248832 0.248832 0.248832
0.248832 0.248832 0.1728 0.248832 0.13824 0.248832 0.248832 0.248832 0.248832 0.248832
0.248832 0.248832 0.20736 0.248832 0.248832 0.20736 0.248832 0.144 0.248832 0.248832
0.248832 0.248832 0.248832 0.248832 0.248832 0.248832 0.1728 0.248832 0.248832 0.248832
0.248832 0.248832 0.12 0.248832 0.248832 0.20736 0.248832 0.165888 0.248832 0.248832
0.1728 0.248832 0.248832 0.1728 0.248832 0.248832 0.248832 0.248832 0.248832 0.248832
0.248832 0.144 0.248832 0.248832 0.12 0.20736 0.13824 0.144 0.248832 0.20736
0.248832 0.248832 0.1728 0.248832 0.20736 0.248832 0.248832 0.248832 0.248832 0.248832
0.248832 0.248832 0.1728 0.165888 0.248832 0.248832 0.248832 0.248832 0.20736 0.248832
0.248832 0.20736 0.248832 0.248832 0.248832 0.20736 0.248832 0.1728 0.248832 0.20736
0.248832 0.248832 0.248832 0.248832 0.248832 0.248832 0.248832 0.248832 0.20736 0.248832
0.248832 0.248832 0.248832 0.248832 0.1728 0.20736 0.248832 0.248832 0.248832 0.248832
0.248832 0.248832 0.20736 0.1728 0.248832 0.20736 0.248832 0.248832 0.248832 0.20736
0.248832 0.1728 0.248832 0.248832 0.248832 0.248832 0.248832 0.248832 0.248832 0.248832
0.1728 0.248832 0.248832 0.20736 0.248832 0.20736 0.248832 0.144 0.248832 0.20736
0.248832 0.248832 0.248832 0.1728 0.248832 0.248832 0.165888 0.248832 0.248832 0.248832
0.248832 0.248832 0.248832 0.248832 0.248832 0.248832 0.248832 0.248832 0.248832 0.248832
0.248832 0.248832 0.248832 0.248832 0.248832 0.12 0.13824 0.248832 0.248832 0.20736
0.248832 0.248832 0.20736 0.248832 0.248832 0.248832 0.1728 0.248832 0.248832 0.248832
0.248832 0.248832 0.248832 0.144 0.20736 0.20736 0.12 0.248832 0.248832 0.248832
0.248832 0.144 0.248832 0.248832 0.1728 0.248832 0.248832 0.248832 0.248832 0.248832
0.248832 0.248832 0.12 0.248832 0.248832 0.20736 0.248832 0.248832 0.248832 0.248832
0.248832 0.248832 0.1728 0.248832 0.248832 0.248832 0.248832 0.1728 0.20736 0.248832
0.144 0.20736 0.1728 0.1728 0.248832 0.248832 0.1728 0.248832 0.248832 0.1728
0.248832 0.248832 0.248832 0.248832 0.248832 0.248832 0.248832 0.20736 0.248832 0.20736
0.248832 0.248832 0.248832 0.248832 0.248832 0.248832 0.1728 0.248832 0.248832 0.248832
0.248832 0.248832 0.248832 0.248832 0.248832 0.165888 0.20736 0.20736 0.1728 0.1152
0.248832 0.144 0.248832 0.248832 0.20736 0.248832 0.248832 0.248832 0.248832 0.248832
>categories:
0 0
1 1
>mixtureAssignment:
0 0 0 0 0 0 0 0 0 0 0 0 0 0 0 0 0 0 0 0 0 0 0 0 0 0 0 0 0 0 0 0 0 0 0 0 0 0 0 0 0 0 0 0 0 0 0 0 0 0
0 0 0 0 0 0 0 0 0 0 0 0 0 0 0 0 0 0 0 0 0 0 0 0 0 0 0 0 0 0 0 0 0 0 0 0 0 0 0 0 0 0 0 0 0 0 0 0 0 0
0 0 0 0 0 0 0 0 0 0 0 0 0 0 0 0 0 0 0 0 0 0 0 0 0 0 0 0 0 0 0 0 0 0 0 0 0 0 0 0 0 0 0 0 0 0 0 0 0 0
0 0 0 0 0 0 0 0 0 0 0 0 0 0 0 0 0 0 0 0 0 0 0 0 0 0 0 0 0 0 0 0 0 0 0 0 0 0 0 0 0 0 0 0 0 0 0 0 0 0
0 0 0 0 0 0 0 0 0 0 0 0 0 0 0 0 0 0 0 0 0 0 0 0 0 0 0 0 0 0 0 0 0 0 0 0 0 0 0 0 0 0 0 0 0 0 0 0 0 0
0 0 0 0 0 0 0 0 0 0 0 0 0 0 0 0 0 0 0 0 0 0 0 0 0 0 0 0 0 0 0 0 0 0 0 0 0 0 0 0 0 0 0 0 0 0 0 0 0 0
0 0 0 0 0 0 0 0 0 0 0 0 0 0 0 0 0 0 0 0 0 0 0 0 0 0 0 0 0 0 0 0 0 0 0 0 0 0 0 0 0 0 0 0 0 0 0 0 0 0
0 0 0 0 0 0 0 0 0 0 0 0 0 0 0 0 0 0 0 0 0 0 0 0 0 0 0 0 0 0 0 0 0 0 0 0 0 0 0 0 0 0 0 0 0 0 0 0 0 0
0 0 0 0 0 0 0 0 0 0 0 0 0 0 0 0 0 0 0 0 0 0 0 0 0 0 0 0 0 0 0 0 0 0 0 0 0 0 0 0 0 0 0 0 0 0 0 0 0 0
0 0 0 0 0 0 0 0 0 0 0 0 0 0 0 0 0 0 0 0 0 0 0 0 0 0 0 0 0 0 0 0 0 0 0 0 0 0 0 0 0 0 0 0 0 0 0 0 0 0
1 1 1 1 1 1 1 1 1 1 1 1 1 1 1 1 1 1 1 1 1 1 1 1 1 1 1 1 1 1 1 1 1 1 1 1 1 1 1 1 1 1 1 1 1 1 1 1 1 1
1 1 1 1 1 1 1 1 1 1 1 1 1 1 1 1 1 1 1 1 1 1 1 1 1 1 1 1 1 1 1 1 1 1 1 1 1 1 1 1 1 1 1 1 1 1 1 1 1 1
1 1 1 1 1 1 1 1 1 1 1 1 1 1 1 1 1 1 1 1 1 1 1 1 1 1 1 1 1 1 1 1 1 1 1 1 1 1 1 1 1 1 1 1 1 1 1 1 1 1
1 1 1 1 1 1 1 1 1 1 1 1 1 1 1 1 1 1 1 1 1 1 1 1 1 1 1 1 1 1 1 1 1 1 1 1 1 1 1 1 1 1 1 1 1 1 1 1 1 1
1 1 1 1 1 1 1 1 1 1 1 1 1 1 1 1 1 1 1 1 1 1 1 1 1 1 1 1 1 1 1 1 1 1 1 1 1 1 1 1 1 1 1 1 1 1 1 1 1 1
1 1 1 1 1 1 1 1 1 1 1 1 1 1 1 1 1 1 1 1 1 1 1 1 1 1 1 1 1 1 1 1 1 1 1 1 1 1 1 1 1 1 1 1 1 1 1 1 1 1
1 1 1 1 1 1 1 1 1 1 1 1 1 1 1 1 1 1 1 1 1 1 1 1 1 1 1 1 1 1 1 1 1 1 1 1 1 1 1 1 1 1 1 1 1 1 1 1 1 1
1 1 1 1 1 1 1 1 1 1 1 1 1 1 1 1 1 1 1 1 1 1 1 1 1 1 1 1 1 1 1 1 1 1 1 1 1 1 1 1 1 1 1 1 1 1 1 1 1 1
1 1 1 1 1 1 1 1 1 1 1 1 1 1 1 1 1 1 1 1 1 1 1 1 1 1 1 1 1 1 1 1 1 1 1 1 1 1 1 1 1 1 1 1 1 1 1 1 1 1
1 1 1 1 1 1 1 1 1 1 1 1 1 1 1 1 1 1 1 1 1 1 1 1 1 1 1 1 1 1 1 1 1 1 1 1 1 1 1 1 1 1 1 1 1 1 1 1 1 1
>numMutationCategories:
2
>numSelectionCategories:
2
>categoryProbabilities:
0.496625 0.503375 
>selectionIsInMixture:
***
0 
***
1 
>mutationIsInMixture:
***
0 
***
1 
>currentSynthesisRateLevel:
***
0.496438 1.25235 0.645162 0.662325 1.13828 0.664314 0.0339299 0.599114 0.789857 0.307717
1.8232 0.320606 0.136578 0.7182 0.45304 2.18622 0.29081 0.119563 0.829215 1.39002
0.322815 0.524573 1.3374 1.20248 1.2523 0.116219 0.261676 0.3482 0.0615052 0.97152
0.335767 0.146149 3.13134 1.31838 1.02759 1.59839 0.151972 1.23334 2.47107 2.48074
0.411046 0.951909 0.731969 0.0847577 2.10915 0.681571 2.82464 0.399868 1.24864 3.43881
0.128811 0.643072 0.34304 0.293783 0.267116 1.16095 0.628657 1.84367 0.466251 0.357193
0.843806 0.130765 0.362732 0.377564 0.166103 0.995892 1.10825 0.291053 0.118389 0.0913294
0.270067 0.450186 0.335656 0.591445 1.32306 0.763013 0.520071 0.252983 0.502676 0.0735389
0.723242 0.0847785 2.30546 0.651873 0.0535191 1.59354 0.916779 0.566348 0.435233 2.44392
0.728494 0.0893843 0.141539 0.634022 3.2147 2.11108 0.235209 0.0478515 0.465833 0.597672
0.244717 0.229394 0.795575 0.381404 1.35455 2.43225 3.71109 1.00483 1.56583 1.95968
3.91024 3.15141 0.168458 0.87767 0.635179 0.20888 0.934403 0.229983 0.136579 0.259545
2.85227 1.68414 0.914725 0.284225 0.213501 0.41225 0.916928 0.313658 2.42882 0.117201
0.125024 0.209848 0.169165 0.712534 0.389882 3.18028 1.29469 0.0874261 1.59893 0.197606
2.1361 0.283437 0.463387 0.838622 0.402946 0.251049 0.181957 1.22859 0.362933 2.1463
0.0205233 0.244459 0.128937 1.59155 2.38289 0.359313 0.0820553 0.344675 2.76348 1.49997
1.62716 0.224811 1.17262 0.49144 0.427382 0.67039 0.270022 1.26524 0.190718 0.253647
0.885057 3.17471 0.143645 1.44678 0.330185 2.48907 0.482089 1.3427 0.0240082 0.151447
1.4212 2.18705 0.347226 0.0180852 4.2116 0.165131 0.338776 0.720856 4.16023 3.44612
0.837343 1.53366 0.365775 0.749902 0.856082 0.125159 0.198376 4.48326 0.105716 0.158743
1.45668 0.379821 1.00329 0.575586 0.321716 0.153754 0.953477 2.45445 0.843726 2.25634
1.1348 0.766277 0.124729 2.20626 0.534276 1.36515 1.13797 1.59715 0.650743 0.0506861
0.407721 0.637012 0.770191 0.139638 1.159 0.837238 0.138738 0.257755 0.597838 0.230241
0.413919 1.97846 0.0388207 1.24648 2.05422 1.8896 0.731623 0.361542 0.0853918 0.032308
0.434474 1.11569 0.848711 1.06505 0.184231 0.581211 0.920855 0.191309 0.230015 0.218696
0.213864 0.436847 0.236247 0.167024 0.607521 0.953607 0.656636 0.850308 0.209567 2.79655
0.231567 0.168012 0.855405 0.527901 1.86027 0.63229 0.832613 0.790236 0.0921147 3.3016
1.43503 2.11786 0.4235 0.0218468 0.0913963 0.0930838 0.702562 0.289154 0.335143 0.741707
0.468766 2.63191 0.119851 0.79687 0.0295944 1.11782 0.0431536 0.618641 0.401809 0.855061
0.262528 0.40942 0.119703 3.46848 0.051097 2.69325 0.0968113 2.19337 0.316732 0.148262
1.66055 0.107018 0.927134 0.593764 2.43047 1.5263 4.43361 0.224808 0.103863 3.29449
0.400169 3.1684 0.630617 0.0498448 0.0835 0.884545 1.01521 0.152452 1.31076 0.322299
2.99312 0.194826 0.532619 0.216544 0.0407111 0.05275 0.222941 0.545039 3.40407 0.109427
0.166076 1.36352 1.44143 0.210998 0.180319 0.532513 1.22952 0.236556 0.280797 3.12545
1.26501 0.641974 0.47542 0.131974 1.16675 0.363561 0.0389731 3.63667 0.257422 1.69287
0.455675 0.207593 0.51363 0.282545 0.695011 1.18855 0.779282 0.22983 0.422829 0.193393
0.201349 0.930945 1.24121 0.369443 0.252901 0.417434 2.17177 3.18854 1.48055 0.192446
0.487792 0.144743 0.990965 0.73758 1.63656 0.238597 0.665601 0.316853 0.384265 0.226869
1.57514 2.22506 0.528133 6.46375 0.334813 0.749946 0.0451882 0.183069 1.2518 1.39045
0.515363 0.303003 1.16203 0.442793 0.0487684 2.1624 10.2128 0.43288 0.364663 1.04148
0.875403 0.571354 3.57623 1.62559 0.045706 0.739761 1.04283 0.462861 0.742227 0.106406
0.185434 0.556377 0.153349 0.970147 1.60714 2.72616 0.660796 4.67126 0.397337 1.82201
1.63759 0.19526 0.205144 0.372369 1.99051 0.453597 0.31484 1.08091 0.899087 0.606503
1.16877 0.257936 0.464531 0.365806 1.02444 0.573678 0.575944 0.138438 0.0641244 2.47156
0.174402 1.50833 0.515391 1.21397 0.889517 1.59332 0.642336 0.154005 0.985066 0.940375
0.98487 3.03136 0.0802712 0.35521 0.447589 1.26045 3.79492 1.55094 2.27183 0.130058
0.978093 1.37782 0.954938 0.601609 0.287404 0.283586 0.436066 0.679826 1.07739 0.45019
0.732083 0.147557 2.26031 1.07101 1.55273 0.0724534 0.638395 0.268311 0.226764 0.958987
15.7937 1.73168 0.426297 0.13069 0.382231 0.850766 1.23149 2.63738 0.38135 0.609063
1.04501 0.577972 1.31751 0.71679 0.853392 0.161301 0.166087 0.524602 0.571731 0.201273
0.0229083 0.0347842 0.0390229 0.0690614 0.0321598 0.0506659 0.0247647 0.0391067 0.012037 0.0085194
0.0219995 0.0891122 0.00763452 0.0230329 0.013641 0.0417779 0.0275613 0.0606969 0.0425831 0.0247209
0.03703 0.00479066 0.144241 0.0278202 0.0398865 0.0225402 0.020279 0.015786 0.0622186 0.0186886
0.0235626 0.0257721 0.0396497 0.027587 0.120527 0.0168574 0.0494888 0.0217084 0.0114605 0.0269671
0.0141629 0.0309243 0.0081882 0.0249186 0.0175149 0.115207 0.0316898 0.0327972 0.0174473 0.01936
0.0276871 0.00916042 0.0411256 0.0258987 0.113933 0.0178467 0.0170948 0.0192932 0.0357232 0.0245228
0.0407733 0.010661 0.0134804 0.0145582 0.0105467 0.0451987 0.0162572 0.031383 0.0156485 0.0174641
0.0205508 0.0215511 0.024942 0.0276402 0.0259 0.0590381 0.0219152 0.0195603 0.0204886 0.0223369
0.027417 0.0339154 0.0181111 0.0190033 0.0249823 0.034432 0.0101585 0.0776857 0.014175 0.0333546
0.0221039 0.152193 0.0282082 0.0321979 0.0254392 0.0218678 0.019311 0.031378 0.0239832 0.0119478
0.0146127 0.0188256 0.00910649 0.00572337 0.0184165 0.0158163 0.0805277 0.0283876 0.010479 0.032582
0.0213455 0.0252774 0.014575 0.0223317 0.0744169 0.00308013 0.0148266 0.0174673 0.0100106 0.0359865
0.0261659 0.0214562 0.00747432 0.012578 0.005855 0.0494603 0.0250043 0.0834371 0.0248148 0.0943379
0.0452279 0.0123249 0.0108464 0.0103326 0.025146 0.00588683 0.0274733 0.0276341 0.0441833 0.0203871
0.0669398 0.0285996 0.0188082 0.0126167 0.0271445 0.0388428 0.00784541 0.0227998 0.0451314 0.0150616
0.0113908 0.0495583 0.0439103 0.0565019 0.0179271 0.0394867 0.0314771 0.143371 0.0318877 0.00306461
0.0148977 0.0279644 0.0534645 0.0375196 0.00861879 0.0390566 0.0186952 0.0442327 0.0287985 0.0356213
0.013064 0.032811 0.0259888 0.0308603 0.021586 0.0239457 0.020906 0.037197 0.050779 0.0215081
0.0192919 0.00708768 0.011013 0.0359084 0.0233378 0.037608 0.0444422 0.0169818 0.0427728 0.0399605
0.0337173 0.023183 0.0170072 0.0553315 0.00837228 0.0185553 0.0337999 0.0291376 0.049319 0.0449073
0.0145495 0.0424993 0.0117076 0.0205347 0.0923203 0.0203977 0.0199935 0.0239832 0.012598 0.0420204
0.0284971 0.00758737 0.0142608 0.0554547 0.023564 0.087094 0.0174536 0.0362802 0.0256081 0.031999
0.0147012 0.00826006 0.0154923 0.032865 0.0302303 0.0131896 0.0865343 0.0412856 0.0212756 0.0471466
0.0176392 0.032397 0.0174682 0.05129 0.0498158 0.0342117 0.0195013 0.013396 0.0195372 0.0389818
0.0695295 0.0933702 0.022763 0.0119653 0.0310104 0.0150308 0.0226191 0.0335262 0.045421 0.0155971
0.0101262 0.0364293 0.0243967 0.0387246 0.0282111 0.0331702 0.0186645 0.00728305 0.0260137 0.0345718
0.0247581 0.0244448 0.0264746 0.0625351 0.0284891 0.0352109 0.100528 0.0104856 0.111983 0.033472
0.0151225 0.0430605 0.0123012 0.0214237 0.0338023 0.0186374 0.0131459 0.00739586 0.0218432 0.0293529
0.0175927 0.0253239 0.0243326 0.0210875 0.00726388 0.012025 0.00704614 0.0145064 0.0806687 0.0387814
0.0161787 0.0262994 0.0140096 0.0663497 0.0211459 0.0507602 0.0343892 0.0146739 0.0572244 0.035609
0.0389942 0.0173973 0.0386148 0.046816 0.0104939 0.0205353 0.0680585 0.0130585 0.00764521 0.00586922
0.0175483 0.0471259 0.00716681 0.0521818 0.0270434 0.0184049 0.0665296 0.00723365 0.0241584 0.0302241
0.0736151 0.00963663 0.0100843 0.0125481 0.0548702 0.00404004 0.00534932 0.0224805 0.0390137 0.0156255
0.0241493 0.040469 0.0633543 0.0135032 0.0243557 0.0264747 0.0338389 0.0271154 0.018206 0.0230651
0.103266 0.017623 0.0356046 0.0180128 0.0144062 0.0395872 0.0408003 0.0593855 0.0174468 0.0269638
0.0264058 0.0362135 0.088288 0.0457218 0.0242832 0.0145702 0.00586299 0.0205185 0.0369606 0.023823
0.0248634 0.0389504 0.018638 0.0245235 0.0365477 0.0238489 0.0431263 0.00443774 0.0397539 0.0287745
0.0280772 0.0317235 0.0202201 0.0194475 0.0226576 0.0170214 0.0275549 0.0168933 0.0366723 0.0136609
0.0265484 0.0143569 0.0240645 0.0395525 0.0221757 0.0571138 0.0289615 0.0296922 0.0227192 0.0213508
0.0472373 0.0306764 0.0337838 0.0163527 0.135688 0.00929381 0.0266378 0.120224 0.0223258 0.0506808
0.0160753 0.0156609 0.019349 0.0194152 0.0191911 0.027991 0.0147369 0.0206311 0.0804115 0.0662924
0.0491201 0.00486301 0.00943664 0.0115885 0.114817 0.0133115 0.0191284 0.013 0.0247571 0.00379135
0.0190562 0.0267047 0.00801619 0.0330975 0.0198324 0.0101839 0.0254058 0.0147093 0.0319786 0.0217419
0.0261556 0.0502582 0.00631162 0.131062 0.0234266 0.0305131 0.0622543 0.0160374 0.0880002 0.0559913
0.0319001 0.0559254 0.0102425 0.0234736 0.0183646 0.0517787 0.100253 0.00376585 0.0158252 0.0310815
0.0185945 0.0510885 0.0290948 0.0124498 0.0293432 0.0207312 0.00865832 0.0174643 0.0582539 0.0291987
0.0547092 0.0386377 0.0221078 0.0669268 0.0580426 0.00429256 0.0353178 0.0160306 0.0189858 0.0130446
0.0555985 0.130038 0.0206967 0.0732993 0.0112897 0.00878183 0.00444644 0.0175639 0.00749131 0.014798
0.0351085 0.0392738 0.0197678 0.0658351 0.0124672 0.0266783 0.0156957 0.0116639 0.025264 0.0168475
0.00979427 0.0232745 0.00626665 0.0764552 0.0167674 0.0318511 0.0537092 0.0557185 0.0172416 0.00612475
***
0.0708491 0.070598 0.142228 0.0411601 0.124268 0.0566019 0.049305 0.0680164 0.00923918 0.0236127
0.0956204 0.00731486 0.0391263 0.115057 0.0281361 0.0676937 0.0101664 0.0208353 0.140839 0.0181176
0.0530589 0.0306741 0.485097 0.0620219 0.0493486 0.0124811 0.152302 0.0315881 0.00879235 0.263537
0.0305822 0.0393623 0.0293497 0.0573417 0.0599882 0.067119 0.0641807 0.0546288 0.114749 0.115743
0.0097599 0.0211876 0.0274794 0.0802476 0.305618 0.0409923 0.220084 0.0291609 0.0421705 0.177336
0.0163957 0.0446884 0.0248336 0.0134863 0.0409911 0.0231893 0.0486645 0.11806 0.0955673 0.0486941
0.0346282 0.0173912 0.0221115 0.0423173 0.0265738 0.298575 0.0612032 0.0171295 0.0271716 0.0449275
0.0360676 0.0165706 0.0439132 0.138569 0.0547336 0.0171519 0.0368083 0.0482432 0.0520622 0.048322
0.0168811 0.112905 0.27073 0.123378 0.00886199 0.0856544 0.0248052 0.130358 0.0121941 0.196244
0.0445394 0.0141857 0.009907 0.0182152 0.212976 0.179161 0.0704581 0.0232372 0.154087 0.0582271
0.0382065 0.0684002 0.20148 0.0113564 0.0434411 0.357776 0.650783 0.0604022 0.066761 0.267682
0.222152 0.346543 0.0730091 0.0426667 0.0587867 0.0536807 0.0197656 0.0248107 0.0245786 0.0340106
0.325056 0.141457 0.0616879 0.0186953 0.0865906 0.159749 0.0388257 0.0300258 0.184412 0.0788118
0.0216599 0.0197491 0.102211 0.0997109 0.0174206 0.261728 0.0187057 0.048717 0.103161 0.0491887
0.0795492 0.0908241 0.0328085 0.116839 0.0356884 0.0276208 0.0380089 0.0425343 0.0436498 0.0509415
0.0204443 0.00679815 0.0465703 0.120791 0.127991 0.0682807 0.028386 0.0453666 0.0613644 0.102235
0.135669 0.0109263 0.120964 0.0413 0.0637869 0.168986 0.188822 0.0231681 0.0221071 0.0724818
0.0342388 0.33251 0.0486186 0.116699 0.0557017 0.535028 0.182095 0.1133 0.0273155 0.155622
0.101687 0.1936 0.0219597 0.0366708 0.5778 0.00243411 0.0274113 0.0311037 0.296548 0.149485
0.073167 0.0878098 0.0492332 0.0111277 0.053087 0.16672 0.0328211 0.256246 0.051401 0.0300926
0.0740563 0.0177206 0.0467294 0.0741721 0.0946662 0.0416706 0.262099 0.186641 0.0914269 0.0477684
0.152661 0.0471185 0.0204304 0.195582 0.090264 0.136008 0.130664 0.0288803 0.125044 0.037392
0.0552416 0.0505551 0.0277754 0.042482 0.150903 0.0375809 0.0474563 0.200939 0.0575251 0.0641461
0.0398522 0.0497045 0.0148413 0.0994043 0.165028 0.115231 0.0716087 0.0565069 0.0104896 0.0288413
0.0169844 0.060655 0.149876 0.0297685 0.0606104 0.0234581 0.0221675 0.0183926 0.024981 0.0434823
0.0232667 0.0402406 0.072602 0.0919485 0.0103185 0.0789256 0.0251546 0.0569291 0.0311215 0.317726
0.0292949 0.0267523 0.0984729 0.0401831 0.0956053 0.0173902 0.0387057 0.0523535 0.0320134 0.342804
0.18962 0.129262 0.0433941 0.0461228 0.0736627 0.0309867 0.0263713 0.0258095 0.0484674 0.0501811
0.0292224 0.0943793 0.0575791 0.0543937 0.0264916 0.146829 0.0197039 0.050916 0.0234837 0.0605126
0.0409768 0.132788 0.112646 0.192544 0.0844675 0.27013 0.0215767 0.142023 0.0232941 0.0896908
0.128581 0.0205409 0.0325478 0.0386957 0.118183 0.0396393 0.233494 0.0828031 0.0180906 0.260958
0.368698 0.119608 0.0972381 0.0345392 0.0317607 0.0109312 0.0450484 0.0606687 0.196286 0.0133893
0.131217 0.229276 0.0410712 0.0625062 0.042875 0.03581 0.0310087 0.0582481 0.296129 0.0213823
0.0264451 0.179791 0.192507 0.0327374 0.029374 0.0358898 0.0192773 0.0415734 0.00985491 0.335133
0.31234 0.0849746 0.0272586 0.0312476 0.0408617 0.0170967 0.0168405 0.260969 0.0232261 0.0974042
0.0288538 0.0291459 0.246773 0.0366367 0.045581 0.148614 0.0784739 0.145403 0.17369 0.0317477
0.0192768 0.0344502 0.119779 0.0824209 0.0583006 0.0308925 0.116438 0.279247 0.0630221 0.0325408
0.0648814 0.101421 0.0509588 0.0517802 0.0435024 0.0279801 0.0120999 0.064873 0.0555157 0.108396
0.151319 0.020941 0.162382 0.290832 0.0165766 0.0853209 0.0329311 0.0254726 0.0797872 0.0712712
0.022354 0.0171115 0.1932 0.0176887 0.03914 0.171959 0.630682 0.0084236 0.0585423 0.199624
0.0637221 0.0457515 0.217066 0.0972538 0.010952 0.037593 0.00873922 0.0285046 0.0565341 0.0321838
0.0364449 0.0660061 0.0487261 0.0363833 0.0995797 0.124232 0.0141023 0.293944 0.0482053 0.294416
0.151561 0.0211033 0.0302911 0.0300406 0.188226 0.0222489 0.0269098 0.0765909 0.0391615 0.0408973
0.09043 0.0372938 0.12302 0.0184563 0.0230405 0.0307752 0.0380757 0.130734 0.0539396 0.102433
0.0408951 0.0583432 0.0704717 0.271406 0.0206447 0.2223 0.0304172 0.0048332 0.0666412 0.0358001
0.0634485 0.160623 0.0221838 0.0114034 0.0580332 0.0711644 0.223152 0.0905137 0.154697 0.0725544
0.0104841 0.100456 0.0409903 0.0571997 0.0338415 0.0749753 0.0248811 0.172809 0.156248 0.028202
0.0223594 0.0399558 0.214531 0.270686 0.254868 0.0817562 0.0890375 0.0332008 0.0198918 0.040367
0.435501 0.125801 0.0234531 0.0265603 0.0371619 0.184855 0.104071 0.179908 0.0308244 0.0424922
0.0949115 0.145175 0.0644269 0.0577611 0.111849 0.0573404 0.0224682 0.0240864 0.0732221 0.0288189
0.467592 5.25101 2.41593 2.25982 1.43487 0.397142 1.49636 0.57183 0.925298 1.68711
3.0088 0.420409 3.29021 0.203407 0.682817 1.26211 0.629368 0.406747 1.9593 0.806268
0.986934 0.394792 5.11582 0.648403 0.0678965 0.321335 0.618234 1.57517 0.088538 1.35903
6.37805 0.183888 0.0946913 1.33155 0.991864 0.60953 0.47057 0.462548 9.82254 2.28809
0.0888254 1.52279 1.31129 1.65164 0.0942509 1.53126 1.13049 1.10195 1.33863 0.185334
1.51129 0.213365 1.8429 0.439841 1.97196 6.9784 0.451105 0.38158 1.95374 0.348194
0.131037 2.72764 0.0585194 4.93606 1.51226 0.0283917 0.526758 2.70793 6.18887 2.39159
1.2788 0.352049 1.61424 1.5928 0.570838 0.725929 0.720887 0.544987 0.139389 0.784126
2.67924 0.247745 0.251248 0.0912406 0.262592 0.757156 0.372117 0.657016 2.73512 1.33853
0.124105 1.30769 0.12333 2.09422 2.15307 0.712593 0.149409 4.58262 0.192372 0.0838693
0.601016 0.672293 1.01722 0.0303182 0.921572 3.71823 0.960045 1.17031 0.384368 1.48561
1.33387 2.11313 0.639021 0.940133 2.30375 0.301326 0.601295 6.23222 5.74589 0.179995
6.35021 0.410987 6.94487 1.40689 1.504 0.224237 1.39901 2.35954 0.765194 0.671191
0.188799 0.865659 1.95424 1.35377 1.31569 0.632942 2.97789 0.149315 1.31767 0.219062
0.688637 4.45095 1.18733 1.47893 0.449534 0.0747786 0.390403 0.847386 1.63099 1.04597
0.0197261 0.24321 2.61277 0.593159 2.47139 1.49192 3.08689 1.84229 1.20419 3.62447
0.630267 1.20549 1.64994 0.0821763 0.367355 3.47615 0.681562 0.244274 1.82702 0.0577894
1.80792 0.518376 1.9886 0.0269429 0.449248 2.36306 0.397281 1.21986 0.295405 0.24127
1.29114 0.200632 4.56272 0.702528 0.445484 1.06078 1.28004 0.832917 0.340772 0.85883
0.255219 2.04769 3.44429 0.182293 2.13095 3.98699 0.413147 2.81704 5.69517 0.413158
0.221672 1.40191 0.0451832 1.21969 1.30419 1.60468 1.00075 4.2017 0.6412 0.512216
2.20007 1.64844 5.10991 3.15094 0.0540501 1.1688 8.44073 1.21171 0.464935 0.62766
1.39402 0.027231 0.946203 0.262153 0.0243526 0.43901 3.03269 1.35636 1.74942 0.179487
1.36636 1.45912 1.872 0.0645183 2.69249 0.569213 0.0826815 0.707691 0.485122 0.47827
0.0804897 0.234589 1.27763 0.108624 0.297201 1.18829 0.354712 4.05552 0.597826 0.345588
0.732942 1.14479 0.515733 2.28509 1.79373 0.830501 9.70803 0.37698 0.256989 0.389003
1.24787 0.758774 7.39998 16.9951 0.922517 6.74628 0.381035 1.8534 7.99621 0.285628
3.74774 0.371501 3.34447 1.76491 0.362985 1.10823 0.682132 0.613283 0.790089 1.02522
0.716584 2.38749 0.217457 2.09898 2.87492 9.07634 3.87998 2.39011 6.52781 1.01583
1.43282 0.288624 1.53236 0.900395 1.39902 1.09466 0.434996 0.866079 0.286237 0.600664
0.402636 1.07063 2.02166 2.09637 1.64747 0.394137 0.95085 0.418139 1.67288 17.5936
0.255028 5.65298 0.898797 0.111443 0.953051 1.46502 1.35859 9.18374 1.36334 1.22788
0.191608 0.144487 0.44024 0.236566 0.831652 0.0762481 0.449157 0.187666 3.23019 0.185622
0.327877 0.0397494 0.0996899 0.876143 1.71 2.3924 0.959903 1.00987 0.677563 0.651004
0.434534 0.430462 1.45868 2.4894 0.245089 0.988372 0.208064 0.682974 0.214031 1.58641
0.601497 3.21883 0.0469815 0.354584 0.847963 0.363108 0.486474 0.469923 0.56614 0.676364
7.47658 0.133541 0.337787 2.23933 0.176626 1.3034 1.21998 3.16062 1.59127 1.37256
0.32772 0.572823 0.421747 1.51786 0.076875 0.811301 1.53833 0.892585 1.19847 16.236
1.92025 0.0426129 0.519172 0.18825 0.434807 0.665248 0.196621 1.10628 0.93256 0.430065
0.12046 0.953243 2.15221 0.109205 2.25731 4.05934 2.93587 0.691192 1.45931 1.9034
0.352129 1.77618 5.85449 1.07918 0.946844 0.486123 9.58622 0.511053 0.0901174 0.580442
1.14817 0.335938 0.901753 3.33073 1.77408 1.21208 5.22341 0.99052 0.524722 0.550933
0.451648 4.15875 0.762232 0.145084 2.39141 0.181577 0.166755 2.51281 0.224697 0.49878
0.95413 0.588255 4.34196 0.335099 0.179908 2.12194 0.42297 0.684749 1.14104 0.763728
0.797273 2.22269 1.72572 0.454877 0.657202 0.149675 1.14847 6.6841 1.79752 0.123804
3.92694 3.55416 2.46157 1.51512 0.790231 1.72055 1.22275 0.0587928 1.16398 2.73707
0.486368 0.225328 0.261842 0.810219 0.868608 0.0656262 1.24872 1.94459 0.0800609 1.15099
2.37176 1.51507 1.22194 0.590782 0.593417 0.442512 2.5351 0.150036 0.450005 0.538567
0.120012 6.56926 0.168513 1.96991 0.516651 4.25299 4.66371 1.10542 2.00896 3.70103
0.702484 4.65462 0.0426542 3.71374 0.939924 0.203855 0.510198 5.70527 0.289245 0.508183
>covarianceMatrix:
A
0.00175922	0	0	0	0	0	0	0	0	0	0	0	
0	0.00175922	0	0	0	0	0	0	0	0	0	0	
0	0	0.00175922	0	0	0	0	0	0	0	0	0	
0	0	0	0.00175922	0	0	0	0	0	0	0	0	
0	0	0	0	0.00175922	0	0	0	0	0	0	0	
0	0	0	0	0	0.00175922	0	0	0	0	0	0	
0	0	0	0	0	0	0.00175922	0	0	0	0	0	
0	0	0	0	0	0	0	0.00175922	0	0	0	0	
0	0	0	0	0	0	0	0	0.00175922	0	0	0	
0	0	0	0	0	0	0	0	0	0.00175922	0	0	
0	0	0	0	0	0	0	0	0	0	0.00175922	0	
0	0	0	0	0	0	0	0	0	0	0	0.00175922	
***
>covarianceMatrix:
C
0.016384	0	0	0	
0	0.016384	0	0	
0	0	0.016384	0	
0	0	0	0.016384	
***
>covarianceMatrix:
D
0.016384	0	0	0	
0	0.016384	0	0	
0	0	0.016384	0	
0	0	0	0.016384	
***
>covarianceMatrix:
E
0.016384	0	0	0	
0	0.016384	0	0	
0	0	0.016384	0	
0	0	0	0.016384	
***
>covarianceMatrix:
F
0.016384	0	0	0	
0	0.016384	0	0	
0	0	0.016384	0	
0	0	0	0.016384	
***
>covarianceMatrix:
G
0.00175922	0	0	0	0	0	0	0	0	0	0	0	
0	0.00175922	0	0	0	0	0	0	0	0	0	0	
0	0	0.00175922	0	0	0	0	0	0	0	0	0	
0	0	0	0.00175922	0	0	0	0	0	0	0	0	
0	0	0	0	0.00175922	0	0	0	0	0	0	0	
0	0	0	0	0	0.00175922	0	0	0	0	0	0	
0	0	0	0	0	0	0.00175922	0	0	0	0	0	
0	0	0	0	0	0	0	0.00175922	0	0	0	0	
0	0	0	0	0	0	0	0	0.00175922	0	0	0	
0	0	0	0	0	0	0	0	0	0.00175922	0	0	
0	0	0	0	0	0	0	0	0	0	0.00175922	0	
0	0	0	0	0	0	0	0	0	0	0	0.00175922	
***
>covarianceMatrix:
H
0.016384	0	0	0	
0	0.016384	0	0	
0	0	0.016384	0	
0	0	0	0.016384	
***
>covarianceMatrix:
I
0.00536871	0	0	0	0	0	0	0	
0	0.00536871	0	0	0	0	0	0	
0	0	0.00536871	0	0	0	0	0	
0	0	0	0.00536871	0	0	0	0	
0	0	0	0	0.00536871	0	0	0	
0	0	0	0	0	0.00536871	0	0	
0	0	0	0	0	0	0.00536871	0	
0	0	0	0	0	0	0	0.00536871	
***
>covarianceMatrix:
K
0.016384	0	0	0	
0	0.016384	0	0	
0	0	0.016384	0	
0	0	0	0.016384	
***
>covarianceMatrix:
L
0.000576461	0	0	0	0	0	0	0	0	0	0	0	0	0	0	0	0	0	0	0	
0	0.000576461	0	0	0	0	0	0	0	0	0	0	0	0	0	0	0	0	0	0	
0	0	0.000576461	0	0	0	0	0	0	0	0	0	0	0	0	0	0	0	0	0	
0	0	0	0.000576461	0	0	0	0	0	0	0	0	0	0	0	0	0	0	0	0	
0	0	0	0	0.000576461	0	0	0	0	0	0	0	0	0	0	0	0	0	0	0	
0	0	0	0	0	0.000576461	0	0	0	0	0	0	0	0	0	0	0	0	0	0	
0	0	0	0	0	0	0.000576461	0	0	0	0	0	0	0	0	0	0	0	0	0	
0	0	0	0	0	0	0	0.000576461	0	0	0	0	0	0	0	0	0	0	0	0	
0	0	0	0	0	0	0	0	0.000576461	0	0	0	0	0	0	0	0	0	0	0	
0	0	0	0	0	0	0	0	0	0.000576461	0	0	0	0	0	0	0	0	0	0	
0	0	0	0	0	0	0	0	0	0	0.000576461	0	0	0	0	0	0	0	0	0	
0	0	0	0	0	0	0	0	0	0	0	0.000576461	0	0	0	0	0	0	0	0	
0	0	0	0	0	0	0	0	0	0	0	0	0.000576461	0	0	0	0	0	0	0	
0	0	0	0	0	0	0	0	0	0	0	0	0	0.000576461	0	0	0	0	0	0	
0	0	0	0	0	0	0	0	0	0	0	0	0	0	0.000576461	0	0	0	0	0	
0	0	0	0	0	0	0	0	0	0	0	0	0	0	0	0.000576461	0	0	0	0	
0	0	0	0	0	0	0	0	0	0	0	0	0	0	0	0	0.000576461	0	0	0	
0	0	0	0	0	0	0	0	0	0	0	0	0	0	0	0	0	0.000576461	0	0	
0	0	0	0	0	0	0	0	0	0	0	0	0	0	0	0	0	0	0.000576461	0	
0	0	0	0	0	0	0	0	0	0	0	0	0	0	0	0	0	0	0	0.000576461	
***
>covarianceMatrix:
M

***
>covarianceMatrix:
N
0.016384	0	0	0	
0	0.016384	0	0	
0	0	0.016384	0	
0	0	0	0.016384	
***
>covarianceMatrix:
P
0.00175922	0	0	0	0	0	0	0	0	0	0	0	
0	0.00175922	0	0	0	0	0	0	0	0	0	0	
0	0	0.00175922	0	0	0	0	0	0	0	0	0	
0	0	0	0.00175922	0	0	0	0	0	0	0	0	
0	0	0	0	0.00175922	0	0	0	0	0	0	0	
0	0	0	0	0	0.00175922	0	0	0	0	0	0	
0	0	0	0	0	0	0.00175922	0	0	0	0	0	
0	0	0	0	0	0	0	0.00175922	0	0	0	0	
0	0	0	0	0	0	0	0	0.00175922	0	0	0	
0	0	0	0	0	0	0	0	0	0.00175922	0	0	
0	0	0	0	0	0	0	0	0	0	0.00175922	0	
0	0	0	0	0	0	0	0	0	0	0	0.00175922	
***
>covarianceMatrix:
Q
0.016384	0	0	0	
0	0.016384	0	0	
0	0	0.016384	0	
0	0	0	0.016384	
***
>covarianceMatrix:
R
0.000188895	0	0	0	0	0	0	0	0	0	0	0	0	0	0	0	0	0	0	0	
0	0.000188895	0	0	0	0	0	0	0	0	0	0	0	0	0	0	0	0	0	0	
0	0	0.000188895	0	0	0	0	0	0	0	0	0	0	0	0	0	0	0	0	0	
0	0	0	0.000188895	0	0	0	0	0	0	0	0	0	0	0	0	0	0	0	0	
0	0	0	0	0.000188895	0	0	0	0	0	0	0	0	0	0	0	0	0	0	0	
0	0	0	0	0	0.000188895	0	0	0	0	0	0	0	0	0	0	0	0	0	0	
0	0	0	0	0	0	0.000188895	0	0	0	0	0	0	0	0	0	0	0	0	0	
0	0	0	0	0	0	0	0.000188895	0	0	0	0	0	0	0	0	0	0	0	0	
0	0	0	0	0	0	0	0	0.000188895	0	0	0	0	0	0	0	0	0	0	0	
0	0	0	0	0	0	0	0	0	0.000188895	0	0	0	0	0	0	0	0	0	0	
0	0	0	0	0	0	0	0	0	0	0.000188895	0	0	0	0	0	0	0	0	0	
0	0	0	0	0	0	0	0	0	0	0	0.000188895	0	0	0	0	0	0	0	0	
0	0	0	0	0	0	0	0	0	0	0	0	0.000188895	0	0	0	0	0	0	0	
0	0	0	0	0	0	0	0	0	0	0	0	0	0.000188895	0	0	0	0	0	0	
0	0	0	0	0	0	0	0	0	0	0	0	0	0	0.000188895	0	0	0	0	0	
0	0	0	0	0	0	0	0	0	0	0	0	0	0	0	0.000188895	0	0	0	0	
0	0	0	0	0	0	0	0	0	0	0	0	0	0	0	0	0.000188895	0	0	0	
0	0	0	0	0	0	0	0	0	0	0	0	0	0	0	0	0	0.000188895	0	0	
0	0	0	0	0	0	0	0	0	0	0	0	0	0	0	0	0	0	0.000188895	0	
0	0	0	0	0	0	0	0	0	0	0	0	0	0	0	0	0	0	0	0.000188895	
***
>covarianceMatrix:
S
0.00175922	0	0	0	0	0	0	0	0	0	0	0	
0	0.00175922	0	0	0	0	0	0	0	0	0	0	
0	0	0.00175922	0	0	0	0	0	0	0	0	0	
0	0	0	0.00175922	0	0	0	0	0	0	0	0	
0	0	0	0	0.00175922	0	0	0	0	0	0	0	
0	0	0	0	0	0.00175922	0	0	0	0	0	0	
0	0	0	0	0	0	0.00175922	0	0	0	0	0	
0	0	0	0	0	0	0	0.00175922	0	0	0	0	
0	0	0	0	0	0	0	0	0.00175922	0	0	0	
0	0	0	0	0	0	0	0	0	0.00175922	0	0	
0	0	0	0	0	0	0	0	0	0	0.00175922	0	
0	0	0	0	0	0	0	0	0	0	0	0.00175922	
***
>covarianceMatrix:
T
0.00175922	0	0	0	0	0	0	0	0	0	0	0	
0	0.00175922	0	0	0	0	0	0	0	0	0	0	
0	0	0.00175922	0	0	0	0	0	0	0	0	0	
0	0	0	0.00175922	0	0	0	0	0	0	0	0	
0	0	0	0	0.00175922	0	0	0	0	0	0	0	
0	0	0	0	0	0.00175922	0	0	0	0	0	0	
0	0	0	0	0	0	0.00175922	0	0	0	0	0	
0	0	0	0	0	0	0	0.00175922	0	0	0	0	
0	0	0	0	0	0	0	0	0.00175922	0	0	0	
0	0	0	0	0	0	0	0	0	0.00175922	0	0	
0	0	0	0	0	0	0	0	0	0	0.00175922	0	
0	0	0	0	0	0	0	0	0	0	0	0.00175922	
***
>covarianceMatrix:
V
0.00343597	0	0	0	0	0	0	0	0	0	0	0	
0	0.00343597	0	0	0	0	0	0	0	0	0	0	
0	0	0.00343597	0	0	0	0	0	0	0	0	0	
0	0	0	0.00343597	0	0	0	0	0	0	0	0	
0	0	0	0	0.00343597	0	0	0	0	0	0	0	
0	0	0	0	0	0.00343597	0	0	0	0	0	0	
0	0	0	0	0	0	0.00343597	0	0	0	0	0	
0	0	0	0	0	0	0	0.00343597	0	0	0	0	
0	0	0	0	0	0	0	0	0.00343597	0	0	0	
0	0	0	0	0	0	0	0	0	0.00343597	0	0	
0	0	0	0	0	0	0	0	0	0	0.00343597	0	
0	0	0	0	0	0	0	0	0	0	0	0.00343597	
***
>covarianceMatrix:
W

***
>covarianceMatrix:
Y
0.016384	0	0	0	
0	0.016384	0	0	
0	0	0.016384	0	
0	0	0	0.016384	
***
>covarianceMatrix:
Z
0.016384	0	0	0	
0	0.016384	0	0	
0	0	0.016384	0	
0	0	0	0.016384	
***
>covarianceMatrix:
X
1	0	0	0	0	0	0	0	
0	1	0	0	0	0	0	0	
0	0	1	0	0	0	0	0	
0	0	0	1	0	0	0	0	
0	0	0	0	1	0	0	0	
0	0	0	0	0	1	0	0	
0	0	0	0	0	0	1	0	
0	0	0	0	0	0	0	1	
***
>std_csp:
0.032768 0.032768 0.032768 0.032768 0.032768 0.032768 0.032768 0.032768 0.032768 0.032768
0.032768 0.032768 0.032768 0.032768 0.04096 0.04096 0.04096 0.04096 0.04096 0.032768
0.032768 0.032768 0.032768 0.032768 0.032768 0.032768 0.032768 0.032768 0.032768 0.032768
0.032768 0.032768 0.032768 0.032768 0.032768 0.04096 0.04096 0.04096 0.032768 0.032768
>currentMutationParameter:
***
-0.819039 1.59412 -0.885292 0.00476763 -1.53208 1.01475 -1.00241 -1.83784 -1.70192 0.901397
0.803181 1.14964 1.8912 1.20641 1.06063 1.54532 0.683595 -1.39647 0.536954 1.30831
-1.62687 1.37373 1.17047 1.67046 1.09436 0.25422 -0.617042 0.340727 -0.714373 0.62902
-0.773528 -0.432958 -0.968467 1.7509 -0.957904 0.0992656 1.64188 0.673783 -0.373146 0.69624
***
0.298607 -1.27297 -1.53844 1.99151 -1.19217 -1.50543 1.44144 -0.493726 -0.909647 -0.563384
1.22643 1.82155 -1.69282 -0.175108 -0.107045 0.270457 0.318726 -0.14091 -0.410534 -1.59234
-1.10184 0.530663 -0.296266 1.60969 -0.67992 0.992036 -0.291126 1.12387 -0.702374 1.02784
-0.997938 -1.70819 0.381053 1.29035 0.576826 0.502151 -1.59228 1.34533 1.04621 1.98588
>currentSelectionParameter:
***
-0.716237 -0.78425 -0.453645 -1.88991 -1.78819 0.299228 1.80319 -1.15799 -0.336429 -0.355954
1.60334 1.37413 0.41911 0.891654 -0.704417 -0.487417 0.686594 -1.85511 -1.87999 0.0822098
-1.23176 0.339572 -1.88736 0.963249 -1.50141 -1.45333 1.83682 1.64431 -1.3657 2.70059
0.192383 0.979969 0.742906 2.49639 -0.514982 1.4932 1.43657 0.366606 -1.54961 0.634133
***
0.578097 0.656114 1.22142 0.83091 1.10463 0.48414 0.0572068 -1.34277 0.838786 -1.16907
0.835776 -0.504001 -0.858358 1.17374 0.317516 -0.438893 0.537522 1.26635 -0.838497 1.19155
0.449723 -0.582454 -0.0994216 -0.500855 -1.2675 -1.58498 -0.664714 0.282387 -0.211739 -0.0276258
0.3687 -0.367866 0.618389 -0.827808 -0.56524 0.699622 0.0470279 -1.03949 -0.172459 1.1248
