>Sphi:
1.31076
>Aphi:
6.93923e-310
>numParam:
40
>numMixtures:
2
>std_sphi:
0.08
>std_phi:
***
0.248832 0.248832 0.248832 0.248832 0.248832 0.20736 0.248832 0.248832 0.248832 0.248832
0.248832 0.248832 0.248832 0.248832 0.248832 0.1728 0.248832 0.248832 0.248832 0.20736
0.248832 0.248832 0.248832 0.20736 0.248832 0.248832 0.248832 0.248832 0.248832 0.248832
0.248832 0.248832 0.20736 0.20736 0.20736 0.1728 0.248832 0.248832 0.248832 0.1728
0.248832 0.20736 0.248832 0.248832 0.248832 0.248832 0.248832 0.248832 0.248832 0.248832
0.248832 0.248832 0.248832 0.248832 0.248832 0.248832 0.248832 0.20736 0.248832 0.248832
0.248832 0.248832 0.248832 0.248832 0.248832 0.248832 0.20736 0.248832 0.248832 0.248832
0.248832 0.248832 0.248832 0.248832 0.20736 0.20736 0.248832 0.248832 0.248832 0.248832
0.248832 0.248832 0.165888 0.248832 0.248832 0.165888 0.20736 0.248832 0.248832 0.20736
0.248832 0.248832 0.248832 0.248832 0.1728 0.248832 0.248832 0.248832 0.248832 0.248832
0.248832 0.248832 0.248832 0.248832 0.20736 0.248832 0.248832 0.248832 0.20736 0.248832
0.20736 0.248832 0.248832 0.20736 0.248832 0.248832 0.248832 0.248832 0.248832 0.248832
0.1728 0.248832 0.248832 0.248832 0.248832 0.248832 0.20736 0.248832 0.20736 0.248832
0.248832 0.248832 0.248832 0.248832 0.248832 0.248832 0.20736 0.248832 0.248832 0.248832
0.1728 0.248832 0.248832 0.248832 0.248832 0.248832 0.248832 0.248832 0.248832 0.1728
0.248832 0.248832 0.248832 0.248832 0.20736 0.248832 0.248832 0.248832 0.248832 0.248832
0.248832 0.248832 0.20736 0.248832 0.248832 0.248832 0.248832 0.248832 0.248832 0.248832
0.248832 0.248832 0.248832 0.248832 0.248832 0.20736 0.248832 0.248832 0.248832 0.248832
0.248832 0.248832 0.248832 0.248832 0.248832 0.248832 0.248832 0.248832 0.248832 0.20736
0.248832 0.20736 0.248832 0.248832 0.248832 0.248832 0.248832 0.20736 0.248832 0.248832
0.248832 0.248832 0.248832 0.248832 0.248832 0.248832 0.248832 0.20736 0.248832 0.248832
0.20736 0.248832 0.248832 0.248832 0.248832 0.248832 0.248832 0.248832 0.248832 0.248832
0.248832 0.248832 0.248832 0.248832 0.20736 0.248832 0.248832 0.248832 0.248832 0.248832
0.248832 0.20736 0.248832 0.20736 0.248832 0.20736 0.248832 0.248832 0.248832 0.248832
0.248832 0.248832 0.248832 0.248832 0.248832 0.248832 0.248832 0.248832 0.248832 0.248832
0.248832 0.248832 0.248832 0.248832 0.248832 0.248832 0.248832 0.248832 0.248832 0.20736
0.248832 0.248832 0.248832 0.248832 0.1728 0.248832 0.248832 0.248832 0.248832 0.248832
0.248832 0.248832 0.248832 0.248832 0.248832 0.248832 0.248832 0.248832 0.248832 0.248832
0.248832 0.248832 0.248832 0.248832 0.248832 0.248832 0.248832 0.248832 0.248832 0.1728
0.248832 0.248832 0.248832 0.248832 0.248832 0.20736 0.248832 0.1728 0.248832 0.248832
0.248832 0.248832 0.248832 0.248832 0.20736 0.248832 0.248832 0.248832 0.248832 0.248832
0.248832 0.20736 0.248832 0.248832 0.248832 0.248832 0.248832 0.248832 0.248832 0.248832
0.248832 0.248832 0.248832 0.248832 0.248832 0.248832 0.248832 0.248832 0.248832 0.248832
0.248832 0.248832 0.20736 0.248832 0.248832 0.248832 0.248832 0.248832 0.248832 0.248832
0.248832 0.248832 0.248832 0.248832 0.248832 0.248832 0.248832 0.248832 0.248832 0.248832
0.248832 0.248832 0.248832 0.248832 0.248832 0.248832 0.248832 0.248832 0.248832 0.248832
0.248832 0.248832 0.248832 0.248832 0.248832 0.248832 0.248832 0.248832 0.20736 0.248832
0.248832 0.248832 0.248832 0.248832 0.20736 0.248832 0.248832 0.248832 0.248832 0.248832
0.20736 0.248832 0.248832 0.248832 0.248832 0.248832 0.248832 0.248832 0.248832 0.1728
0.248832 0.248832 0.248832 0.248832 0.248832 0.20736 0.20736 0.248832 0.248832 0.248832
0.20736 0.248832 0.165888 0.20736 0.248832 0.248832 0.20736 0.248832 0.248832 0.248832
0.248832 0.248832 0.248832 0.248832 0.1728 0.1728 0.248832 0.248832 0.248832 0.248832
0.248832 0.248832 0.248832 0.248832 0.20736 0.248832 0.248832 0.248832 0.248832 0.248832
0.248832 0.248832 0.248832 0.248832 0.248832 0.248832 0.248832 0.248832 0.248832 0.1728
0.248832 0.248832 0.248832 0.248832 0.248832 0.248832 0.248832 0.248832 0.248832 0.248832
0.248832 0.248832 0.248832 0.248832 0.248832 0.248832 0.20736 0.248832 0.248832 0.248832
0.20736 0.20736 0.248832 0.248832 0.248832 0.248832 0.248832 0.248832 0.248832 0.248832
0.20736 0.248832 0.248832 0.248832 0.248832 0.248832 0.248832 0.248832 0.248832 0.248832
0.248832 0.20736 0.248832 0.248832 0.248832 0.248832 0.248832 0.248832 0.248832 0.248832
0.248832 0.248832 0.248832 0.248832 0.248832 0.248832 0.248832 0.248832 0.248832 0.248832
0.248832 0.248832 0.248832 0.248832 0.248832 0.248832 0.248832 0.248832 0.248832 0.248832
0.248832 0.248832 0.248832 0.248832 0.248832 0.248832 0.248832 0.248832 0.248832 0.248832
0.248832 0.248832 0.248832 0.248832 0.248832 0.248832 0.248832 0.248832 0.248832 0.248832
0.248832 0.248832 0.248832 0.248832 0.248832 0.248832 0.248832 0.248832 0.248832 0.248832
0.248832 0.248832 0.248832 0.248832 0.248832 0.248832 0.248832 0.248832 0.248832 0.248832
0.248832 0.248832 0.248832 0.248832 0.248832 0.248832 0.248832 0.248832 0.248832 0.248832
0.248832 0.248832 0.248832 0.248832 0.248832 0.248832 0.248832 0.248832 0.248832 0.248832
0.248832 0.248832 0.248832 0.248832 0.248832 0.248832 0.248832 0.248832 0.248832 0.248832
0.248832 0.248832 0.248832 0.248832 0.248832 0.248832 0.248832 0.248832 0.248832 0.248832
0.248832 0.248832 0.248832 0.248832 0.248832 0.248832 0.248832 0.248832 0.248832 0.248832
0.248832 0.248832 0.248832 0.248832 0.248832 0.248832 0.248832 0.248832 0.248832 0.248832
0.248832 0.248832 0.248832 0.248832 0.248832 0.248832 0.248832 0.248832 0.248832 0.248832
0.248832 0.248832 0.248832 0.248832 0.248832 0.248832 0.248832 0.248832 0.248832 0.248832
0.248832 0.248832 0.248832 0.248832 0.248832 0.248832 0.248832 0.248832 0.248832 0.248832
0.248832 0.248832 0.248832 0.248832 0.248832 0.248832 0.248832 0.248832 0.248832 0.248832
0.248832 0.248832 0.248832 0.248832 0.248832 0.248832 0.248832 0.248832 0.248832 0.248832
0.248832 0.248832 0.248832 0.248832 0.248832 0.248832 0.248832 0.248832 0.248832 0.248832
0.248832 0.248832 0.248832 0.248832 0.248832 0.248832 0.248832 0.248832 0.248832 0.248832
0.248832 0.248832 0.248832 0.248832 0.248832 0.248832 0.248832 0.248832 0.248832 0.248832
0.248832 0.248832 0.248832 0.248832 0.248832 0.248832 0.248832 0.248832 0.248832 0.248832
0.248832 0.248832 0.248832 0.248832 0.248832 0.248832 0.248832 0.248832 0.248832 0.248832
0.248832 0.248832 0.248832 0.248832 0.248832 0.248832 0.248832 0.248832 0.248832 0.248832
0.248832 0.248832 0.248832 0.248832 0.248832 0.248832 0.248832 0.248832 0.248832 0.248832
0.248832 0.248832 0.248832 0.248832 0.248832 0.248832 0.248832 0.248832 0.248832 0.248832
0.248832 0.248832 0.248832 0.248832 0.248832 0.248832 0.248832 0.248832 0.248832 0.248832
0.248832 0.248832 0.248832 0.248832 0.248832 0.248832 0.248832 0.248832 0.248832 0.248832
0.248832 0.248832 0.248832 0.248832 0.248832 0.248832 0.248832 0.248832 0.248832 0.248832
0.248832 0.248832 0.248832 0.248832 0.248832 0.248832 0.248832 0.248832 0.248832 0.248832
0.248832 0.248832 0.248832 0.248832 0.248832 0.248832 0.248832 0.248832 0.248832 0.248832
0.248832 0.248832 0.248832 0.248832 0.248832 0.248832 0.248832 0.248832 0.248832 0.248832
0.248832 0.248832 0.248832 0.248832 0.248832 0.248832 0.248832 0.248832 0.248832 0.248832
0.248832 0.248832 0.248832 0.248832 0.248832 0.248832 0.248832 0.248832 0.248832 0.248832
0.248832 0.248832 0.248832 0.248832 0.248832 0.248832 0.248832 0.248832 0.248832 0.248832
0.248832 0.248832 0.248832 0.248832 0.248832 0.248832 0.248832 0.248832 0.248832 0.248832
0.248832 0.248832 0.248832 0.248832 0.248832 0.248832 0.248832 0.248832 0.248832 0.248832
0.248832 0.248832 0.248832 0.248832 0.248832 0.248832 0.248832 0.248832 0.248832 0.248832
0.248832 0.248832 0.248832 0.248832 0.248832 0.248832 0.248832 0.248832 0.248832 0.248832
0.248832 0.248832 0.248832 0.248832 0.248832 0.248832 0.248832 0.248832 0.248832 0.248832
0.248832 0.248832 0.248832 0.248832 0.248832 0.248832 0.248832 0.248832 0.248832 0.248832
0.248832 0.248832 0.248832 0.248832 0.248832 0.248832 0.248832 0.248832 0.248832 0.248832
0.248832 0.248832 0.248832 0.248832 0.248832 0.248832 0.248832 0.248832 0.248832 0.248832
0.248832 0.248832 0.248832 0.248832 0.248832 0.248832 0.248832 0.248832 0.248832 0.248832
0.248832 0.248832 0.248832 0.248832 0.248832 0.248832 0.248832 0.248832 0.248832 0.248832
0.248832 0.248832 0.248832 0.248832 0.248832 0.248832 0.248832 0.248832 0.248832 0.248832
0.248832 0.248832 0.248832 0.248832 0.248832 0.248832 0.248832 0.248832 0.248832 0.248832
0.248832 0.248832 0.248832 0.248832 0.248832 0.248832 0.248832 0.248832 0.248832 0.248832
0.248832 0.248832 0.248832 0.248832 0.248832 0.248832 0.248832 0.248832 0.248832 0.248832
0.248832 0.248832 0.248832 0.248832 0.248832 0.248832 0.248832 0.248832 0.248832 0.248832
0.248832 0.248832 0.248832 0.248832 0.248832 0.248832 0.248832 0.248832 0.248832 0.248832
0.248832 0.248832 0.248832 0.248832 0.248832 0.248832 0.248832 0.248832 0.248832 0.248832
***
0.248832 0.248832 0.248832 0.248832 0.248832 0.248832 0.248832 0.248832 0.248832 0.248832
0.248832 0.248832 0.248832 0.248832 0.248832 0.248832 0.248832 0.248832 0.248832 0.248832
0.248832 0.248832 0.248832 0.248832 0.248832 0.248832 0.248832 0.248832 0.248832 0.248832
0.248832 0.248832 0.248832 0.248832 0.248832 0.248832 0.248832 0.248832 0.248832 0.248832
0.248832 0.248832 0.248832 0.248832 0.248832 0.248832 0.248832 0.248832 0.248832 0.248832
0.248832 0.248832 0.248832 0.248832 0.248832 0.248832 0.248832 0.248832 0.248832 0.248832
0.248832 0.248832 0.248832 0.248832 0.248832 0.248832 0.248832 0.248832 0.248832 0.248832
0.248832 0.248832 0.248832 0.248832 0.248832 0.248832 0.248832 0.248832 0.248832 0.248832
0.248832 0.248832 0.248832 0.248832 0.248832 0.248832 0.248832 0.248832 0.248832 0.248832
0.248832 0.248832 0.248832 0.248832 0.248832 0.248832 0.248832 0.248832 0.248832 0.248832
0.248832 0.248832 0.248832 0.248832 0.248832 0.248832 0.248832 0.248832 0.248832 0.248832
0.248832 0.248832 0.248832 0.248832 0.248832 0.248832 0.248832 0.248832 0.248832 0.248832
0.248832 0.248832 0.248832 0.248832 0.248832 0.248832 0.248832 0.248832 0.248832 0.248832
0.248832 0.248832 0.248832 0.248832 0.248832 0.248832 0.248832 0.248832 0.248832 0.248832
0.248832 0.248832 0.248832 0.248832 0.248832 0.248832 0.248832 0.248832 0.248832 0.248832
0.248832 0.248832 0.248832 0.248832 0.248832 0.248832 0.248832 0.248832 0.248832 0.248832
0.248832 0.248832 0.248832 0.248832 0.248832 0.248832 0.248832 0.248832 0.248832 0.248832
0.248832 0.248832 0.248832 0.248832 0.248832 0.248832 0.248832 0.248832 0.248832 0.248832
0.248832 0.248832 0.248832 0.248832 0.248832 0.248832 0.248832 0.248832 0.248832 0.248832
0.248832 0.248832 0.248832 0.248832 0.248832 0.248832 0.248832 0.248832 0.248832 0.248832
0.248832 0.248832 0.248832 0.248832 0.248832 0.248832 0.248832 0.248832 0.248832 0.248832
0.248832 0.248832 0.248832 0.248832 0.248832 0.248832 0.248832 0.248832 0.248832 0.248832
0.248832 0.248832 0.248832 0.248832 0.248832 0.248832 0.248832 0.248832 0.248832 0.248832
0.248832 0.248832 0.248832 0.248832 0.248832 0.248832 0.248832 0.248832 0.248832 0.248832
0.248832 0.248832 0.248832 0.248832 0.248832 0.248832 0.248832 0.248832 0.248832 0.248832
0.248832 0.248832 0.248832 0.248832 0.248832 0.248832 0.248832 0.248832 0.248832 0.248832
0.248832 0.248832 0.248832 0.248832 0.248832 0.248832 0.248832 0.248832 0.248832 0.248832
0.248832 0.248832 0.248832 0.248832 0.248832 0.248832 0.248832 0.248832 0.248832 0.248832
0.248832 0.248832 0.248832 0.248832 0.248832 0.248832 0.248832 0.248832 0.248832 0.248832
0.248832 0.248832 0.248832 0.248832 0.248832 0.248832 0.248832 0.248832 0.248832 0.248832
0.248832 0.248832 0.248832 0.248832 0.248832 0.248832 0.248832 0.248832 0.248832 0.248832
0.248832 0.248832 0.248832 0.248832 0.248832 0.248832 0.248832 0.248832 0.248832 0.248832
0.248832 0.248832 0.248832 0.248832 0.248832 0.248832 0.248832 0.248832 0.248832 0.248832
0.248832 0.248832 0.248832 0.248832 0.248832 0.248832 0.248832 0.248832 0.248832 0.248832
0.248832 0.248832 0.248832 0.248832 0.248832 0.248832 0.248832 0.248832 0.248832 0.248832
0.248832 0.248832 0.248832 0.248832 0.248832 0.248832 0.248832 0.248832 0.248832 0.248832
0.248832 0.248832 0.248832 0.248832 0.248832 0.248832 0.248832 0.248832 0.248832 0.248832
0.248832 0.248832 0.248832 0.248832 0.248832 0.248832 0.248832 0.248832 0.248832 0.248832
0.248832 0.248832 0.248832 0.248832 0.248832 0.248832 0.248832 0.248832 0.248832 0.248832
0.248832 0.248832 0.248832 0.248832 0.248832 0.248832 0.248832 0.248832 0.248832 0.248832
0.248832 0.248832 0.248832 0.248832 0.248832 0.248832 0.248832 0.248832 0.248832 0.248832
0.248832 0.248832 0.248832 0.248832 0.248832 0.248832 0.248832 0.248832 0.248832 0.248832
0.248832 0.248832 0.248832 0.248832 0.248832 0.248832 0.248832 0.248832 0.248832 0.248832
0.248832 0.248832 0.248832 0.248832 0.248832 0.248832 0.248832 0.248832 0.248832 0.248832
0.248832 0.248832 0.248832 0.248832 0.248832 0.248832 0.248832 0.248832 0.248832 0.248832
0.248832 0.248832 0.248832 0.248832 0.248832 0.248832 0.248832 0.248832 0.248832 0.248832
0.248832 0.248832 0.248832 0.248832 0.248832 0.248832 0.248832 0.248832 0.248832 0.248832
0.248832 0.248832 0.248832 0.248832 0.248832 0.248832 0.248832 0.248832 0.248832 0.248832
0.248832 0.248832 0.248832 0.248832 0.248832 0.248832 0.248832 0.248832 0.248832 0.248832
0.248832 0.248832 0.248832 0.248832 0.248832 0.248832 0.248832 0.248832 0.248832 0.248832
0.248832 0.1728 0.20736 0.248832 0.248832 0.248832 0.248832 0.248832 0.248832 0.20736
0.144 0.248832 0.13824 0.248832 0.248832 0.248832 0.248832 0.248832 0.1728 0.248832
0.248832 0.248832 0.248832 0.248832 0.248832 0.248832 0.248832 0.248832 0.248832 0.248832
0.20736 0.248832 0.248832 0.20736 0.248832 0.248832 0.248832 0.248832 0.165888 0.1728
0.248832 0.248832 0.165888 0.248832 0.248832 0.248832 0.248832 0.248832 0.248832 0.248832
0.248832 0.248832 0.248832 0.248832 0.248832 0.20736 0.248832 0.248832 0.20736 0.248832
0.248832 0.13824 0.248832 0.1728 0.248832 0.248832 0.248832 0.1728 0.144 0.144
0.248832 0.248832 0.248832 0.20736 0.248832 0.248832 0.248832 0.248832 0.248832 0.248832
0.13824 0.248832 0.248832 0.248832 0.248832 0.248832 0.248832 0.248832 0.1728 0.248832
0.248832 0.248832 0.248832 0.20736 0.248832 0.248832 0.248832 0.20736 0.248832 0.248832
0.248832 0.248832 0.248832 0.248832 0.248832 0.144 0.248832 0.248832 0.248832 0.248832
0.248832 0.1728 0.248832 0.248832 0.248832 0.248832 0.248832 0.248832 0.1728 0.248832
0.1728 0.248832 0.1728 0.20736 0.1728 0.248832 0.248832 0.248832 0.248832 0.248832
0.248832 0.248832 0.1728 0.248832 0.20736 0.248832 0.144 0.248832 0.20736 0.248832
0.248832 0.1728 0.248832 0.20736 0.248832 0.248832 0.248832 0.248832 0.248832 0.248832
0.248832 0.248832 0.20736 0.248832 0.144 0.248832 0.20736 0.248832 0.248832 0.1728
0.248832 0.20736 0.20736 0.248832 0.248832 0.1728 0.248832 0.248832 0.248832 0.248832
0.20736 0.248832 0.20736 0.248832 0.248832 0.20736 0.248832 0.248832 0.248832 0.248832
0.248832 0.248832 0.1728 0.248832 0.248832 0.248832 0.1728 0.248832 0.248832 0.248832
0.248832 0.1728 0.1152 0.248832 0.1728 0.13824 0.248832 0.20736 0.248832 0.248832
0.248832 0.20736 0.248832 0.248832 0.248832 0.20736 0.248832 0.144 0.248832 0.248832
0.1728 0.20736 0.248832 0.144 0.248832 0.248832 0.1728 0.248832 0.248832 0.248832
0.248832 0.248832 0.248832 0.248832 0.248832 0.248832 0.248832 0.248832 0.248832 0.248832
0.248832 0.248832 0.1728 0.248832 0.1728 0.248832 0.248832 0.248832 0.248832 0.248832
0.248832 0.248832 0.248832 0.248832 0.248832 0.248832 0.248832 0.12 0.248832 0.248832
0.248832 0.248832 0.248832 0.248832 0.248832 0.248832 0.1728 0.248832 0.248832 0.248832
0.248832 0.248832 0.1728 0.248832 0.248832 0.20736 0.248832 0.20736 0.248832 0.248832
0.20736 0.248832 0.248832 0.165888 0.248832 0.248832 0.248832 0.248832 0.248832 0.248832
0.248832 0.1728 0.248832 0.248832 0.144 0.20736 0.144 0.1728 0.248832 0.248832
0.248832 0.248832 0.20736 0.248832 0.1728 0.248832 0.248832 0.248832 0.248832 0.248832
0.248832 0.248832 0.20736 0.20736 0.248832 0.248832 0.248832 0.248832 0.1728 0.248832
0.248832 0.20736 0.248832 0.248832 0.248832 0.20736 0.248832 0.1728 0.248832 0.20736
0.248832 0.248832 0.248832 0.248832 0.248832 0.248832 0.248832 0.248832 0.20736 0.248832
0.248832 0.248832 0.248832 0.248832 0.1728 0.1728 0.248832 0.248832 0.248832 0.248832
0.248832 0.248832 0.248832 0.1728 0.248832 0.20736 0.248832 0.248832 0.248832 0.248832
0.248832 0.1728 0.248832 0.248832 0.248832 0.248832 0.248832 0.248832 0.248832 0.248832
0.20736 0.248832 0.248832 0.248832 0.248832 0.248832 0.248832 0.1728 0.248832 0.248832
0.248832 0.248832 0.248832 0.20736 0.248832 0.248832 0.248832 0.248832 0.248832 0.248832
0.248832 0.248832 0.248832 0.248832 0.248832 0.248832 0.248832 0.248832 0.248832 0.248832
0.248832 0.248832 0.248832 0.248832 0.248832 0.144 0.144 0.248832 0.248832 0.1728
0.248832 0.248832 0.248832 0.248832 0.248832 0.248832 0.20736 0.248832 0.248832 0.248832
0.248832 0.248832 0.248832 0.144 0.248832 0.248832 0.144 0.248832 0.248832 0.248832
0.248832 0.13824 0.248832 0.248832 0.13824 0.248832 0.248832 0.248832 0.248832 0.248832
0.248832 0.248832 0.1152 0.248832 0.248832 0.1728 0.248832 0.248832 0.248832 0.248832
0.248832 0.248832 0.1728 0.248832 0.248832 0.248832 0.248832 0.144 0.20736 0.248832
0.1728 0.20736 0.1728 0.20736 0.248832 0.20736 0.20736 0.248832 0.248832 0.20736
0.248832 0.248832 0.248832 0.248832 0.248832 0.248832 0.248832 0.20736 0.248832 0.20736
0.248832 0.248832 0.248832 0.248832 0.248832 0.248832 0.20736 0.248832 0.248832 0.248832
0.248832 0.248832 0.248832 0.248832 0.248832 0.144 0.20736 0.248832 0.1728 0.144
0.248832 0.1152 0.248832 0.248832 0.248832 0.248832 0.248832 0.248832 0.248832 0.248832
>categories:
0 0
1 1
>mixtureAssignment:
0 0 0 0 0 0 0 0 0 0 0 0 0 0 0 0 0 0 0 0 0 0 0 0 0 0 0 0 0 0 0 0 0 0 0 0 0 0 0 0 0 0 0 0 0 0 0 0 0 0
0 0 0 0 0 0 0 0 0 0 0 0 0 0 0 0 0 0 0 0 0 0 0 0 0 0 0 0 0 0 0 0 0 0 0 0 0 0 0 0 0 0 0 0 0 0 0 0 0 0
0 0 0 0 0 0 0 0 0 0 0 0 0 0 0 0 0 0 0 0 0 0 0 0 0 0 0 0 0 0 0 0 0 0 0 0 0 0 0 0 0 0 0 0 0 0 0 0 0 0
0 0 0 0 0 0 0 0 0 0 0 0 0 0 0 0 0 0 0 0 0 0 0 0 0 0 0 0 0 0 0 0 0 0 0 0 0 0 0 0 0 0 0 0 0 0 0 0 0 0
0 0 0 0 0 0 0 0 0 0 0 0 0 0 0 0 0 0 0 0 0 0 0 0 0 0 0 0 0 0 0 0 0 0 0 0 0 0 0 0 0 0 0 0 0 0 0 0 0 0
0 0 0 0 0 0 0 0 0 0 0 0 0 0 0 0 0 0 0 0 0 0 0 0 0 0 0 0 0 0 0 0 0 0 0 0 0 0 0 0 0 0 0 0 0 0 0 0 0 0
0 0 0 0 0 0 0 0 0 0 0 0 0 0 0 0 0 0 0 0 0 0 0 0 0 0 0 0 0 0 0 0 0 0 0 0 0 0 0 0 0 0 0 0 0 0 0 0 0 0
0 0 0 0 0 0 0 0 0 0 0 0 0 0 0 0 0 0 0 0 0 0 0 0 0 0 0 0 0 0 0 0 0 0 0 0 0 0 0 0 0 0 0 0 0 0 0 0 0 0
0 0 0 0 0 0 0 0 0 0 0 0 0 0 0 0 0 0 0 0 0 0 0 0 0 0 0 0 0 0 0 0 0 0 0 0 0 0 0 0 0 0 0 0 0 0 0 0 0 0
0 0 0 0 0 0 0 0 0 0 0 0 0 0 0 0 0 0 0 0 0 0 0 0 0 0 0 0 0 0 0 0 0 0 0 0 0 0 0 0 0 0 0 0 0 0 0 0 0 0
1 1 1 1 1 1 1 1 1 1 1 1 1 1 1 1 1 1 1 1 1 1 1 1 1 1 1 1 1 1 1 1 1 1 1 1 1 1 1 1 1 1 1 1 1 1 1 1 1 1
1 1 1 1 1 1 1 1 1 1 1 1 1 1 1 1 1 1 1 1 1 1 1 1 1 1 1 1 1 1 1 1 1 1 1 1 1 1 1 1 1 1 1 1 1 1 1 1 1 1
1 1 1 1 1 1 1 1 1 1 1 1 1 1 1 1 1 1 1 1 1 1 1 1 1 1 1 1 1 1 1 1 1 1 1 1 1 1 1 1 1 1 1 1 1 1 1 1 1 1
1 1 1 1 1 1 1 1 1 1 1 1 1 1 1 1 1 1 1 1 1 1 1 1 1 1 1 1 1 1 1 1 1 1 1 1 1 1 1 1 1 1 1 1 1 1 1 1 1 1
1 1 1 1 1 1 1 1 1 1 1 1 1 1 1 1 1 1 1 1 1 1 1 1 1 1 1 1 1 1 1 1 1 1 1 1 1 1 1 1 1 1 1 1 1 1 1 1 1 1
1 1 1 1 1 1 1 1 1 1 1 1 1 1 1 1 1 1 1 1 1 1 1 1 1 1 1 1 1 1 1 1 1 1 1 1 1 1 1 1 1 1 1 1 1 1 1 1 1 1
1 1 1 1 1 1 1 1 1 1 1 1 1 1 1 1 1 1 1 1 1 1 1 1 1 1 1 1 1 1 1 1 1 1 1 1 1 1 1 1 1 1 1 1 1 1 1 1 1 1
1 1 1 1 1 1 1 1 1 1 1 1 1 1 1 1 1 1 1 1 1 1 1 1 1 1 1 1 1 1 1 1 1 1 1 1 1 1 1 1 1 1 1 1 1 1 1 1 1 1
1 1 1 1 1 1 1 1 1 1 1 1 1 1 1 1 1 1 1 1 1 1 1 1 1 1 1 1 1 1 1 1 1 1 1 1 1 1 1 1 1 1 1 1 1 1 1 1 1 1
1 1 1 1 1 1 1 1 1 1 1 1 1 1 1 1 1 1 1 1 1 1 1 1 1 1 1 1 1 1 1 1 1 1 1 1 1 1 1 1 1 1 1 1 1 1 1 1 1 1
>numMutationCategories:
2
>numSelectionCategories:
2
>categoryProbabilities:
0.473368 0.526632 
>selectionIsInMixture:
***
0 
***
1 
>mutationIsInMixture:
***
0 
***
1 
>currentSynthesisRateLevel:
***
0.397313 1.15449 0.473492 0.57118 0.963098 0.7303 0.0125834 0.403752 0.716735 0.253165
1.59912 0.244343 0.0580933 0.630539 0.407843 1.80732 0.218923 0.078935 0.829936 1.07822
0.255523 0.370367 0.957338 0.962573 0.964057 0.102454 0.131609 0.33875 0.075874 0.823631
0.283391 0.130934 1.97613 1.00699 0.964978 1.47176 0.11314 1.06593 2.03294 2.13331
0.408793 0.822006 0.549093 0.0373036 2.00315 0.532368 2.13812 0.330969 1.09541 2.77118
0.05158 0.558092 0.145114 0.22085 0.168479 1.1837 0.438411 1.80742 0.50237 0.197523
0.62938 0.0907829 0.312697 0.370556 0.213063 0.65641 0.871073 0.162607 0.0223354 0.144096
0.23478 0.418823 0.258644 0.548818 1.16383 0.635843 0.502557 0.201712 0.690081 0.0155851
0.639611 0.0888956 2.22112 0.680654 0.040537 1.37534 0.836615 0.519028 0.292095 2.00406
0.950706 0.024544 0.0476367 0.413886 2.39786 1.6133 0.226155 0.0517404 0.462219 0.462473
0.181116 0.106669 0.462695 0.241292 1.08817 2.18156 3.48927 0.723256 1.34584 1.47946
2.94536 2.44543 0.0313126 0.757375 0.543866 0.284543 0.780981 0.0991086 0.0235892 0.248769
2.20233 1.33293 0.949779 0.123807 0.436839 0.448424 0.621741 0.160798 2.23395 0.0618769
0.144946 0.0948579 0.125532 0.7026 0.285727 2.58751 1.09384 0.0389191 1.71777 0.0376507
1.86909 0.228299 0.378553 0.726389 0.354498 0.0735247 0.189939 0.950092 0.231654 1.86168
0.0151658 0.181906 0.138798 1.42736 1.7649 0.340146 0.10669 0.39882 1.89328 1.25888
1.28148 0.152054 1.06016 0.391791 0.336068 0.753159 0.465131 1.16576 0.153981 0.236055
0.716106 3.2007 0.153787 1.32617 0.216246 2.24265 0.395221 1.14282 0.0480466 0.0292028
1.45931 1.66029 0.151956 0.0132446 3.46015 0.0724096 0.285498 0.617996 3.82308 2.93673
0.524561 1.34192 0.28872 0.627539 0.691224 0.0724653 0.13664 4.21034 0.123105 0.102304
1.05282 0.244243 0.81834 0.411366 0.281875 0.184454 0.629228 2.1847 0.637412 1.85153
1.01168 0.562038 0.00587539 1.6665 0.429776 1.15685 1.05609 1.46168 0.537686 0.0191111
0.344175 0.646929 0.71084 0.197277 0.910637 0.658938 0.0871821 0.281644 0.517461 0.0835281
0.370057 1.87083 0.0410977 1.09827 1.86361 1.48337 0.694292 0.262582 0.0798651 0.0152911
0.331495 0.840872 0.763866 0.884559 0.134497 0.383825 0.755878 0.148659 0.0748128 0.127087
0.146698 0.433575 0.0603109 0.245643 0.600503 0.874284 0.380886 0.574189 0.232376 2.3811
0.0943251 0.15261 0.551906 0.401767 1.71491 0.70445 0.693129 0.654474 0.106411 2.79902
1.23204 1.48152 0.297395 0.0250852 0.0489744 0.0453937 0.608826 0.239151 0.26067 0.666513
0.515417 1.86146 0.142349 0.691541 0.0393415 0.970691 0.00884685 0.427396 0.325675 0.819047
0.219629 0.362959 0.198869 2.74611 0.025261 2.05306 0.0960662 1.7772 0.254562 0.0945875
1.75227 0.0731935 0.690874 0.567896 2.1061 1.22636 4.1071 0.10903 0.0584509 2.67005
0.616234 2.65165 0.517367 0.129726 0.069496 0.658392 0.814618 0.0375585 1.08485 0.199298
2.1789 0.0412714 0.303256 0.0814133 0.0364954 0.118271 0.171814 0.382338 3.13866 0.00578387
0.0699902 0.964688 1.1354 0.131253 0.150526 0.492969 1.09141 0.3618 0.26652 2.7754
1.18975 0.676839 0.484951 0.0458339 0.977743 0.350776 0.0429916 2.9447 0.168974 1.1095
0.397025 0.141241 0.518821 0.179354 0.610284 0.989923 0.586997 0.170206 0.292253 0.212125
0.209752 0.90079 1.03191 0.445372 0.20668 0.392598 2.21667 2.61504 1.30782 0.117577
0.34575 0.0868935 0.94476 0.520911 1.35234 0.176298 0.568644 0.107891 0.291906 0.242947
1.38699 1.74947 0.367496 5.81223 0.353032 0.834573 0.0243358 0.212491 1.12761 1.17068
0.37476 0.231919 0.965789 0.436053 0.0646741 1.71149 8.83111 0.349231 0.360442 0.845651
0.693653 0.548669 2.73096 1.43098 0.0313315 0.576709 0.94103 0.337304 0.731767 0.0553874
0.0888741 0.496088 0.0849683 0.73043 1.37117 1.95999 0.493838 4.07234 0.269371 1.46117
1.26343 0.125988 0.0817122 0.338796 1.79894 0.374833 0.296098 0.828543 0.696083 0.546679
1.13126 0.202132 0.565265 0.364964 0.921984 0.430448 0.514308 0.131223 0.0647831 2.00042
0.0258834 1.08878 0.101622 0.997741 0.715908 1.48197 0.625707 0.0627898 0.760468 0.853949
0.8266 2.1481 0.0793844 0.305398 0.283085 1.23872 3.31239 1.16167 1.53219 0.0671566
0.890249 1.26253 0.831527 0.438922 0.153681 0.230089 0.314687 0.500134 1.02823 0.36108
0.789796 0.0410868 1.59106 1.09859 1.38136 0.0273299 0.48929 0.161129 0.1393 0.857125
8.93176 1.55367 0.407949 0.078417 0.251176 0.627093 1.05826 2.31586 0.304899 0.420856
0.920174 0.476581 1.21213 0.558343 0.912154 0.186494 0.0998492 0.490493 0.564139 0.204695
0.00615697 0.00479022 0.0272049 0.0156101 0.0326899 0.0327447 0.0214573 0.0218651 0.0039672 0.00683406
0.00485717 0.021055 0.0197449 0.0108097 0.00849102 0.0233748 0.00553418 0.0218095 0.0121218 0.0141419
0.0329822 0.0159031 0.026455 0.00892915 0.0246799 0.00355773 0.0117282 0.0120183 0.0491636 0.00693768
0.00544452 0.007527 0.0557835 0.011159 0.0474618 0.0127091 0.0117912 0.00935416 0.0084611 0.0117872
0.0141481 0.0588154 0.00922654 0.0105619 0.0215218 0.0234735 0.0197437 0.0105464 0.0370768 0.00724829
0.0103165 0.00318271 0.00981839 0.00576478 0.0854266 0.0119863 0.0153607 0.00639935 0.0123726 0.0849585
0.026066 0.0103143 0.0087243 0.0116988 0.0176768 0.0085996 0.0170878 0.0167037 0.022094 0.0144554
0.0190753 0.0323331 0.0109069 0.0165563 0.00235825 0.0763286 0.0111359 0.0108694 0.0205834 0.030126
0.0189882 0.00553284 0.0149257 0.00361566 0.00465907 0.030205 0.0106106 0.0201102 0.00767186 0.0478556
0.00570549 0.102407 0.030164 0.00838238 0.00686182 0.0125944 0.0125046 0.0136873 0.00486798 0.0085759
0.00661785 0.0449223 0.00255666 0.010191 0.0293198 0.00578818 0.0219562 0.00279143 0.00778246 0.0276044
0.0605991 0.0123224 0.0108341 0.00302435 0.0625642 0.00850959 0.0287716 0.0237616 0.0299173 0.00708168
0.00960808 0.00958533 0.00606704 0.0144246 0.0224563 0.0170338 0.00736546 0.0247391 0.0129461 0.0453254
0.0290366 0.0148748 0.0142328 0.00732392 0.00362272 0.0102642 0.033947 0.00832801 0.0277508 0.0069518
0.0168724 0.0149792 0.0167647 0.00305363 0.00771358 0.0119621 0.00459828 0.00557383 0.0258252 0.0103281
0.0427189 0.00321704 0.0338772 0.0520976 0.0211901 0.0187148 0.0345127 0.0501475 0.00941892 0.0199539
0.0135849 0.00758905 0.0219717 0.0212432 0.0159466 0.054206 0.00867448 0.0057254 0.0122694 0.00995359
0.0114277 0.0129783 0.00635246 0.0206942 0.00233987 0.00829765 0.00795766 0.0139977 0.107983 0.00836688
0.00888437 0.00617296 0.012853 0.0119893 0.0578597 0.00408566 0.00511837 0.0225987 0.0207835 0.0143534
0.0316876 0.0179849 0.00629875 0.0125366 0.0027228 0.00921925 0.012721 0.0497266 0.0246272 0.01671
0.00220985 0.00942178 0.00430146 0.0106533 0.0239881 0.00819859 0.0117239 0.0133271 0.0140454 0.0337746
0.0186517 0.00713 0.064737 0.00896369 0.00728289 0.0190871 0.00806523 0.0191337 0.00378109 0.026761
0.00828508 0.00801981 0.0218747 0.0182378 0.0136702 0.00577729 0.0407562 0.011239 0.00833677 0.0724806
0.0280096 0.0219581 0.00600447 0.00492286 0.0210556 0.0154876 0.0138476 0.0130894 0.02076 0.0159119
0.0198024 0.0343996 0.0145803 0.00336997 0.00745928 0.0236621 0.0248825 0.017073 0.0148815 0.00383208
0.0104585 0.00986754 0.0167024 0.0486505 0.0116517 0.00398547 0.0336615 0.0242989 0.00966653 0.0294101
0.0531552 0.00661552 0.0274501 0.0509406 0.0104827 0.00319579 0.0278027 0.0136779 0.0294385 0.0175344
0.0187538 0.0233862 0.0115955 0.00524303 0.00812245 0.0137954 0.0204848 0.00333651 0.00933735 0.0309663
0.0386815 0.0236156 0.0415007 0.0233369 0.0130409 0.0099112 0.00548585 0.00463553 0.0566585 0.00951066
0.0229469 0.00697477 0.0101379 0.0128527 0.00631153 0.032234 0.0094704 0.0131452 0.0718457 0.0330999
0.0188989 0.00792575 0.0257713 0.0548303 0.0288815 0.0117694 0.0492468 0.00440044 0.00236507 0.00611949
0.00598513 0.0304407 0.0140787 0.0221426 0.0112364 0.00373294 0.0218981 0.00891309 0.0203858 0.0133142
0.0314989 0.00605454 0.00585062 0.0113838 0.0060141 0.00749878 0.00528495 0.00673694 0.00604754 0.0129246
0.00813979 0.006384 0.014313 0.0120142 0.0394679 0.0175438 0.0243438 0.00439379 0.00953429 0.00584693
0.0271883 0.0117169 0.00450176 0.0128147 0.00427198 0.00743723 0.0396691 0.00649974 0.0218305 0.00713013
0.00160189 0.0278034 0.0107755 0.0513052 0.0280796 0.0324009 0.00748062 0.00862006 0.00267227 0.00815454
0.0053303 0.00760659 0.0117066 0.0117581 0.0490334 0.0149125 0.0091616 0.00662602 0.0654789 0.0105167
0.0172355 0.00937049 0.00463577 0.0194832 0.0158411 0.0198244 0.00745717 0.00901627 0.0309597 0.00442784
0.0231047 0.0137765 0.0198161 0.0114411 0.0271408 0.0330735 0.0102542 0.0172923 0.0112686 0.0257069
0.0187101 0.0123961 0.0111957 0.0211342 0.0758287 0.0148134 0.00470122 0.0334625 0.0124636 0.0222313
0.0168102 0.0275989 0.0123194 0.0229841 0.00864098 0.0158517 0.00725582 0.00592333 0.0187116 0.0568267
0.0169555 0.00829509 0.00745579 0.0131603 0.0309205 0.0199786 0.00287577 0.0148427 0.00822589 0.0109433
0.0426345 0.0154412 0.00299133 0.00678288 0.00803649 0.0119997 0.00715229 0.0474914 0.0150323 0.00692394
0.0133293 0.0122672 0.00892864 0.00776339 0.0115 0.0121418 0.0234017 0.00569368 0.0382026 0.0147141
0.00821181 0.00471437 0.0239033 0.0136143 0.0127878 0.00902763 0.0324829 0.00784557 0.0170583 0.00434137
0.0233666 0.0155072 0.005245 0.00251511 0.0137226 0.0103741 0.00891023 0.00845403 0.042273 0.033766
0.0303388 0.0163401 0.00546631 0.0110157 0.00514089 0.00319328 0.00974691 0.0100461 0.00296981 0.00645172
0.0121643 0.0491136 0.0622958 0.0144886 0.00430606 0.0085826 0.0152308 0.0182279 0.0195672 0.011328
0.0480111 0.0371412 0.0186109 0.0612245 0.00477974 0.00649839 0.0198578 0.0105772 0.0386782 0.00835667
0.00847008 0.0074289 0.00537068 0.0086245 0.0145598 0.0153928 0.0232111 0.0675945 0.00810915 0.00631161
***
0.0194907 0.01589 0.106409 0.0327786 0.0941036 0.0698781 0.00745351 0.0169649 0.056061 0.0423928
0.157383 0.029105 0.0392396 0.0257245 0.0429657 0.116376 0.00646641 0.0219442 0.0295076 0.0364588
0.0328694 0.0206441 0.113414 0.0841014 0.0496741 0.00467887 0.00668027 0.0350453 0.0171743 0.315789
0.0168486 0.0113368 0.128631 0.107313 0.0458344 0.0893621 0.0284965 0.0197519 0.111135 0.155306
0.00718745 0.0195858 0.0301571 0.0139316 0.129993 0.016103 0.179572 0.0477487 0.0144328 0.171004
0.0168117 0.0336459 0.0502426 0.0213193 0.0375294 0.0343445 0.0045407 0.098989 0.0833702 0.064405
0.0213717 0.015866 0.0229747 0.0531964 0.0162754 0.120134 0.0320092 0.0235707 0.0300097 0.0368658
0.0157938 0.0344475 0.0321872 0.0223766 0.0359793 0.0825234 0.0190196 0.0418259 0.0259887 0.018814
0.0252491 0.0111518 0.245726 0.0217272 0.0138601 0.11761 0.0215438 0.0568085 0.0223483 0.192574
0.130801 0.0217347 0.0216601 0.0296901 0.278111 0.164996 0.00805687 0.0459702 0.0846638 0.0264055
0.0181073 0.0173234 0.0381103 0.0339744 0.0405835 0.131338 0.601774 0.034561 0.0456746 0.20894
0.24644 0.41438 0.0589397 0.0316582 0.0179742 0.0681229 0.0178819 0.00944641 0.0159616 0.023035
0.228518 0.152185 0.0666698 0.0214007 0.00505365 0.0474241 0.00693163 0.0475648 0.160634 0.0342353
0.0103683 0.0140357 0.147997 0.0488089 0.0282405 0.171366 0.0089448 0.00860919 0.17194 0.0213796
0.123595 0.0399954 0.0461671 0.115903 0.0392204 0.0508362 0.067222 0.0572461 0.00840459 0.0849311
0.028626 0.0134717 0.0733723 0.138258 0.199633 0.0176213 0.031141 0.0508781 0.0450455 0.0525598
0.100731 0.00388077 0.048508 0.030736 0.027849 0.113117 0.00640427 0.0908949 0.0292242 0.0121092
0.038908 0.147757 0.0236178 0.00966932 0.0113979 0.322751 0.0978656 0.0453688 0.0248969 0.070065
0.139437 0.129664 0.0147865 0.0150529 0.541565 0.0115805 0.0723843 0.0453385 0.34239 0.22329
0.0504585 0.17682 0.0356045 0.0176478 0.0140329 0.0210564 0.0170818 0.233117 0.0156323 0.0134062
0.0867494 0.0381873 0.0478382 0.0496035 0.0253241 0.0403381 0.195528 0.242926 0.0196486 0.0166196
0.026363 0.179996 0.00768961 0.141427 0.00437359 0.182338 0.0980981 0.0355599 0.0794831 0.013051
0.0429145 0.022517 0.0121933 0.0873011 0.0684235 0.0112971 0.0381716 0.107017 0.0340754 0.00873782
0.0139624 0.062452 0.0415662 0.0452551 0.245814 0.104613 0.0065565 0.0165312 0.0165563 0.0127262
0.0246103 0.0954529 0.0428157 0.0374386 0.0176568 0.00719356 0.0249875 0.0583771 0.0185581 0.0178807
0.025093 0.0179791 0.0149666 0.0470091 0.0841494 0.0199974 0.0690605 0.178413 0.0107773 0.48011
0.0387392 0.0228007 0.0310443 0.0520277 0.173451 0.047245 0.0315192 0.0263156 0.00410253 0.21381
0.168646 0.226703 0.0526792 0.0263971 0.0156922 0.0418147 0.026622 0.00861397 0.0364935 0.0129621
0.0160556 0.12801 0.0328445 0.0179615 0.0298106 0.00808213 0.0457502 0.0646001 0.0285878 0.0251471
0.0443685 0.0711528 0.0556542 0.186008 0.0528827 0.107087 0.0367521 0.136713 0.0439885 0.149145
0.0908869 0.0310923 0.0313166 0.0789932 0.0580168 0.109444 0.35413 0.0191162 0.0179534 0.211023
0.177111 0.194541 0.0742105 0.00734406 0.0279735 0.0513415 0.125364 0.0130304 0.164989 0.0254331
0.241907 0.193393 0.0289285 0.0134162 0.114876 0.00702694 0.0550218 0.258717 0.356886 0.0314586
0.00790232 0.102294 0.0931174 0.00814658 0.025301 0.0339119 0.0719482 0.0698433 0.0152641 0.147925
0.0252588 0.0197389 0.0324572 0.0385341 0.096143 0.0202661 0.0146136 0.263141 0.00637591 0.0425559
0.0073909 0.0652624 0.238433 0.052507 0.0276166 0.0893511 0.0621651 0.0936114 0.0257989 0.00680459
0.0283918 0.0685735 0.141152 0.0213904 0.00536455 0.0139721 0.221772 0.325444 0.0413646 0.0287788
0.00851254 0.0525644 0.0225431 0.0301933 0.0495236 0.0242054 0.0153622 0.0436292 0.00553083 0.043697
0.139507 0.117003 0.0675496 0.366196 0.0420495 0.220801 0.0253046 0.0162773 0.00986715 0.0289112
0.0470954 0.0217604 0.117678 0.00591956 0.0253735 0.175725 0.515134 0.0340942 0.0116927 0.0648013
0.024962 0.00818513 0.250082 0.124858 0.0251902 0.0131373 0.0243396 0.033857 0.0112821 0.0250205
0.0182074 0.02902 0.0173708 0.055368 0.0392416 0.0974294 0.0128167 0.380578 0.0925363 0.203146
0.349355 0.00711304 0.012975 0.0211373 0.156827 0.0487997 0.0423895 0.0657167 0.0848584 0.0323978
0.0297961 0.0172773 0.098772 0.0184046 0.0435543 0.0504019 0.0418192 0.0198307 0.0334614 0.0879851
0.0114627 0.0282156 0.110155 0.0909763 0.00703033 0.0258246 0.0374764 0.0617191 0.0158778 0.0351447
0.0319219 0.142028 0.0267636 0.047684 0.0207904 0.153103 0.258208 0.0618684 0.0888865 0.0459981
0.0291707 0.0594555 0.157259 0.0204544 0.0136333 0.0519312 0.0118767 0.0478707 0.23134 0.0182255
0.0533742 0.0214107 0.0494379 0.0611792 0.117759 0.0495247 0.0246238 0.053218 0.0104981 0.0979417
0.610221 0.105278 0.0272494 0.0123163 0.00750417 0.0227943 0.131467 0.0577494 0.0276802 0.0518792
0.00735703 0.13295 0.113501 0.0225296 0.163902 0.033987 0.0333862 0.0230095 0.0062129 0.00996652
0.491125 5.08795 2.38404 2.14465 1.56038 0.422934 1.39977 0.503241 1.0073 1.7184
2.96102 0.391116 3.13433 0.317418 0.614766 0.915048 0.380873 0.238723 1.84265 0.928285
0.726795 0.384827 4.61894 0.472124 0.041044 0.227215 0.599101 1.45161 0.0823404 1.38993
6.37912 0.0858456 0.256325 1.29657 0.509283 0.570179 0.387737 0.30245 10.3048 2.07723
0.0571003 1.80597 1.18956 1.64732 0.0742166 1.34776 0.91983 1.28385 1.30986 0.142249
1.50705 0.104473 1.22861 0.317188 1.56721 6.64317 0.462813 0.32961 1.8996 0.366543
0.103265 2.7438 0.0273268 4.84628 1.20556 0.0643174 0.523166 2.80365 6.03824 2.49035
1.24274 0.331813 1.54596 1.336 0.616794 0.826497 0.657351 0.435149 0.0485826 0.467074
2.57689 0.164238 0.0792004 0.0371954 0.161198 0.668687 0.188125 0.594379 2.81294 1.58621
0.0512321 1.39928 0.137087 2.03569 1.93066 0.631568 0.0443504 4.68652 0.0777328 0.0208762
0.6351 0.221116 0.804118 0.0369913 0.812538 3.63663 0.729416 0.863776 0.358202 0.942771
1.42221 2.13847 0.605545 0.890953 2.14714 0.209515 0.366888 5.61819 5.52489 0.195527
6.12685 0.305743 6.69632 1.33122 1.43557 0.505131 1.28161 1.82784 0.737009 0.406816
0.0485574 0.742262 1.82988 1.30526 1.17658 0.530964 2.96403 0.0290413 1.23752 0.0685431
1.05467 4.10008 1.16832 1.50335 0.364303 0.10335 0.281722 0.764071 1.52848 1.06252
0.0521355 0.137534 2.5204 0.47983 2.252 1.44474 3.2165 2.02461 0.911136 3.44959
0.452907 1.3268 1.57686 0.047599 0.373688 3.27563 0.373525 0.0504379 1.78774 0.0964438
1.59366 0.407805 1.95061 0.182521 0.280445 2.31191 0.379735 1.37662 0.0551074 0.184441
1.05437 0.137292 4.24092 0.533906 0.231638 1.10038 1.10262 0.708498 0.31188 0.834273
0.22883 1.91274 3.47582 0.133284 1.99965 3.68015 0.390032 2.42096 5.83828 0.276785
0.280428 1.11588 0.0157899 1.22237 1.58809 1.5655 0.970206 3.94798 0.476491 0.806098
2.1257 1.60883 5.38294 3.17983 0.0541876 1.02859 9.09807 1.2206 0.355219 0.744802
1.27594 0.075303 0.753856 0.119828 0.0497379 0.437337 3.19622 1.39605 1.75296 0.267266
1.04104 1.55627 1.79001 0.153478 2.74281 0.56827 0.024091 0.554063 0.530733 0.433085
0.0975327 0.276092 1.24305 0.0382355 0.19818 1.14799 0.155122 3.94063 0.462314 0.269148
0.570186 1.00318 0.496007 2.31952 1.78678 0.547623 9.55212 0.290634 0.209611 0.252969
1.24023 0.685685 7.78382 25.3615 0.876878 5.9196 0.0766558 1.70179 7.97143 0.175334
3.929 0.386033 3.74818 1.78317 0.392836 0.867774 0.692207 0.730895 0.7407 0.920259
0.551664 2.20746 0.193778 2.22984 2.75522 8.51326 3.28211 2.21692 6.93518 0.833882
1.36306 0.188162 1.54114 0.823735 1.3889 1.04031 0.340478 0.960595 0.285389 0.269287
0.308613 1.05836 2.10623 1.84377 1.2249 0.247631 0.914157 0.420108 1.63565 18.9661
0.180903 5.63735 0.928193 0.142548 0.709653 1.51071 1.55758 8.64125 1.30846 1.04136
0.311029 0.0144596 0.219544 0.130787 1.16111 0.0117485 0.301501 0.124548 3.68 0.0795854
0.285454 0.0496386 0.0958289 0.665355 1.70158 2.37241 1.18029 0.826605 0.609966 0.554174
0.137095 0.313389 1.35671 2.42675 0.173129 0.838197 0.0959701 0.531438 0.0565842 1.63155
0.592016 3.30634 0.0652463 0.212784 0.795409 0.113389 0.419553 0.335603 0.495566 0.520414
8.53034 0.0782231 0.255215 2.04031 0.0913856 1.27749 1.18908 3.23555 1.19211 1.37746
0.144672 0.374537 0.356618 1.58333 0.0365334 0.719273 1.41934 0.84176 1.09761 18.2228
1.67697 0.0245155 0.406902 0.161135 0.413619 0.636737 0.151729 0.964468 0.850159 0.133206
0.0446321 0.72358 2.37948 0.00562663 2.35516 4.01061 2.83999 0.331111 1.17667 1.67451
0.268554 1.70457 7.01344 0.99273 0.864736 0.517753 8.69604 0.452492 0.212451 0.30374
1.16216 0.277968 0.724965 3.34166 1.74315 1.07125 5.14236 0.961684 0.507265 0.438709
0.327687 4.08922 0.721731 0.196303 2.43438 0.0903824 0.0938327 2.50963 0.247156 0.390851
0.923164 0.385673 4.18806 0.138122 0.031295 2.06334 0.0821073 0.471294 0.988731 0.669799
0.696265 2.21428 1.62381 0.465706 0.557491 0.0212533 0.907346 6.57023 1.62673 0.112865
4.15045 3.15714 2.23317 1.43807 0.673745 1.60486 1.18147 0.0470004 0.95906 2.37472
0.405876 0.0426598 0.0929255 0.798541 0.756633 0.0268482 1.29751 1.77747 0.01752 0.96767
2.40338 1.22802 0.857327 0.607801 0.505763 0.279735 2.41391 0.0861423 0.361894 0.482086
0.311769 7.24963 0.0578851 1.66493 0.446477 4.58543 4.5786 1.05741 1.86105 3.76795
0.664811 4.37853 0.1111 4.45743 0.918827 0.24979 0.524976 5.1927 0.100732 0.382146
>covarianceMatrix:
A
0.00175922	0	0	0	0	0	0	0	0	0	0	0	
0	0.00175922	0	0	0	0	0	0	0	0	0	0	
0	0	0.00175922	0	0	0	0	0	0	0	0	0	
0	0	0	0.00175922	0	0	0	0	0	0	0	0	
0	0	0	0	0.00175922	0	0	0	0	0	0	0	
0	0	0	0	0	0.00175922	0	0	0	0	0	0	
0	0	0	0	0	0	0.00175922	0	0	0	0	0	
0	0	0	0	0	0	0	0.00175922	0	0	0	0	
0	0	0	0	0	0	0	0	0.00175922	0	0	0	
0	0	0	0	0	0	0	0	0	0.00175922	0	0	
0	0	0	0	0	0	0	0	0	0	0.00175922	0	
0	0	0	0	0	0	0	0	0	0	0	0.00175922	
***
>covarianceMatrix:
C
0.016384	0	0	0	
0	0.016384	0	0	
0	0	0.016384	0	
0	0	0	0.016384	
***
>covarianceMatrix:
D
0.016384	0	0	0	
0	0.016384	0	0	
0	0	0.016384	0	
0	0	0	0.016384	
***
>covarianceMatrix:
E
0.016384	0	0	0	
0	0.016384	0	0	
0	0	0.016384	0	
0	0	0	0.016384	
***
>covarianceMatrix:
F
0.016384	0	0	0	
0	0.016384	0	0	
0	0	0.016384	0	
0	0	0	0.016384	
***
>covarianceMatrix:
G
0.00175922	0	0	0	0	0	0	0	0	0	0	0	
0	0.00175922	0	0	0	0	0	0	0	0	0	0	
0	0	0.00175922	0	0	0	0	0	0	0	0	0	
0	0	0	0.00175922	0	0	0	0	0	0	0	0	
0	0	0	0	0.00175922	0	0	0	0	0	0	0	
0	0	0	0	0	0.00175922	0	0	0	0	0	0	
0	0	0	0	0	0	0.00175922	0	0	0	0	0	
0	0	0	0	0	0	0	0.00175922	0	0	0	0	
0	0	0	0	0	0	0	0	0.00175922	0	0	0	
0	0	0	0	0	0	0	0	0	0.00175922	0	0	
0	0	0	0	0	0	0	0	0	0	0.00175922	0	
0	0	0	0	0	0	0	0	0	0	0	0.00175922	
***
>covarianceMatrix:
H
0.016384	0	0	0	
0	0.016384	0	0	
0	0	0.016384	0	
0	0	0	0.016384	
***
>covarianceMatrix:
I
0.00536871	0	0	0	0	0	0	0	
0	0.00536871	0	0	0	0	0	0	
0	0	0.00536871	0	0	0	0	0	
0	0	0	0.00536871	0	0	0	0	
0	0	0	0	0.00536871	0	0	0	
0	0	0	0	0	0.00536871	0	0	
0	0	0	0	0	0	0.00536871	0	
0	0	0	0	0	0	0	0.00536871	
***
>covarianceMatrix:
K
0.016384	0	0	0	
0	0.016384	0	0	
0	0	0.016384	0	
0	0	0	0.016384	
***
>covarianceMatrix:
L
0.000188895	0	0	0	0	0	0	0	0	0	0	0	0	0	0	0	0	0	0	0	
0	0.000188895	0	0	0	0	0	0	0	0	0	0	0	0	0	0	0	0	0	0	
0	0	0.000188895	0	0	0	0	0	0	0	0	0	0	0	0	0	0	0	0	0	
0	0	0	0.000188895	0	0	0	0	0	0	0	0	0	0	0	0	0	0	0	0	
0	0	0	0	0.000188895	0	0	0	0	0	0	0	0	0	0	0	0	0	0	0	
0	0	0	0	0	0.000188895	0	0	0	0	0	0	0	0	0	0	0	0	0	0	
0	0	0	0	0	0	0.000188895	0	0	0	0	0	0	0	0	0	0	0	0	0	
0	0	0	0	0	0	0	0.000188895	0	0	0	0	0	0	0	0	0	0	0	0	
0	0	0	0	0	0	0	0	0.000188895	0	0	0	0	0	0	0	0	0	0	0	
0	0	0	0	0	0	0	0	0	0.000188895	0	0	0	0	0	0	0	0	0	0	
0	0	0	0	0	0	0	0	0	0	0.000188895	0	0	0	0	0	0	0	0	0	
0	0	0	0	0	0	0	0	0	0	0	0.000188895	0	0	0	0	0	0	0	0	
0	0	0	0	0	0	0	0	0	0	0	0	0.000188895	0	0	0	0	0	0	0	
0	0	0	0	0	0	0	0	0	0	0	0	0	0.000188895	0	0	0	0	0	0	
0	0	0	0	0	0	0	0	0	0	0	0	0	0	0.000188895	0	0	0	0	0	
0	0	0	0	0	0	0	0	0	0	0	0	0	0	0	0.000188895	0	0	0	0	
0	0	0	0	0	0	0	0	0	0	0	0	0	0	0	0	0.000188895	0	0	0	
0	0	0	0	0	0	0	0	0	0	0	0	0	0	0	0	0	0.000188895	0	0	
0	0	0	0	0	0	0	0	0	0	0	0	0	0	0	0	0	0	0.000188895	0	
0	0	0	0	0	0	0	0	0	0	0	0	0	0	0	0	0	0	0	0.000188895	
***
>covarianceMatrix:
M

***
>covarianceMatrix:
N
0.016384	0	0	0	
0	0.016384	0	0	
0	0	0.016384	0	
0	0	0	0.016384	
***
>covarianceMatrix:
P
0.00175922	0	0	0	0	0	0	0	0	0	0	0	
0	0.00175922	0	0	0	0	0	0	0	0	0	0	
0	0	0.00175922	0	0	0	0	0	0	0	0	0	
0	0	0	0.00175922	0	0	0	0	0	0	0	0	
0	0	0	0	0.00175922	0	0	0	0	0	0	0	
0	0	0	0	0	0.00175922	0	0	0	0	0	0	
0	0	0	0	0	0	0.00175922	0	0	0	0	0	
0	0	0	0	0	0	0	0.00175922	0	0	0	0	
0	0	0	0	0	0	0	0	0.00175922	0	0	0	
0	0	0	0	0	0	0	0	0	0.00175922	0	0	
0	0	0	0	0	0	0	0	0	0	0.00175922	0	
0	0	0	0	0	0	0	0	0	0	0	0.00175922	
***
>covarianceMatrix:
Q
0.016384	0	0	0	
0	0.016384	0	0	
0	0	0.016384	0	
0	0	0	0.016384	
***
>covarianceMatrix:
R
0.000188895	0	0	0	0	0	0	0	0	0	0	0	0	0	0	0	0	0	0	0	
0	0.000188895	0	0	0	0	0	0	0	0	0	0	0	0	0	0	0	0	0	0	
0	0	0.000188895	0	0	0	0	0	0	0	0	0	0	0	0	0	0	0	0	0	
0	0	0	0.000188895	0	0	0	0	0	0	0	0	0	0	0	0	0	0	0	0	
0	0	0	0	0.000188895	0	0	0	0	0	0	0	0	0	0	0	0	0	0	0	
0	0	0	0	0	0.000188895	0	0	0	0	0	0	0	0	0	0	0	0	0	0	
0	0	0	0	0	0	0.000188895	0	0	0	0	0	0	0	0	0	0	0	0	0	
0	0	0	0	0	0	0	0.000188895	0	0	0	0	0	0	0	0	0	0	0	0	
0	0	0	0	0	0	0	0	0.000188895	0	0	0	0	0	0	0	0	0	0	0	
0	0	0	0	0	0	0	0	0	0.000188895	0	0	0	0	0	0	0	0	0	0	
0	0	0	0	0	0	0	0	0	0	0.000188895	0	0	0	0	0	0	0	0	0	
0	0	0	0	0	0	0	0	0	0	0	0.000188895	0	0	0	0	0	0	0	0	
0	0	0	0	0	0	0	0	0	0	0	0	0.000188895	0	0	0	0	0	0	0	
0	0	0	0	0	0	0	0	0	0	0	0	0	0.000188895	0	0	0	0	0	0	
0	0	0	0	0	0	0	0	0	0	0	0	0	0	0.000188895	0	0	0	0	0	
0	0	0	0	0	0	0	0	0	0	0	0	0	0	0	0.000188895	0	0	0	0	
0	0	0	0	0	0	0	0	0	0	0	0	0	0	0	0	0.000188895	0	0	0	
0	0	0	0	0	0	0	0	0	0	0	0	0	0	0	0	0	0.000188895	0	0	
0	0	0	0	0	0	0	0	0	0	0	0	0	0	0	0	0	0	0.000188895	0	
0	0	0	0	0	0	0	0	0	0	0	0	0	0	0	0	0	0	0	0.000188895	
***
>covarianceMatrix:
S
0.00175922	0	0	0	0	0	0	0	0	0	0	0	
0	0.00175922	0	0	0	0	0	0	0	0	0	0	
0	0	0.00175922	0	0	0	0	0	0	0	0	0	
0	0	0	0.00175922	0	0	0	0	0	0	0	0	
0	0	0	0	0.00175922	0	0	0	0	0	0	0	
0	0	0	0	0	0.00175922	0	0	0	0	0	0	
0	0	0	0	0	0	0.00175922	0	0	0	0	0	
0	0	0	0	0	0	0	0.00175922	0	0	0	0	
0	0	0	0	0	0	0	0	0.00175922	0	0	0	
0	0	0	0	0	0	0	0	0	0.00175922	0	0	
0	0	0	0	0	0	0	0	0	0	0.00175922	0	
0	0	0	0	0	0	0	0	0	0	0	0.00175922	
***
>covarianceMatrix:
T
0.00175922	0	0	0	0	0	0	0	0	0	0	0	
0	0.00175922	0	0	0	0	0	0	0	0	0	0	
0	0	0.00175922	0	0	0	0	0	0	0	0	0	
0	0	0	0.00175922	0	0	0	0	0	0	0	0	
0	0	0	0	0.00175922	0	0	0	0	0	0	0	
0	0	0	0	0	0.00175922	0	0	0	0	0	0	
0	0	0	0	0	0	0.00175922	0	0	0	0	0	
0	0	0	0	0	0	0	0.00175922	0	0	0	0	
0	0	0	0	0	0	0	0	0.00175922	0	0	0	
0	0	0	0	0	0	0	0	0	0.00175922	0	0	
0	0	0	0	0	0	0	0	0	0	0.00175922	0	
0	0	0	0	0	0	0	0	0	0	0	0.00175922	
***
>covarianceMatrix:
V
0.00175922	0	0	0	0	0	0	0	0	0	0	0	
0	0.00175922	0	0	0	0	0	0	0	0	0	0	
0	0	0.00175922	0	0	0	0	0	0	0	0	0	
0	0	0	0.00175922	0	0	0	0	0	0	0	0	
0	0	0	0	0.00175922	0	0	0	0	0	0	0	
0	0	0	0	0	0.00175922	0	0	0	0	0	0	
0	0	0	0	0	0	0.00175922	0	0	0	0	0	
0	0	0	0	0	0	0	0.00175922	0	0	0	0	
0	0	0	0	0	0	0	0	0.00175922	0	0	0	
0	0	0	0	0	0	0	0	0	0.00175922	0	0	
0	0	0	0	0	0	0	0	0	0	0.00175922	0	
0	0	0	0	0	0	0	0	0	0	0	0.00175922	
***
>covarianceMatrix:
W

***
>covarianceMatrix:
Y
0.016384	0	0	0	
0	0.016384	0	0	
0	0	0.016384	0	
0	0	0	0.016384	
***
>covarianceMatrix:
Z
0.02048	0	0	0	
0	0.02048	0	0	
0	0	0.02048	0	
0	0	0	0.02048	
***
>covarianceMatrix:
X
1	0	0	0	0	0	0	0	
0	1	0	0	0	0	0	0	
0	0	1	0	0	0	0	0	
0	0	0	1	0	0	0	0	
0	0	0	0	1	0	0	0	
0	0	0	0	0	1	0	0	
0	0	0	0	0	0	1	0	
0	0	0	0	0	0	0	1	
***
>std_csp:
0.032768 0.032768 0.032768 0.032768 0.032768 0.032768 0.032768 0.032768 0.032768 0.032768
0.032768 0.032768 0.032768 0.032768 0.032768 0.032768 0.032768 0.032768 0.032768 0.032768
0.032768 0.032768 0.032768 0.032768 0.032768 0.032768 0.032768 0.032768 0.032768 0.032768
0.032768 0.032768 0.032768 0.032768 0.032768 0.032768 0.032768 0.032768 0.032768 0.04096
>currentMutationParameter:
***
-0.679335 1.75953 -0.836474 -0.0582729 -1.58871 1.02717 -0.835838 -1.68493 -1.60436 0.868689
0.891085 1.10232 1.86596 1.16595 0.975782 1.66423 1.39989 -1.26253 0.694005 1.38977
-1.75349 2.08861 0.873835 1.62941 0.938286 0.0437995 -0.497243 0.448893 -0.935894 1.08417
-0.732925 -0.376006 -0.839271 1.89401 -0.875447 0.113695 1.76083 0.653453 -0.431926 0.639996
***
0.680593 -1.24926 -1.49918 2.08438 -1.10346 -1.47142 1.47718 -0.580744 -0.769524 -0.651246
1.23821 2.09733 -1.78244 -0.0311324 0.0272621 0.341706 0.490384 0.124805 -0.321414 -1.47577
-1.07966 0.433487 -0.246656 1.57268 -1.12282 0.337581 -0.705351 0.989738 -1.03874 0.690714
-1.16402 -1.89892 0.164841 1.20447 0.412055 0.527036 -1.61105 1.30393 1.12775 1.97326
>currentSelectionParameter:
***
-1.03271 -1.22429 -0.661808 -2.15361 -2.0926 0.347688 2.04467 -1.40027 -0.315559 -0.157262
1.83775 1.73134 0.585016 1.10933 -0.19211 -0.419148 -0.501418 -2.42805 -2.39616 0.0725328
-0.976614 0.0256514 -1.67039 1.1797 -1.42814 -1.35735 1.65802 1.54221 -1.25155 1.74795
0.209079 1.09483 0.677442 2.29774 -0.724703 1.81619 1.89066 0.513613 -1.67412 0.844068
***
0.409636 0.685505 1.18002 0.823984 1.12488 0.507881 0.0389547 -1.36856 0.75992 -1.21272
0.880331 -0.557059 -0.818117 1.17414 0.0955127 -0.596443 0.256447 0.911865 -1.03112 1.17429
0.477493 -0.546516 -0.0805036 -0.496563 -0.861439 -1.15112 -0.315264 0.434567 0.102566 0.224552
0.533271 -0.307353 0.906735 -0.811746 -0.52095 0.946416 0.0638234 -1.04895 -0.17462 1.24877
