>Sphi:
1.07741
>Aphi:
3.10504e+231
>numParam:
40
>numMixtures:
2
>std_sphi:
0.096
>std_phi:
***
0.358318 0.298598 0.358318 0.298598 0.248832 0.248832 0.358318 0.358318 0.298598 0.358318
0.358318 0.358318 0.358318 0.358318 0.358318 0.248832 0.358318 0.358318 0.358318 0.238879
0.358318 0.358318 0.358318 0.248832 0.358318 0.358318 0.358318 0.358318 0.358318 0.358318
0.358318 0.358318 0.298598 0.20736 0.248832 0.20736 0.358318 0.298598 0.358318 0.248832
0.358318 0.248832 0.358318 0.358318 0.248832 0.298598 0.358318 0.358318 0.248832 0.358318
0.358318 0.298598 0.358318 0.358318 0.358318 0.20736 0.358318 0.248832 0.358318 0.358318
0.248832 0.358318 0.358318 0.358318 0.358318 0.358318 0.20736 0.358318 0.358318 0.358318
0.358318 0.358318 0.358318 0.358318 0.20736 0.298598 0.298598 0.358318 0.358318 0.358318
0.298598 0.358318 0.20736 0.298598 0.358318 0.20736 0.20736 0.358318 0.358318 0.199066
0.358318 0.358318 0.358318 0.358318 0.20736 0.248832 0.358318 0.358318 0.358318 0.298598
0.358318 0.358318 0.358318 0.358318 0.20736 0.358318 0.298598 0.358318 0.248832 0.298598
0.238879 0.358318 0.358318 0.248832 0.298598 0.358318 0.248832 0.358318 0.358318 0.358318
0.248832 0.238879 0.358318 0.358318 0.358318 0.358318 0.20736 0.358318 0.20736 0.358318
0.358318 0.358318 0.358318 0.358318 0.358318 0.248832 0.199066 0.358318 0.358318 0.358318
0.1728 0.358318 0.358318 0.248832 0.358318 0.358318 0.358318 0.358318 0.358318 0.199066
0.358318 0.358318 0.358318 0.358318 0.248832 0.358318 0.358318 0.358318 0.248832 0.248832
0.248832 0.358318 0.199066 0.358318 0.358318 0.358318 0.358318 0.248832 0.358318 0.358318
0.20736 0.358318 0.358318 0.20736 0.358318 0.298598 0.358318 0.358318 0.358318 0.358318
0.358318 0.248832 0.358318 0.358318 0.358318 0.358318 0.358318 0.298598 0.248832 0.20736
0.358318 0.248832 0.358318 0.298598 0.20736 0.358318 0.358318 0.298598 0.358318 0.358318
0.358318 0.358318 0.248832 0.358318 0.358318 0.358318 0.358318 0.298598 0.248832 0.358318
0.298598 0.298598 0.358318 0.20736 0.358318 0.298598 0.248832 0.298598 0.358318 0.358318
0.358318 0.298598 0.248832 0.358318 0.248832 0.238879 0.358318 0.358318 0.358318 0.358318
0.358318 0.248832 0.358318 0.20736 0.248832 0.248832 0.298598 0.358318 0.358318 0.358318
0.238879 0.298598 0.298598 0.298598 0.358318 0.358318 0.298598 0.358318 0.358318 0.358318
0.358318 0.298598 0.358318 0.358318 0.358318 0.358318 0.358318 0.358318 0.358318 0.199066
0.358318 0.358318 0.298598 0.358318 0.165888 0.358318 0.248832 0.298598 0.358318 0.248832
0.358318 0.358318 0.358318 0.358318 0.358318 0.358318 0.248832 0.358318 0.358318 0.298598
0.358318 0.358318 0.358318 0.358318 0.358318 0.358318 0.358318 0.358318 0.358318 0.248832
0.358318 0.358318 0.358318 0.199066 0.358318 0.248832 0.358318 0.1728 0.358318 0.358318
0.358318 0.358318 0.358318 0.358318 0.248832 0.298598 0.298598 0.358318 0.358318 0.358318
0.358318 0.248832 0.298598 0.358318 0.358318 0.248832 0.358318 0.358318 0.298598 0.358318
0.248832 0.358318 0.358318 0.358318 0.358318 0.358318 0.358318 0.358318 0.298598 0.358318
0.358318 0.358318 0.165888 0.358318 0.358318 0.358318 0.358318 0.358318 0.358318 0.358318
0.358318 0.358318 0.358318 0.358318 0.298598 0.358318 0.358318 0.358318 0.358318 0.298598
0.298598 0.358318 0.358318 0.358318 0.298598 0.358318 0.358318 0.358318 0.358318 0.358318
0.358318 0.358318 0.298598 0.358318 0.358318 0.298598 0.358318 0.248832 0.20736 0.358318
0.358318 0.358318 0.358318 0.358318 0.248832 0.358318 0.358318 0.358318 0.358318 0.358318
0.20736 0.358318 0.358318 0.358318 0.358318 0.358318 0.358318 0.358318 0.298598 0.248832
0.358318 0.358318 0.358318 0.298598 0.358318 0.248832 0.248832 0.358318 0.298598 0.358318
0.248832 0.358318 0.165888 0.199066 0.358318 0.298598 0.238879 0.358318 0.298598 0.358318
0.358318 0.358318 0.358318 0.358318 0.20736 0.248832 0.358318 0.20736 0.358318 0.358318
0.358318 0.358318 0.358318 0.298598 0.238879 0.358318 0.358318 0.358318 0.358318 0.358318
0.248832 0.358318 0.358318 0.358318 0.199066 0.358318 0.358318 0.358318 0.358318 0.199066
0.358318 0.358318 0.358318 0.358318 0.248832 0.358318 0.358318 0.358318 0.358318 0.358318
0.358318 0.358318 0.358318 0.358318 0.358318 0.358318 0.298598 0.358318 0.358318 0.358318
0.248832 0.199066 0.298598 0.358318 0.358318 0.358318 0.358318 0.358318 0.358318 0.358318
0.248832 0.358318 0.298598 0.358318 0.358318 0.358318 0.298598 0.358318 0.358318 0.248832
0.358318 0.248832 0.358318 0.358318 0.358318 0.358318 0.358318 0.358318 0.358318 0.358318
0.298598 0.358318 0.358318 0.238879 0.358318 0.358318 0.358318 0.298598 0.248832 0.358318
0.358318 0.358318 0.358318 0.358318 0.358318 0.358318 0.358318 0.358318 0.358318 0.358318
0.358318 0.358318 0.358318 0.358318 0.358318 0.358318 0.358318 0.358318 0.358318 0.358318
0.358318 0.358318 0.358318 0.358318 0.358318 0.358318 0.358318 0.358318 0.358318 0.358318
0.358318 0.358318 0.358318 0.358318 0.358318 0.358318 0.358318 0.358318 0.358318 0.358318
0.358318 0.358318 0.358318 0.358318 0.358318 0.358318 0.358318 0.358318 0.358318 0.358318
0.358318 0.358318 0.358318 0.358318 0.358318 0.358318 0.358318 0.358318 0.358318 0.358318
0.358318 0.358318 0.358318 0.358318 0.358318 0.358318 0.358318 0.358318 0.358318 0.358318
0.358318 0.358318 0.358318 0.358318 0.358318 0.358318 0.358318 0.358318 0.358318 0.358318
0.358318 0.358318 0.358318 0.358318 0.358318 0.358318 0.358318 0.358318 0.358318 0.358318
0.358318 0.358318 0.358318 0.358318 0.358318 0.358318 0.358318 0.358318 0.358318 0.358318
0.358318 0.358318 0.358318 0.358318 0.358318 0.358318 0.358318 0.358318 0.358318 0.358318
0.358318 0.358318 0.358318 0.358318 0.358318 0.358318 0.358318 0.358318 0.358318 0.358318
0.358318 0.358318 0.358318 0.358318 0.358318 0.358318 0.358318 0.358318 0.358318 0.358318
0.358318 0.358318 0.358318 0.358318 0.358318 0.358318 0.358318 0.358318 0.358318 0.358318
0.358318 0.358318 0.358318 0.358318 0.358318 0.358318 0.358318 0.358318 0.358318 0.358318
0.358318 0.358318 0.358318 0.358318 0.358318 0.358318 0.358318 0.358318 0.358318 0.358318
0.358318 0.358318 0.358318 0.358318 0.358318 0.358318 0.358318 0.358318 0.358318 0.358318
0.358318 0.358318 0.358318 0.358318 0.358318 0.358318 0.358318 0.358318 0.358318 0.358318
0.358318 0.358318 0.358318 0.358318 0.358318 0.358318 0.358318 0.358318 0.358318 0.358318
0.358318 0.358318 0.358318 0.358318 0.358318 0.358318 0.358318 0.358318 0.358318 0.358318
0.358318 0.358318 0.358318 0.358318 0.358318 0.358318 0.358318 0.358318 0.358318 0.358318
0.358318 0.358318 0.358318 0.358318 0.358318 0.358318 0.358318 0.358318 0.358318 0.358318
0.358318 0.358318 0.358318 0.358318 0.358318 0.358318 0.358318 0.358318 0.358318 0.358318
0.358318 0.358318 0.358318 0.358318 0.358318 0.358318 0.358318 0.358318 0.358318 0.358318
0.358318 0.358318 0.358318 0.358318 0.358318 0.358318 0.358318 0.358318 0.358318 0.358318
0.358318 0.358318 0.358318 0.358318 0.358318 0.358318 0.358318 0.358318 0.358318 0.358318
0.358318 0.358318 0.358318 0.358318 0.358318 0.358318 0.358318 0.358318 0.358318 0.358318
0.358318 0.358318 0.358318 0.358318 0.358318 0.358318 0.358318 0.358318 0.358318 0.358318
0.358318 0.358318 0.358318 0.358318 0.358318 0.358318 0.358318 0.358318 0.358318 0.358318
0.358318 0.358318 0.358318 0.358318 0.358318 0.358318 0.358318 0.358318 0.358318 0.358318
0.358318 0.358318 0.358318 0.358318 0.358318 0.358318 0.358318 0.358318 0.358318 0.358318
0.358318 0.358318 0.358318 0.358318 0.358318 0.358318 0.358318 0.358318 0.358318 0.358318
0.358318 0.358318 0.358318 0.358318 0.358318 0.358318 0.358318 0.358318 0.358318 0.358318
0.358318 0.358318 0.358318 0.358318 0.358318 0.358318 0.358318 0.358318 0.358318 0.358318
0.358318 0.358318 0.358318 0.358318 0.358318 0.358318 0.358318 0.358318 0.358318 0.358318
0.358318 0.358318 0.358318 0.358318 0.358318 0.358318 0.358318 0.358318 0.358318 0.358318
0.358318 0.358318 0.358318 0.358318 0.358318 0.358318 0.358318 0.358318 0.358318 0.358318
0.358318 0.358318 0.358318 0.358318 0.358318 0.358318 0.358318 0.358318 0.358318 0.358318
0.358318 0.358318 0.358318 0.358318 0.358318 0.358318 0.358318 0.358318 0.358318 0.358318
0.358318 0.358318 0.358318 0.358318 0.358318 0.358318 0.358318 0.358318 0.358318 0.358318
0.358318 0.358318 0.358318 0.358318 0.358318 0.358318 0.358318 0.358318 0.358318 0.358318
0.358318 0.358318 0.358318 0.358318 0.358318 0.358318 0.358318 0.358318 0.358318 0.358318
0.358318 0.358318 0.358318 0.358318 0.358318 0.358318 0.358318 0.358318 0.358318 0.358318
0.358318 0.358318 0.358318 0.358318 0.358318 0.358318 0.358318 0.358318 0.358318 0.358318
0.358318 0.358318 0.358318 0.358318 0.358318 0.358318 0.358318 0.358318 0.358318 0.358318
0.358318 0.358318 0.358318 0.358318 0.358318 0.358318 0.358318 0.358318 0.358318 0.358318
0.358318 0.358318 0.358318 0.358318 0.358318 0.358318 0.358318 0.358318 0.358318 0.358318
0.358318 0.358318 0.358318 0.358318 0.358318 0.358318 0.358318 0.358318 0.358318 0.358318
0.358318 0.358318 0.358318 0.358318 0.358318 0.358318 0.358318 0.358318 0.358318 0.358318
0.358318 0.358318 0.358318 0.358318 0.358318 0.358318 0.358318 0.358318 0.358318 0.358318
***
0.358318 0.358318 0.358318 0.358318 0.358318 0.358318 0.358318 0.358318 0.358318 0.358318
0.358318 0.358318 0.358318 0.358318 0.358318 0.358318 0.358318 0.358318 0.358318 0.358318
0.358318 0.358318 0.358318 0.358318 0.358318 0.358318 0.358318 0.358318 0.358318 0.358318
0.358318 0.358318 0.358318 0.358318 0.358318 0.358318 0.358318 0.358318 0.358318 0.358318
0.358318 0.358318 0.358318 0.358318 0.358318 0.358318 0.358318 0.358318 0.358318 0.358318
0.358318 0.358318 0.358318 0.358318 0.358318 0.358318 0.358318 0.358318 0.358318 0.358318
0.358318 0.358318 0.358318 0.358318 0.358318 0.358318 0.358318 0.358318 0.358318 0.358318
0.358318 0.358318 0.358318 0.358318 0.358318 0.358318 0.358318 0.358318 0.358318 0.358318
0.358318 0.358318 0.358318 0.358318 0.358318 0.358318 0.358318 0.358318 0.358318 0.358318
0.358318 0.358318 0.358318 0.358318 0.358318 0.358318 0.358318 0.358318 0.358318 0.358318
0.358318 0.358318 0.358318 0.358318 0.358318 0.358318 0.358318 0.358318 0.358318 0.358318
0.358318 0.358318 0.358318 0.358318 0.358318 0.358318 0.358318 0.358318 0.358318 0.358318
0.358318 0.358318 0.358318 0.358318 0.358318 0.358318 0.358318 0.358318 0.358318 0.358318
0.358318 0.358318 0.358318 0.358318 0.358318 0.358318 0.358318 0.358318 0.358318 0.358318
0.358318 0.358318 0.358318 0.358318 0.358318 0.358318 0.358318 0.358318 0.358318 0.358318
0.358318 0.358318 0.358318 0.358318 0.358318 0.358318 0.358318 0.358318 0.358318 0.358318
0.358318 0.358318 0.358318 0.358318 0.358318 0.358318 0.358318 0.358318 0.358318 0.358318
0.358318 0.358318 0.358318 0.358318 0.358318 0.358318 0.358318 0.358318 0.358318 0.358318
0.358318 0.358318 0.358318 0.358318 0.358318 0.358318 0.358318 0.358318 0.358318 0.358318
0.358318 0.358318 0.358318 0.358318 0.358318 0.358318 0.358318 0.358318 0.358318 0.358318
0.358318 0.358318 0.358318 0.358318 0.358318 0.358318 0.358318 0.358318 0.358318 0.358318
0.358318 0.358318 0.358318 0.358318 0.358318 0.358318 0.358318 0.358318 0.358318 0.358318
0.358318 0.358318 0.358318 0.358318 0.358318 0.358318 0.358318 0.358318 0.358318 0.358318
0.358318 0.358318 0.358318 0.358318 0.358318 0.358318 0.358318 0.358318 0.358318 0.358318
0.358318 0.358318 0.358318 0.358318 0.358318 0.358318 0.358318 0.358318 0.358318 0.358318
0.358318 0.358318 0.358318 0.358318 0.358318 0.358318 0.358318 0.358318 0.358318 0.358318
0.358318 0.358318 0.358318 0.358318 0.358318 0.358318 0.358318 0.358318 0.358318 0.358318
0.358318 0.358318 0.358318 0.358318 0.358318 0.358318 0.358318 0.358318 0.358318 0.358318
0.358318 0.358318 0.358318 0.358318 0.358318 0.358318 0.358318 0.358318 0.358318 0.358318
0.358318 0.358318 0.358318 0.358318 0.358318 0.358318 0.358318 0.358318 0.358318 0.358318
0.358318 0.358318 0.358318 0.358318 0.358318 0.358318 0.358318 0.358318 0.358318 0.358318
0.358318 0.358318 0.358318 0.358318 0.358318 0.358318 0.358318 0.358318 0.358318 0.358318
0.358318 0.358318 0.358318 0.358318 0.358318 0.358318 0.358318 0.358318 0.358318 0.358318
0.358318 0.358318 0.358318 0.358318 0.358318 0.358318 0.358318 0.358318 0.358318 0.358318
0.358318 0.358318 0.358318 0.358318 0.358318 0.358318 0.358318 0.358318 0.358318 0.358318
0.358318 0.358318 0.358318 0.358318 0.358318 0.358318 0.358318 0.358318 0.358318 0.358318
0.358318 0.358318 0.358318 0.358318 0.358318 0.358318 0.358318 0.358318 0.358318 0.358318
0.358318 0.358318 0.358318 0.358318 0.358318 0.358318 0.358318 0.358318 0.358318 0.358318
0.358318 0.358318 0.358318 0.358318 0.358318 0.358318 0.358318 0.358318 0.358318 0.358318
0.358318 0.358318 0.358318 0.358318 0.358318 0.358318 0.358318 0.358318 0.358318 0.358318
0.358318 0.358318 0.358318 0.358318 0.358318 0.358318 0.358318 0.358318 0.358318 0.358318
0.358318 0.358318 0.358318 0.358318 0.358318 0.358318 0.358318 0.358318 0.358318 0.358318
0.358318 0.358318 0.358318 0.358318 0.358318 0.358318 0.358318 0.358318 0.358318 0.358318
0.358318 0.358318 0.358318 0.358318 0.358318 0.358318 0.358318 0.358318 0.358318 0.358318
0.358318 0.358318 0.358318 0.358318 0.358318 0.358318 0.358318 0.358318 0.358318 0.358318
0.358318 0.358318 0.358318 0.358318 0.358318 0.358318 0.358318 0.358318 0.358318 0.358318
0.358318 0.358318 0.358318 0.358318 0.358318 0.358318 0.358318 0.358318 0.358318 0.358318
0.358318 0.358318 0.358318 0.358318 0.358318 0.358318 0.358318 0.358318 0.358318 0.358318
0.358318 0.358318 0.358318 0.358318 0.358318 0.358318 0.358318 0.358318 0.358318 0.358318
0.358318 0.358318 0.358318 0.358318 0.358318 0.358318 0.358318 0.358318 0.358318 0.358318
0.358318 0.1728 0.199066 0.248832 0.298598 0.358318 0.358318 0.358318 0.358318 0.199066
0.165888 0.358318 0.165888 0.358318 0.358318 0.358318 0.358318 0.358318 0.1728 0.298598
0.358318 0.358318 0.358318 0.358318 0.358318 0.358318 0.298598 0.248832 0.358318 0.358318
0.1728 0.358318 0.358318 0.20736 0.358318 0.298598 0.358318 0.358318 0.20736 0.165888
0.358318 0.358318 0.248832 0.199066 0.358318 0.248832 0.248832 0.358318 0.358318 0.358318
0.248832 0.358318 0.358318 0.358318 0.358318 0.1728 0.358318 0.358318 0.1728 0.358318
0.358318 0.144 0.358318 0.1728 0.248832 0.358318 0.358318 0.20736 0.1728 0.144
0.248832 0.358318 0.20736 0.238879 0.358318 0.358318 0.358318 0.358318 0.358318 0.358318
0.1728 0.358318 0.358318 0.358318 0.358318 0.358318 0.358318 0.358318 0.13824 0.298598
0.358318 0.358318 0.358318 0.20736 0.199066 0.298598 0.358318 0.13824 0.358318 0.358318
0.358318 0.358318 0.248832 0.358318 0.358318 0.13824 0.358318 0.298598 0.358318 0.358318
0.358318 0.20736 0.298598 0.248832 0.358318 0.358318 0.358318 0.20736 0.199066 0.358318
0.1728 0.358318 0.1728 0.1728 0.20736 0.358318 0.298598 0.298598 0.298598 0.358318
0.358318 0.358318 0.144 0.298598 0.248832 0.358318 0.144 0.358318 0.298598 0.358318
0.358318 0.1152 0.298598 0.165888 0.358318 0.358318 0.358318 0.298598 0.248832 0.298598
0.358318 0.358318 0.248832 0.358318 0.199066 0.298598 0.248832 0.358318 0.358318 0.144
0.358318 0.238879 0.20736 0.358318 0.358318 0.165888 0.358318 0.358318 0.199066 0.358318
0.13824 0.358318 0.165888 0.358318 0.358318 0.248832 0.358318 0.248832 0.358318 0.358318
0.248832 0.358318 0.20736 0.358318 0.358318 0.298598 0.20736 0.298598 0.358318 0.248832
0.358318 0.165888 0.13824 0.358318 0.20736 0.165888 0.358318 0.20736 0.248832 0.358318
0.358318 0.248832 0.358318 0.20736 0.358318 0.20736 0.358318 0.1728 0.358318 0.358318
0.1728 0.1728 0.298598 0.144 0.358318 0.358318 0.165888 0.248832 0.358318 0.358318
0.248832 0.358318 0.298598 0.358318 0.358318 0.358318 0.358318 0.298598 0.298598 0.358318
0.298598 0.248832 0.1728 0.358318 0.165888 0.358318 0.358318 0.358318 0.358318 0.358318
0.358318 0.358318 0.20736 0.358318 0.358318 0.20736 0.358318 0.13824 0.358318 0.358318
0.298598 0.298598 0.358318 0.298598 0.248832 0.358318 0.20736 0.358318 0.358318 0.358318
0.199066 0.358318 0.12 0.358318 0.298598 0.20736 0.358318 0.238879 0.358318 0.358318
0.1728 0.358318 0.298598 0.13824 0.358318 0.358318 0.298598 0.298598 0.358318 0.298598
0.358318 0.144 0.358318 0.298598 0.12 0.248832 0.165888 0.144 0.358318 0.20736
0.248832 0.358318 0.1728 0.298598 0.20736 0.298598 0.358318 0.298598 0.358318 0.358318
0.358318 0.298598 0.1728 0.199066 0.298598 0.358318 0.199066 0.358318 0.165888 0.248832
0.358318 0.165888 0.298598 0.358318 0.358318 0.20736 0.238879 0.1728 0.298598 0.248832
0.358318 0.358318 0.358318 0.358318 0.298598 0.358318 0.358318 0.358318 0.248832 0.358318
0.358318 0.358318 0.358318 0.298598 0.1728 0.165888 0.358318 0.298598 0.358318 0.358318
0.358318 0.358318 0.20736 0.165888 0.358318 0.248832 0.358318 0.358318 0.358318 0.248832
0.298598 0.165888 0.358318 0.358318 0.298598 0.358318 0.358318 0.358318 0.358318 0.298598
0.20736 0.358318 0.358318 0.248832 0.358318 0.20736 0.298598 0.1152 0.358318 0.248832
0.358318 0.358318 0.358318 0.1728 0.358318 0.358318 0.199066 0.358318 0.298598 0.358318
0.358318 0.358318 0.358318 0.358318 0.358318 0.358318 0.358318 0.358318 0.298598 0.358318
0.358318 0.358318 0.248832 0.358318 0.358318 0.12 0.110592 0.358318 0.298598 0.165888
0.358318 0.298598 0.298598 0.298598 0.358318 0.358318 0.248832 0.358318 0.358318 0.358318
0.358318 0.358318 0.298598 0.144 0.20736 0.298598 0.12 0.298598 0.358318 0.358318
0.358318 0.1152 0.298598 0.358318 0.1728 0.358318 0.358318 0.298598 0.358318 0.358318
0.358318 0.358318 0.12 0.358318 0.358318 0.20736 0.358318 0.298598 0.358318 0.358318
0.358318 0.298598 0.248832 0.358318 0.358318 0.358318 0.358318 0.13824 0.20736 0.358318
0.13824 0.248832 0.1728 0.1728 0.358318 0.199066 0.20736 0.358318 0.298598 0.1728
0.358318 0.358318 0.358318 0.358318 0.358318 0.358318 0.238879 0.199066 0.358318 0.248832
0.248832 0.358318 0.298598 0.358318 0.358318 0.358318 0.20736 0.358318 0.358318 0.358318
0.358318 0.358318 0.358318 0.199066 0.358318 0.165888 0.199066 0.248832 0.1728 0.1152
0.358318 0.144 0.358318 0.298598 0.248832 0.358318 0.358318 0.298598 0.358318 0.358318
>categories:
0 0
1 1
>mixtureAssignment:
0 0 0 0 0 0 0 0 0 0 0 0 0 0 0 0 0 0 0 0 0 0 0 0 0 0 0 0 0 0 0 0 0 0 0 0 0 0 0 0 0 0 0 0 0 0 0 0 0 0
0 0 0 0 0 0 0 0 0 0 0 0 0 0 0 0 0 0 0 0 0 0 0 0 0 0 0 0 0 0 0 0 0 0 0 0 0 0 0 0 0 0 0 0 0 0 0 0 0 0
0 0 0 0 0 0 0 0 0 0 0 0 0 0 0 0 0 0 0 0 0 0 0 0 0 0 0 0 0 0 0 0 0 0 0 0 0 0 0 0 0 0 0 0 0 0 0 0 0 0
0 0 0 0 0 0 0 0 0 0 0 0 0 0 0 0 0 0 0 0 0 0 0 0 0 0 0 0 0 0 0 0 0 0 0 0 0 0 0 0 0 0 0 0 0 0 0 0 0 0
0 0 0 0 0 0 0 0 0 0 0 0 0 0 0 0 0 0 0 0 0 0 0 0 0 0 0 0 0 0 0 0 0 0 0 0 0 0 0 0 0 0 0 0 0 0 0 0 0 0
0 0 0 0 0 0 0 0 0 0 0 0 0 0 0 0 0 0 0 0 0 0 0 0 0 0 0 0 0 0 0 0 0 0 0 0 0 0 0 0 0 0 0 0 0 0 0 0 0 0
0 0 0 0 0 0 0 0 0 0 0 0 0 0 0 0 0 0 0 0 0 0 0 0 0 0 0 0 0 0 0 0 0 0 0 0 0 0 0 0 0 0 0 0 0 0 0 0 0 0
0 0 0 0 0 0 0 0 0 0 0 0 0 0 0 0 0 0 0 0 0 0 0 0 0 0 0 0 0 0 0 0 0 0 0 0 0 0 0 0 0 0 0 0 0 0 0 0 0 0
0 0 0 0 0 0 0 0 0 0 0 0 0 0 0 0 0 0 0 0 0 0 0 0 0 0 0 0 0 0 0 0 0 0 0 0 0 0 0 0 0 0 0 0 0 0 0 0 0 0
0 0 0 0 0 0 0 0 0 0 0 0 0 0 0 0 0 0 0 0 0 0 0 0 0 0 0 0 0 0 0 0 0 0 0 0 0 0 0 0 0 0 0 0 0 0 0 0 0 0
1 1 1 1 1 1 1 1 1 1 1 1 1 1 1 1 1 1 1 1 1 1 1 1 1 1 1 1 1 1 1 1 1 1 1 1 1 1 1 1 1 1 1 1 1 1 1 1 1 1
1 1 1 1 1 1 1 1 1 1 1 1 1 1 1 1 1 1 1 1 1 1 1 1 1 1 1 1 1 1 1 1 1 1 1 1 1 1 1 1 1 1 1 1 1 1 1 1 1 1
1 1 1 1 1 1 1 1 1 1 1 1 1 1 1 1 1 1 1 1 1 1 1 1 1 1 1 1 1 1 1 1 1 1 1 1 1 1 1 1 1 1 1 1 1 1 1 1 1 1
1 1 1 1 1 1 1 1 1 1 1 1 1 1 1 1 1 1 1 1 1 1 1 1 1 1 1 1 1 1 1 1 1 1 1 1 1 1 1 1 1 1 1 1 1 1 1 1 1 1
1 1 1 1 1 1 1 1 1 1 1 1 1 1 1 1 1 1 1 1 1 1 1 1 1 1 1 1 1 1 1 1 1 1 1 1 1 1 1 1 1 1 1 1 1 1 1 1 1 1
1 1 1 1 1 1 1 1 1 1 1 1 1 1 1 1 1 1 1 1 1 1 1 1 1 1 1 1 1 1 1 1 1 1 1 1 1 1 1 1 1 1 1 1 1 1 1 1 1 1
1 1 1 1 1 1 1 1 1 1 1 1 1 1 1 1 1 1 1 1 1 1 1 1 1 1 1 1 1 1 1 1 1 1 1 1 1 1 1 1 1 1 1 1 1 1 1 1 1 1
1 1 1 1 1 1 1 1 1 1 1 1 1 1 1 1 1 1 1 1 1 1 1 1 1 1 1 1 1 1 1 1 1 1 1 1 1 1 1 1 1 1 1 1 1 1 1 1 1 1
1 1 1 1 1 1 1 1 1 1 1 1 1 1 1 1 1 1 1 1 1 1 1 1 1 1 1 1 1 1 1 1 1 1 1 1 1 1 1 1 1 1 1 1 1 1 1 1 1 1
1 1 1 1 1 1 1 1 1 1 1 1 1 1 1 1 1 1 1 1 1 1 1 1 1 1 1 1 1 1 1 1 1 1 1 1 1 1 1 1 1 1 1 1 1 1 1 1 1 1
>numMutationCategories:
2
>numSelectionCategories:
2
>categoryProbabilities:
0.49683 0.50317 
>selectionIsInMixture:
***
0 
***
1 
>mutationIsInMixture:
***
0 
***
1 
>currentSynthesisRateLevel:
***
0.48061 1.43186 0.679419 0.752942 1.00018 0.781357 0.0816422 0.441736 0.783946 0.139256
2.11911 0.333923 0.150787 0.721453 0.426824 2.19435 0.295931 0.120976 0.785912 1.20577
0.360068 0.420358 0.806225 1.1876 1.28092 0.138443 0.195864 0.29298 0.166443 1.11088
0.397403 0.207651 2.46416 1.23347 0.977985 1.58557 0.159018 1.22728 2.59464 2.34009
0.383331 0.925184 0.623586 0.0609195 2.03159 0.610842 2.83846 0.410251 1.1301 2.78805
0.0989492 0.656992 0.213413 0.309489 0.218459 1.18402 0.612799 2.11319 0.453565 0.322593
0.805362 0.092612 0.393083 0.33987 0.246549 0.88731 1.08019 0.253625 0.0357633 0.0993893
0.367822 0.367294 0.410148 0.619172 1.18214 0.728258 0.481129 0.236884 0.601122 0.0720677
0.68663 0.0784271 2.66834 0.703035 0.0727704 1.53439 1.08367 0.695639 0.413216 2.13973
0.768279 0.039127 0.11429 0.380375 2.87185 1.80638 0.312975 0.0743254 0.51616 0.640844
0.261564 0.226076 0.876205 0.290781 1.36194 2.53501 3.72297 0.963082 1.49307 1.78316
3.33285 3.63576 0.0567805 0.95816 0.613516 0.270435 0.934794 0.174953 0.0713068 0.326158
3.01152 1.6239 1.26184 0.201382 0.382657 0.480576 0.686924 0.198325 2.58392 0.124857
0.13622 0.243683 0.240072 0.65734 0.396787 3.46123 1.17465 0.102285 1.88728 0.0789406
2.09787 0.336743 0.374996 1.00526 0.367455 0.22888 0.149645 1.12949 0.30068 2.03792
0.0295082 0.319929 0.132819 1.33781 2.13155 0.425219 0.183241 0.306638 2.67905 1.57752
1.46164 0.26646 1.15 0.480299 0.445537 0.71287 0.209822 1.18892 0.217947 0.457602
0.900925 3.97073 0.187918 1.35541 0.334568 2.57203 0.439601 0.974065 0.0935107 0.12102
1.35091 1.99214 0.236077 0.0521277 4.44077 0.153863 0.334895 0.733647 4.28498 3.48896
0.802015 1.27762 0.381834 0.674217 0.789408 0.167638 0.202272 4.40295 0.199104 0.227361
1.17027 0.419694 0.99016 0.485349 0.359431 0.218421 0.913393 2.81301 0.777708 1.8771
1.05107 0.613993 0.113295 1.84257 0.579451 1.32224 1.27341 1.55091 0.688326 0.050871
0.461501 0.581338 0.744912 0.359489 1.02115 0.757879 0.138721 0.119386 0.525107 0.242144
0.444315 2.22853 0.0607805 1.2855 1.8408 1.74924 0.785293 0.279832 0.0703831 0.0568472
0.436139 1.04614 0.835186 1.04588 0.297318 0.420626 0.84127 0.297537 0.21727 0.080231
0.150459 0.486474 0.268849 0.284246 0.58995 1.15975 0.524636 0.707578 0.168717 2.52261
0.144426 0.162235 0.805467 0.435868 1.88134 0.862561 0.880949 0.803471 0.242726 3.0859
1.02571 2.11681 0.563855 0.0537607 0.170877 0.161814 0.763203 0.291966 0.384344 0.821059
0.603693 2.28534 0.16877 0.757004 0.098057 1.15482 0.098222 0.613235 0.392472 0.8824
0.29595 0.392316 0.293971 3.4242 0.129726 2.34616 0.207001 2.00911 0.398206 0.146207
1.5871 0.0555861 0.786188 0.63414 2.27979 1.54541 4.78303 0.258565 0.0921083 3.38769
0.536291 2.88212 0.57102 0.122326 0.214055 0.843425 0.93146 0.0442841 1.37274 0.349669
2.68757 0.0452359 0.507972 0.112828 0.0766804 0.135197 0.178636 0.386403 3.07265 0.148633
0.0982663 1.25826 1.43234 0.227084 0.237396 0.618166 1.02941 0.283574 0.305661 2.85131
1.22251 0.701577 0.4857 0.0795589 1.19505 0.351306 0.0522277 3.7379 0.209138 1.35954
0.493407 0.0967816 0.407574 0.293436 0.633443 1.07765 0.554355 0.151359 0.47742 0.273416
0.305496 0.949926 1.16005 0.458173 0.181298 0.461948 2.76931 3.45772 1.59974 0.171217
0.254544 0.178439 1.11127 0.750052 1.50176 0.255641 0.726899 0.331798 0.356387 0.33531
1.59875 1.80684 0.58965 5.81889 0.390721 1.05991 0.0790287 0.190939 1.10537 1.41517
0.561275 0.326884 1.10042 0.467657 0.118262 1.89254 10.6451 0.540204 0.51956 1.02011
0.936282 0.652247 3.20171 1.58511 0.107003 0.7165 1.08477 0.423915 0.80403 0.0795458
0.109578 0.517902 0.152071 0.95004 1.6489 2.67659 0.580009 4.11793 0.43454 1.93311
1.5667 0.231117 0.135833 0.331152 2.02952 0.520853 0.343685 1.08104 0.803573 0.469935
1.30138 0.194538 0.381829 0.439802 0.979417 0.644023 0.594905 0.243366 0.12357 2.27538
0.216337 1.15205 0.2927 1.0717 0.842069 1.55621 0.702307 0.238549 1.02253 1.07871
1.1312 2.67809 0.115134 0.391277 0.341376 1.36632 3.57896 1.29584 1.73116 0.114701
1.07784 1.43122 0.875778 0.552503 0.315396 0.400648 0.35602 0.672922 1.2664 0.45136
0.831206 0.0927834 2.04711 1.21936 1.36348 0.0771824 0.666464 0.280977 0.202139 0.932954
12.2924 1.74646 0.460384 0.0338329 0.403779 1.06852 1.10066 2.30371 0.406507 0.533217
1.0433 0.624031 1.4265 0.645849 1.25116 0.192677 0.171467 0.601885 0.698335 0.209163
0.0539006 0.0321662 0.0180797 0.0303375 0.0264938 0.0550857 0.0232466 0.0542229 0.0644728 0.0128983
0.0203698 0.0491384 0.0249993 0.0135411 0.0124951 0.0492161 0.0468822 0.0311266 0.0242451 0.0531877
0.110196 0.0207604 0.12482 0.0508428 0.0212834 0.0189288 0.0164854 0.0198374 0.0417389 0.0508461
0.0134298 0.0380979 0.0308063 0.0358205 0.0506205 0.0100514 0.0181583 0.0480496 0.00874096 0.0301759
0.0772563 0.0494869 0.0078356 0.0243458 0.0135414 0.0309728 0.0174307 0.00533014 0.0748018 0.0174801
0.0115844 0.0343192 0.0255562 0.00430696 0.143606 0.00582989 0.0223473 0.0450507 0.0714181 0.0424065
0.0414554 0.0329439 0.0183454 0.0392792 0.0325656 0.0242788 0.0312647 0.0354857 0.0210282 0.0146281
0.0287661 0.0625432 0.031084 0.0522014 0.0317015 0.0748072 0.0284972 0.0222857 0.0259238 0.0291689
0.0292574 0.0171772 0.0450121 0.0317058 0.030773 0.0894938 0.0137744 0.0319545 0.0361789 0.0929409
0.0848358 0.128706 0.0447864 0.0135036 0.0223649 0.0223669 0.01814 0.0429019 0.0418824 0.0204216
0.0172326 0.0482128 0.0196043 0.0289006 0.0120879 0.0349735 0.0528527 0.0293886 0.0227992 0.0355592
0.0504524 0.0237567 0.0253066 0.0240576 0.0418865 0.0236537 0.0206636 0.0338511 0.0139376 0.0145754
0.0101723 0.0364205 0.0431307 0.0258702 0.0793512 0.0482794 0.0243365 0.0446284 0.0293392 0.0572934
0.136585 0.0241952 0.0159668 0.0330599 0.0252244 0.0208759 0.0297627 0.0284175 0.0331231 0.0137722
0.130083 0.0229596 0.0261701 0.0420311 0.0399575 0.0164656 0.0109034 0.0230625 0.0585727 0.0418224
0.0352634 0.0198202 0.0473458 0.0698498 0.0153693 0.0641638 0.0264531 0.0645327 0.0255916 0.0388458
0.0425702 0.0335017 0.025614 0.107973 0.0348563 0.0391371 0.0416233 0.0733352 0.0322015 0.0344273
0.0111781 0.0666883 0.0277433 0.128832 0.0594661 0.0621484 0.0289441 0.0619974 0.0287575 0.0139053
0.0287599 0.0184628 0.0240273 0.0498055 0.063479 0.0584557 0.0202664 0.0292869 0.0140864 0.0269352
0.0635624 0.00689808 0.0100149 0.0579373 0.0240949 0.0180201 0.0219823 0.0491706 0.106222 0.0126915
0.00843818 0.012527 0.0109853 0.0317609 0.13174 0.0219286 0.0292477 0.0395349 0.0392345 0.0751223
0.0332904 0.0169269 0.0370887 0.0173357 0.0582536 0.0601534 0.0177784 0.0212432 0.021164 0.0464963
0.061708 0.0248102 0.0159261 0.0191709 0.0172556 0.0677063 0.0300346 0.0772595 0.0392388 0.0186337
0.0764544 0.0258631 0.0109336 0.0294837 0.0455748 0.0319891 0.0584241 0.0122026 0.0352784 0.012613
0.0777893 0.039105 0.0565164 0.027376 0.036294 0.0268313 0.0244416 0.0288674 0.0397553 0.0250331
0.0432198 0.0347519 0.0790031 0.0524713 0.0335372 0.0222979 0.00860002 0.0129505 0.0374635 0.0508241
0.018156 0.0207087 0.0140785 0.0308061 0.0500529 0.028765 0.0295315 0.020048 0.135029 0.0529832
0.0415551 0.0522273 0.0408102 0.00905389 0.015329 0.0535042 0.0455181 0.0120658 0.0253794 0.0171401
0.190386 0.0143118 0.0325684 0.116697 0.0184367 0.0286062 0.00901432 0.0359522 0.0390733 0.0230969
0.0278776 0.0231916 0.041536 0.0369115 0.0331707 0.0187528 0.00810991 0.021157 0.103493 0.0921815
0.0365003 0.0646635 0.0167969 0.0227253 0.0169843 0.0440558 0.0119699 0.0110481 0.013075 0.0106059
0.0270491 0.02235 0.0100258 0.0258896 0.0625144 0.0262755 0.0417627 0.0104247 0.0229946 0.0252461
0.0291428 0.0342312 0.0179858 0.0550835 0.0172626 0.016581 0.0326962 0.0393173 0.0720645 0.0222671
0.0220247 0.0129521 0.0472507 0.0468201 0.0502585 0.00936606 0.108149 0.020238 0.0160279 0.0266861
0.0395701 0.006409 0.0387156 0.0386976 0.0423237 0.0283896 0.0664894 0.0237095 0.0554995 0.0339581
0.0491355 0.0237301 0.0504484 0.0281006 0.0231548 0.0119536 0.0215717 0.0244989 0.0354046 0.009068
0.0143577 0.0604569 0.0344405 0.0502757 0.09186 0.0451349 0.0337276 0.0226968 0.0763213 0.0146853
0.0203066 0.0515762 0.028067 0.012594 0.0118107 0.027944 0.0214243 0.0122897 0.03142 0.0193283
0.0225624 0.0146427 0.0381113 0.0345118 0.0185779 0.013853 0.0377726 0.0175808 0.027107 0.0649104
0.0173542 0.0715338 0.089294 0.0564571 0.184146 0.00908964 0.00851764 0.0380365 0.0294001 0.0114711
0.0105883 0.0534327 0.0427725 0.0609218 0.0186068 0.0197191 0.0135841 0.0370691 0.090316 0.079279
0.0207429 0.00725956 0.0507942 0.0120412 0.07036 0.0321878 0.0196113 0.0323439 0.00761635 0.0206007
0.0293782 0.0427326 0.018305 0.0695178 0.0270221 0.043555 0.0316344 0.0432234 0.0323659 0.0226366
0.0483455 0.0445253 0.018945 0.0236518 0.00918396 0.0383702 0.0699774 0.0281442 0.0120059 0.0644829
0.0159584 0.0314806 0.021622 0.0332589 0.0534311 0.0177221 0.0287298 0.00882247 0.0145886 0.0226053
0.0497615 0.0282657 0.045482 0.0233164 0.0669865 0.0334194 0.041185 0.00999059 0.0375512 0.0434791
0.0682198 0.0156044 0.0211794 0.0815385 0.0333362 0.0121109 0.0912144 0.0312275 0.0343755 0.0164577
0.100507 0.0438659 0.0535583 0.0291911 0.0207697 0.0235988 0.0392093 0.0162038 0.0206848 0.0125142
0.115297 0.0432373 0.0286617 0.0271576 0.0069913 0.0428174 0.024256 0.0163214 0.0315482 0.0401957
0.0110418 0.01231 0.0138088 0.0887463 0.0139847 0.0127464 0.0415546 0.0353652 0.0379482 0.0140366
***
0.0503443 0.0869904 0.0386012 0.0638378 0.13965 0.135805 0.0463928 0.0451621 0.0442611 0.0461032
0.333685 0.0229811 0.0188452 0.0384449 0.0665003 0.10602 0.0132635 0.0216671 0.0479959 0.0790761
0.0428021 0.0466022 0.51118 0.129582 0.0380244 0.0127621 0.192758 0.0629358 0.033189 0.0673274
0.0208064 0.0170596 0.298654 0.0492911 0.151744 0.106483 0.0681974 0.0316789 0.199577 0.052551
0.0348118 0.0143538 0.0521665 0.066789 0.215415 0.0227341 0.302241 0.0688802 0.0788912 0.170771
0.0153244 0.0128009 0.0238218 0.0221545 0.0635654 0.0724402 0.0329774 0.1567 0.0465949 0.120605
0.0630805 0.0124413 0.0207627 0.0417541 0.0591645 0.137315 0.0448572 0.0623896 0.0296637 0.0400167
0.0280132 0.0225093 0.0218612 0.0855742 0.0305893 0.0487633 0.0529116 0.0584168 0.121595 0.0354561
0.0559905 0.0738504 0.319113 0.162693 0.0834436 0.148696 0.0682693 0.21638 0.0287304 0.263906
0.0351107 0.0382464 0.020451 0.12741 0.257458 0.146171 0.040092 0.0246154 0.107501 0.0306558
0.0383749 0.109338 0.105133 0.0176918 0.067436 0.274409 0.559678 0.11394 0.110757 0.177819
0.374742 0.219012 0.0145317 0.0530191 0.0415031 0.0621318 0.044396 0.0168917 0.0232012 0.0603902
0.311708 0.0985536 0.0584914 0.0659113 0.0440351 0.0952481 0.0513642 0.0895517 0.230495 0.0520379
0.0370607 0.0563495 0.0461546 0.162754 0.0656326 0.178098 0.0256297 0.0183019 0.0778157 0.0395348
0.149253 0.0773971 0.0243225 0.0658884 0.0145665 0.0183586 0.0422652 0.0668506 0.117838 0.117679
0.0201964 0.0327071 0.0436724 0.113878 0.159789 0.0315061 0.0500186 0.102835 0.113696 0.152999
0.16793 0.0258537 0.0862774 0.0438422 0.0226785 0.0578598 0.100873 0.0838829 0.0289002 0.126749
0.00934905 0.335769 0.0349276 0.126404 0.0705901 0.42214 0.0491249 0.0654609 0.036859 0.230346
0.0534496 0.206555 0.0642486 0.0392899 0.661799 0.017009 0.0503482 0.107392 0.304013 0.334062
0.101594 0.108324 0.0708985 0.0419095 0.0330192 0.0341202 0.0137644 0.249 0.0254743 0.0127066
0.0690449 0.0479341 0.153842 0.0225853 0.0373818 0.0243705 0.174952 0.340504 0.0221236 0.0957791
0.183887 0.15088 0.00999414 0.237319 0.0622663 0.0730224 0.175729 0.107037 0.0765391 0.0474976
0.0226164 0.0619578 0.0389126 0.139804 0.0439373 0.0191151 0.0295485 0.129741 0.0332094 0.0309271
0.0322041 0.0398722 0.0335529 0.0685298 0.283178 0.0797104 0.0278729 0.0324036 0.0446056 0.0275193
0.0486101 0.0709119 0.112045 0.0383679 0.078591 0.0320881 0.0452037 0.0419566 0.0505134 0.0153902
0.0248559 0.0165981 0.0253519 0.105992 0.062945 0.0413416 0.101051 0.0915765 0.0237832 0.25232
0.0098607 0.00863527 0.0184504 0.05414 0.247606 0.0494181 0.049627 0.0448103 0.0386955 0.333016
0.151664 0.180786 0.0270628 0.0342735 0.0382621 0.0413157 0.0663501 0.0112294 0.0598682 0.087015
0.0502134 0.19055 0.0361109 0.0461439 0.0328233 0.0830598 0.0118676 0.0671425 0.0625172 0.0241113
0.0190163 0.0789897 0.042581 0.208577 0.0342652 0.267077 0.0175099 0.130075 0.0219113 0.16372
0.363962 0.0456193 0.0682698 0.138562 0.0599191 0.186706 0.371552 0.0265869 0.10482 0.294879
0.0671594 0.167343 0.0437075 0.0228064 0.0200897 0.0413263 0.10171 0.095357 0.161159 0.0400778
0.29793 0.208689 0.0486049 0.063158 0.0545541 0.0337771 0.0400711 0.0781821 0.409194 0.0772709
0.0315612 0.185404 0.133178 0.016649 0.0312279 0.0168808 0.115876 0.0471812 0.018362 0.310156
0.111834 0.174342 0.121628 0.0442765 0.0805574 0.043303 0.0248796 0.186103 0.0508007 0.0924563
0.0451273 0.0958568 0.320128 0.0429014 0.0245102 0.170207 0.258435 0.247098 0.0693042 0.00420958
0.0217131 0.138236 0.159013 0.0773113 0.00739201 0.0349083 0.175519 0.284224 0.068703 0.0259198
0.142828 0.0199148 0.0237665 0.046806 0.171733 0.0283641 0.0449693 0.0286517 0.0235089 0.0610875
0.0906895 0.0299713 0.0337202 0.180963 0.052539 0.0649373 0.0300858 0.0531478 0.146036 0.0958421
0.0570941 0.0530665 0.117238 0.022222 0.053695 0.169955 0.542607 0.01915 0.0326994 0.0925817
0.0405849 0.102066 0.249017 0.166076 0.0346197 0.00698233 0.0343202 0.0439559 0.0263875 0.0560287
0.021947 0.0474769 0.0206627 0.0740721 0.194362 0.143398 0.0407446 0.31054 0.0684989 0.234654
0.191948 0.0403927 0.0217675 0.0407714 0.26283 0.0529322 0.0115629 0.106161 0.0303956 0.140556
0.0926628 0.0832378 0.0874292 0.0306267 0.0666215 0.0993972 0.0673351 0.0498315 0.0661606 0.14578
0.0435707 0.0292777 0.0407727 0.298024 0.0347278 0.189233 0.0362607 0.0180505 0.0713143 0.114631
0.267942 0.233278 0.032393 0.0338541 0.0427217 0.116549 0.247497 0.0948997 0.299929 0.0987058
0.0210309 0.0963163 0.0834664 0.0290308 0.0442463 0.0517848 0.0589831 0.0594864 0.174923 0.0244357
0.10235 0.0992895 0.160489 0.198623 0.395056 0.0437199 0.0382638 0.0270279 0.0234609 0.0712188
0.732503 0.175597 0.111827 0.0375914 0.043043 0.13438 0.0695468 0.190447 0.021089 0.025584
0.12719 0.0855313 0.0980559 0.0340282 0.103914 0.0222991 0.0577573 0.0157016 0.10678 0.0369709
0.515305 4.82721 2.4374 2.25318 1.45934 0.398273 1.35669 0.513057 0.834307 1.76693
2.87686 0.508023 3.28586 0.205219 0.577014 1.19092 0.731591 0.513614 1.91494 1.00156
0.779569 0.61506 4.59262 0.613756 0.0656179 0.366535 0.756296 1.34608 0.115469 1.57113
6.90486 0.113815 0.269092 1.33344 1.03879 0.599191 0.538219 0.455446 9.33629 1.97345
0.14267 1.94558 1.4575 1.56328 0.087094 1.54753 1.09093 1.20333 1.16135 0.327288
1.49168 0.164567 1.58562 0.416734 1.42682 6.54802 0.349016 0.352404 1.92023 0.336087
0.140878 2.67807 0.176585 5.1028 1.40372 0.108877 0.572188 2.89068 6.00236 2.4214
1.30675 0.431912 1.68932 1.45801 0.663793 0.939818 0.734844 0.58302 0.0719121 0.460841
2.59112 0.215883 0.178651 0.0624071 0.329675 1.23294 0.374646 0.573874 2.71833 1.49274
0.0774999 1.65735 0.293017 2.14238 2.10667 0.77475 0.0312192 4.52516 0.188123 0.141652
0.754677 0.688775 1.04888 0.0921413 0.771145 3.67991 0.791357 1.03429 0.252064 1.47681
1.36211 2.22503 0.596918 0.957939 2.21088 0.27779 0.646559 5.80786 5.95198 0.250141
6.4863 0.528334 7.2155 1.47434 1.50198 0.503961 1.3507 2.26275 0.742149 0.445319
0.203621 0.843977 1.92839 1.55274 1.31259 0.584746 2.90385 0.0899131 1.34066 0.244115
0.867718 4.3785 1.04872 1.59334 0.416212 0.184761 0.434149 0.870947 1.63717 1.12384
0.105058 0.360482 2.42924 0.279974 2.22094 1.54375 3.22275 2.03894 1.19135 3.68483
0.439154 1.11281 1.74655 0.0645252 0.395088 3.42159 0.460801 0.335579 1.85466 0.127607
1.76487 0.607402 1.98544 0.133689 0.540915 2.23256 0.534184 1.22462 0.266745 0.163837
1.30689 0.249245 4.65322 0.797764 0.507095 1.11327 1.31378 0.742132 0.317017 0.843675
0.391546 2.02405 3.5192 0.213167 2.12836 3.85824 0.522541 2.5711 6.05431 0.445301
0.283839 1.34028 0.214053 1.39435 1.30703 1.72164 1.19466 3.96251 0.611891 1.02587
2.25071 1.76926 5.51264 3.24955 0.0706076 1.18635 9.02537 1.42281 0.359955 0.839936
1.40443 0.128483 0.909761 0.14271 0.086651 0.585836 2.63652 1.59056 1.62592 0.154567
1.29175 1.70103 1.86661 0.149818 2.65627 0.603567 0.0525211 0.628061 0.586099 0.571324
0.115894 0.467318 1.32184 0.130595 0.2577 1.18785 0.334057 4.04468 0.67968 0.416697
0.692246 1.14787 0.697196 2.10677 1.92952 0.811322 9.78828 0.198128 0.365137 0.392353
1.27115 0.840181 7.94258 25.7133 1.06249 6.68046 0.240852 1.94759 6.08588 0.318504
3.85577 0.24306 3.87045 1.80299 0.46251 0.760892 0.765846 0.755792 0.892218 0.921222
0.695411 2.29218 0.332154 2.06227 2.6938 9.39844 3.34128 2.54092 6.56241 0.901455
1.43908 0.418116 1.61423 0.839618 1.5321 1.14993 0.485113 0.920983 0.389866 0.824362
0.387083 1.10202 2.30601 2.05438 1.60588 0.461964 0.894851 0.332153 1.79046 20.0865
0.249403 5.13125 1.02081 0.339583 0.91082 1.55399 1.55305 9.14298 1.49269 1.10261
0.270603 0.0940171 0.405635 0.0403456 1.13936 0.131336 0.388897 0.182089 3.23966 0.182687
0.285045 0.102077 0.264496 0.724589 1.59244 2.4356 1.09007 0.925373 0.756959 0.784706
0.229383 0.317948 1.26187 2.71097 0.205143 1.03653 0.0325362 0.673325 0.22454 1.65566
0.676216 3.70006 0.129809 0.248562 0.87566 0.316584 0.485787 0.361535 0.514008 0.616326
7.38257 0.132735 0.216935 2.10198 0.341801 1.29027 1.28446 3.01652 1.44707 1.34399
0.193436 0.481454 0.423057 1.47486 0.0287928 0.734088 1.46146 0.972522 1.27417 14.6412
1.77481 0.0531159 0.550145 0.0762889 0.479679 0.446204 0.0333441 1.16616 0.986602 0.373127
0.127808 0.979503 2.06845 0.13188 1.97367 4.0248 2.72231 0.430885 1.32556 1.82075
0.45016 1.67696 5.80396 1.11232 0.804273 0.606508 9.45788 0.637884 0.0670008 0.443682
1.13498 0.396459 0.88814 3.3158 1.95173 1.15306 4.88077 1.01347 0.558117 0.530327
0.384436 4.05991 0.824972 0.208917 2.6063 0.105285 0.111732 2.6899 0.460012 0.514392
0.890918 0.531319 4.16977 0.252208 0.312714 2.23328 0.509954 0.620519 1.04402 1.05132
0.902567 2.08 1.79538 0.465965 0.394005 0.0993229 1.38319 6.54269 1.74951 0.205205
3.94491 3.19177 2.06482 1.50955 0.746844 1.6806 1.17261 0.0882402 0.901494 2.50262
0.355425 0.226777 0.231342 0.745785 0.978903 0.0734094 1.29836 2.01989 0.147657 1.20426
2.56575 1.77208 0.907009 0.54636 0.615901 0.44436 2.37832 0.0888298 0.644498 0.476082
0.436827 6.6652 0.20702 1.90939 0.461445 4.16072 4.48713 1.09066 1.97638 3.80242
0.723976 4.50337 0.090585 4.0925 0.93009 0.196395 0.549909 5.82644 0.363755 0.462338
>covarianceMatrix:
A
0.000461169	0	0	0	0	0	0	0	0	0	0	0	
0	0.000461169	0	0	0	0	0	0	0	0	0	0	
0	0	0.000461169	0	0	0	0	0	0	0	0	0	
0	0	0	0.000461169	0	0	0	0	0	0	0	0	
0	0	0	0	0.000461169	0	0	0	0	0	0	0	
0	0	0	0	0	0.000461169	0	0	0	0	0	0	
0	0	0	0	0	0	0.000461169	0	0	0	0	0	
0	0	0	0	0	0	0	0.000461169	0	0	0	0	
0	0	0	0	0	0	0	0	0.000461169	0	0	0	
0	0	0	0	0	0	0	0	0	0.000461169	0	0	
0	0	0	0	0	0	0	0	0	0	0.000461169	0	
0	0	0	0	0	0	0	0	0	0	0	0.000461169	
***
>covarianceMatrix:
C
0.0104858	0	0	0	
0	0.0104858	0	0	
0	0	0.0104858	0	
0	0	0	0.0104858	
***
>covarianceMatrix:
D
0.0104858	0	0	0	
0	0.0104858	0	0	
0	0	0.0104858	0	
0	0	0	0.0104858	
***
>covarianceMatrix:
E
0.0104858	0	0	0	
0	0.0104858	0	0	
0	0	0.0104858	0	
0	0	0	0.0104858	
***
>covarianceMatrix:
F
0.0104858	0	0	0	
0	0.0104858	0	0	
0	0	0.0104858	0	
0	0	0	0.0104858	
***
>covarianceMatrix:
G
0.000461169	0	0	0	0	0	0	0	0	0	0	0	
0	0.000461169	0	0	0	0	0	0	0	0	0	0	
0	0	0.000461169	0	0	0	0	0	0	0	0	0	
0	0	0	0.000461169	0	0	0	0	0	0	0	0	
0	0	0	0	0.000461169	0	0	0	0	0	0	0	
0	0	0	0	0	0.000461169	0	0	0	0	0	0	
0	0	0	0	0	0	0.000461169	0	0	0	0	0	
0	0	0	0	0	0	0	0.000461169	0	0	0	0	
0	0	0	0	0	0	0	0	0.000461169	0	0	0	
0	0	0	0	0	0	0	0	0	0.000461169	0	0	
0	0	0	0	0	0	0	0	0	0	0.000461169	0	
0	0	0	0	0	0	0	0	0	0	0	0.000461169	
***
>covarianceMatrix:
H
0.0104858	0	0	0	
0	0.0104858	0	0	
0	0	0.0104858	0	
0	0	0	0.0104858	
***
>covarianceMatrix:
I
0.00219902	0	0	0	0	0	0	0	
0	0.00219902	0	0	0	0	0	0	
0	0	0.00219902	0	0	0	0	0	
0	0	0	0.00219902	0	0	0	0	
0	0	0	0	0.00219902	0	0	0	
0	0	0	0	0	0.00219902	0	0	
0	0	0	0	0	0	0.00219902	0	
0	0	0	0	0	0	0	0.00219902	
***
>covarianceMatrix:
K
0.0104858	0	0	0	
0	0.0104858	0	0	
0	0	0.0104858	0	
0	0	0	0.0104858	
***
>covarianceMatrix:
L
6.1897e-05	0	0	0	0	0	0	0	0	0	0	0	0	0	0	0	0	0	0	0	
0	6.1897e-05	0	0	0	0	0	0	0	0	0	0	0	0	0	0	0	0	0	0	
0	0	6.1897e-05	0	0	0	0	0	0	0	0	0	0	0	0	0	0	0	0	0	
0	0	0	6.1897e-05	0	0	0	0	0	0	0	0	0	0	0	0	0	0	0	0	
0	0	0	0	6.1897e-05	0	0	0	0	0	0	0	0	0	0	0	0	0	0	0	
0	0	0	0	0	6.1897e-05	0	0	0	0	0	0	0	0	0	0	0	0	0	0	
0	0	0	0	0	0	6.1897e-05	0	0	0	0	0	0	0	0	0	0	0	0	0	
0	0	0	0	0	0	0	6.1897e-05	0	0	0	0	0	0	0	0	0	0	0	0	
0	0	0	0	0	0	0	0	6.1897e-05	0	0	0	0	0	0	0	0	0	0	0	
0	0	0	0	0	0	0	0	0	6.1897e-05	0	0	0	0	0	0	0	0	0	0	
0	0	0	0	0	0	0	0	0	0	6.1897e-05	0	0	0	0	0	0	0	0	0	
0	0	0	0	0	0	0	0	0	0	0	6.1897e-05	0	0	0	0	0	0	0	0	
0	0	0	0	0	0	0	0	0	0	0	0	6.1897e-05	0	0	0	0	0	0	0	
0	0	0	0	0	0	0	0	0	0	0	0	0	6.1897e-05	0	0	0	0	0	0	
0	0	0	0	0	0	0	0	0	0	0	0	0	0	6.1897e-05	0	0	0	0	0	
0	0	0	0	0	0	0	0	0	0	0	0	0	0	0	6.1897e-05	0	0	0	0	
0	0	0	0	0	0	0	0	0	0	0	0	0	0	0	0	6.1897e-05	0	0	0	
0	0	0	0	0	0	0	0	0	0	0	0	0	0	0	0	0	6.1897e-05	0	0	
0	0	0	0	0	0	0	0	0	0	0	0	0	0	0	0	0	0	6.1897e-05	0	
0	0	0	0	0	0	0	0	0	0	0	0	0	0	0	0	0	0	0	6.1897e-05	
***
>covarianceMatrix:
M

***
>covarianceMatrix:
N
0.0104858	0	0	0	
0	0.0104858	0	0	
0	0	0.0104858	0	
0	0	0	0.0104858	
***
>covarianceMatrix:
P
0.000461169	0	0	0	0	0	0	0	0	0	0	0	
0	0.000461169	0	0	0	0	0	0	0	0	0	0	
0	0	0.000461169	0	0	0	0	0	0	0	0	0	
0	0	0	0.000461169	0	0	0	0	0	0	0	0	
0	0	0	0	0.000461169	0	0	0	0	0	0	0	
0	0	0	0	0	0.000461169	0	0	0	0	0	0	
0	0	0	0	0	0	0.000461169	0	0	0	0	0	
0	0	0	0	0	0	0	0.000461169	0	0	0	0	
0	0	0	0	0	0	0	0	0.000461169	0	0	0	
0	0	0	0	0	0	0	0	0	0.000461169	0	0	
0	0	0	0	0	0	0	0	0	0	0.000461169	0	
0	0	0	0	0	0	0	0	0	0	0	0.000461169	
***
>covarianceMatrix:
Q
0.0104858	0	0	0	
0	0.0104858	0	0	
0	0	0.0104858	0	
0	0	0	0.0104858	
***
>covarianceMatrix:
R
6.1897e-05	0	0	0	0	0	0	0	0	0	0	0	0	0	0	0	0	0	0	0	
0	6.1897e-05	0	0	0	0	0	0	0	0	0	0	0	0	0	0	0	0	0	0	
0	0	6.1897e-05	0	0	0	0	0	0	0	0	0	0	0	0	0	0	0	0	0	
0	0	0	6.1897e-05	0	0	0	0	0	0	0	0	0	0	0	0	0	0	0	0	
0	0	0	0	6.1897e-05	0	0	0	0	0	0	0	0	0	0	0	0	0	0	0	
0	0	0	0	0	6.1897e-05	0	0	0	0	0	0	0	0	0	0	0	0	0	0	
0	0	0	0	0	0	6.1897e-05	0	0	0	0	0	0	0	0	0	0	0	0	0	
0	0	0	0	0	0	0	6.1897e-05	0	0	0	0	0	0	0	0	0	0	0	0	
0	0	0	0	0	0	0	0	6.1897e-05	0	0	0	0	0	0	0	0	0	0	0	
0	0	0	0	0	0	0	0	0	6.1897e-05	0	0	0	0	0	0	0	0	0	0	
0	0	0	0	0	0	0	0	0	0	6.1897e-05	0	0	0	0	0	0	0	0	0	
0	0	0	0	0	0	0	0	0	0	0	6.1897e-05	0	0	0	0	0	0	0	0	
0	0	0	0	0	0	0	0	0	0	0	0	6.1897e-05	0	0	0	0	0	0	0	
0	0	0	0	0	0	0	0	0	0	0	0	0	6.1897e-05	0	0	0	0	0	0	
0	0	0	0	0	0	0	0	0	0	0	0	0	0	6.1897e-05	0	0	0	0	0	
0	0	0	0	0	0	0	0	0	0	0	0	0	0	0	6.1897e-05	0	0	0	0	
0	0	0	0	0	0	0	0	0	0	0	0	0	0	0	0	6.1897e-05	0	0	0	
0	0	0	0	0	0	0	0	0	0	0	0	0	0	0	0	0	6.1897e-05	0	0	
0	0	0	0	0	0	0	0	0	0	0	0	0	0	0	0	0	0	6.1897e-05	0	
0	0	0	0	0	0	0	0	0	0	0	0	0	0	0	0	0	0	0	6.1897e-05	
***
>covarianceMatrix:
S
0.000461169	0	0	0	0	0	0	0	0	0	0	0	
0	0.000461169	0	0	0	0	0	0	0	0	0	0	
0	0	0.000461169	0	0	0	0	0	0	0	0	0	
0	0	0	0.000461169	0	0	0	0	0	0	0	0	
0	0	0	0	0.000461169	0	0	0	0	0	0	0	
0	0	0	0	0	0.000461169	0	0	0	0	0	0	
0	0	0	0	0	0	0.000461169	0	0	0	0	0	
0	0	0	0	0	0	0	0.000461169	0	0	0	0	
0	0	0	0	0	0	0	0	0.000461169	0	0	0	
0	0	0	0	0	0	0	0	0	0.000461169	0	0	
0	0	0	0	0	0	0	0	0	0	0.000461169	0	
0	0	0	0	0	0	0	0	0	0	0	0.000461169	
***
>covarianceMatrix:
T
0.000461169	0	0	0	0	0	0	0	0	0	0	0	
0	0.000461169	0	0	0	0	0	0	0	0	0	0	
0	0	0.000461169	0	0	0	0	0	0	0	0	0	
0	0	0	0.000461169	0	0	0	0	0	0	0	0	
0	0	0	0	0.000461169	0	0	0	0	0	0	0	
0	0	0	0	0	0.000461169	0	0	0	0	0	0	
0	0	0	0	0	0	0.000461169	0	0	0	0	0	
0	0	0	0	0	0	0	0.000461169	0	0	0	0	
0	0	0	0	0	0	0	0	0.000461169	0	0	0	
0	0	0	0	0	0	0	0	0	0.000461169	0	0	
0	0	0	0	0	0	0	0	0	0	0.000461169	0	
0	0	0	0	0	0	0	0	0	0	0	0.000461169	
***
>covarianceMatrix:
V
0.00090072	0	0	0	0	0	0	0	0	0	0	0	
0	0.00090072	0	0	0	0	0	0	0	0	0	0	
0	0	0.00090072	0	0	0	0	0	0	0	0	0	
0	0	0	0.00090072	0	0	0	0	0	0	0	0	
0	0	0	0	0.00090072	0	0	0	0	0	0	0	
0	0	0	0	0	0.00090072	0	0	0	0	0	0	
0	0	0	0	0	0	0.00090072	0	0	0	0	0	
0	0	0	0	0	0	0	0.00090072	0	0	0	0	
0	0	0	0	0	0	0	0	0.00090072	0	0	0	
0	0	0	0	0	0	0	0	0	0.00090072	0	0	
0	0	0	0	0	0	0	0	0	0	0.00090072	0	
0	0	0	0	0	0	0	0	0	0	0	0.00090072	
***
>covarianceMatrix:
W

***
>covarianceMatrix:
Y
0.0104858	0	0	0	
0	0.0104858	0	0	
0	0	0.0104858	0	
0	0	0	0.0104858	
***
>covarianceMatrix:
Z
0.0104858	0	0	0	
0	0.0104858	0	0	
0	0	0.0104858	0	
0	0	0	0.0104858	
***
>covarianceMatrix:
X
1	0	0	0	0	0	0	0	
0	1	0	0	0	0	0	0	
0	0	1	0	0	0	0	0	
0	0	0	1	0	0	0	0	
0	0	0	0	1	0	0	0	
0	0	0	0	0	1	0	0	
0	0	0	0	0	0	1	0	
0	0	0	0	0	0	0	1	
***
>std_csp:
0.0209715 0.0209715 0.0209715 0.0209715 0.0209715 0.0209715 0.0209715 0.0209715 0.0209715 0.0209715
0.0209715 0.0209715 0.0209715 0.0209715 0.0262144 0.0262144 0.0262144 0.0262144 0.0262144 0.0209715
0.0209715 0.0209715 0.0209715 0.0209715 0.0262144 0.0262144 0.0262144 0.0262144 0.0262144 0.0209715
0.0209715 0.0209715 0.0209715 0.0209715 0.0209715 0.0262144 0.0262144 0.0262144 0.0209715 0.0209715
>currentMutationParameter:
***
-0.72677 1.61306 -0.880105 0.0465765 -1.56158 1.00846 -1.00241 -1.81681 -1.72845 0.923808
0.77635 1.12005 1.85288 1.1525 1.12406 1.58958 0.754077 -1.33724 0.606899 1.34131
-1.56355 1.34768 1.15586 1.6651 1.08328 0.180506 -0.62991 0.284136 -0.772801 0.555747
-0.742436 -0.460021 -1.01089 1.78467 -0.939409 0.0166437 1.75216 0.630974 -0.3624 0.639156
***
0.364846 -1.29161 -1.58609 1.96828 -1.16878 -1.43396 1.44144 -0.565472 -1.04631 -0.628131
1.1352 1.85505 -1.72783 -0.127882 -0.162815 0.196796 0.251916 -0.228228 -0.363532 -1.57554
-1.14803 0.432282 -0.248526 1.62478 -0.716989 0.884598 -0.402522 1.01202 -0.789561 0.878178
-1.03382 -1.7236 0.304054 1.35837 0.576467 0.524894 -1.5707 1.53724 1.11781 1.94584
>currentSelectionParameter:
***
-0.785283 -0.92221 -0.457254 -1.94968 -1.90086 0.282392 1.80319 -1.17389 -0.266375 -0.499534
1.6513 1.449 0.431235 0.939214 -0.60846 -0.512617 0.837699 -1.85432 -1.84457 0.0527405
-1.27072 0.328913 -1.94578 0.959173 -1.54529 -1.45799 1.70537 1.71269 -1.35327 2.60834
0.172966 0.976442 0.728474 2.45306 -0.501761 1.68038 1.39122 0.395839 -1.6284 0.711729
***
0.54022 0.710279 1.22043 0.813148 1.10345 0.480369 0.0572068 -1.31433 0.87261 -1.14018
0.818683 -0.495684 -0.867855 1.14588 0.267373 -0.402518 0.497756 1.30999 -0.866031 1.17181
0.504253 -0.5477 -0.108576 -0.491535 -1.25705 -1.57469 -0.673041 0.314826 -0.223154 0.111798
0.462208 -0.329464 0.695504 -0.852241 -0.573858 0.845129 0.00926784 -1.13548 -0.195609 1.16196
