>Sphi:
1.11883
>Aphi:
1.29074e-231
>numParam:
40
>numMixtures:
2
>std_sphi:
0.08
>std_phi:
***
0.358318 0.248832 0.358318 0.298598 0.298598 0.20736 0.358318 0.358318 0.358318 0.358318
0.358318 0.358318 0.358318 0.358318 0.358318 0.248832 0.358318 0.358318 0.298598 0.248832
0.358318 0.298598 0.358318 0.248832 0.358318 0.358318 0.358318 0.358318 0.358318 0.358318
0.358318 0.358318 0.298598 0.248832 0.248832 0.20736 0.358318 0.248832 0.358318 0.20736
0.298598 0.20736 0.238879 0.358318 0.298598 0.248832 0.298598 0.358318 0.298598 0.358318
0.358318 0.298598 0.358318 0.358318 0.358318 0.248832 0.358318 0.248832 0.358318 0.358318
0.298598 0.358318 0.358318 0.358318 0.358318 0.358318 0.248832 0.358318 0.358318 0.358318
0.358318 0.358318 0.358318 0.358318 0.20736 0.358318 0.298598 0.358318 0.358318 0.358318
0.298598 0.358318 0.1728 0.298598 0.358318 0.248832 0.248832 0.358318 0.358318 0.20736
0.358318 0.358318 0.358318 0.358318 0.1728 0.248832 0.358318 0.358318 0.358318 0.248832
0.358318 0.358318 0.358318 0.358318 0.248832 0.358318 0.358318 0.298598 0.20736 0.298598
0.248832 0.358318 0.358318 0.298598 0.298598 0.358318 0.248832 0.358318 0.358318 0.358318
0.1728 0.238879 0.358318 0.358318 0.358318 0.358318 0.298598 0.358318 0.248832 0.358318
0.358318 0.358318 0.358318 0.298598 0.298598 0.298598 0.20736 0.358318 0.358318 0.358318
0.165888 0.358318 0.358318 0.20736 0.358318 0.358318 0.358318 0.298598 0.358318 0.165888
0.358318 0.358318 0.358318 0.358318 0.165888 0.358318 0.358318 0.358318 0.298598 0.248832
0.248832 0.358318 0.248832 0.358318 0.358318 0.358318 0.358318 0.20736 0.358318 0.358318
0.248832 0.358318 0.358318 0.20736 0.358318 0.20736 0.358318 0.358318 0.358318 0.358318
0.358318 0.248832 0.358318 0.358318 0.248832 0.358318 0.358318 0.298598 0.248832 0.248832
0.358318 0.248832 0.358318 0.248832 0.248832 0.358318 0.358318 0.248832 0.358318 0.358318
0.358318 0.298598 0.20736 0.298598 0.358318 0.358318 0.358318 0.298598 0.298598 0.298598
0.248832 0.298598 0.358318 0.248832 0.298598 0.298598 0.298598 0.298598 0.358318 0.358318
0.358318 0.248832 0.248832 0.358318 0.298598 0.298598 0.358318 0.358318 0.358318 0.358318
0.358318 0.248832 0.358318 0.199066 0.298598 0.248832 0.298598 0.358318 0.358318 0.358318
0.298598 0.298598 0.248832 0.298598 0.358318 0.358318 0.248832 0.358318 0.358318 0.358318
0.358318 0.358318 0.358318 0.358318 0.358318 0.358318 0.358318 0.358318 0.358318 0.248832
0.358318 0.358318 0.298598 0.358318 0.1728 0.358318 0.248832 0.358318 0.358318 0.248832
0.358318 0.358318 0.358318 0.358318 0.358318 0.358318 0.248832 0.358318 0.358318 0.298598
0.298598 0.358318 0.358318 0.298598 0.358318 0.358318 0.358318 0.358318 0.358318 0.20736
0.358318 0.358318 0.358318 0.20736 0.358318 0.248832 0.358318 0.20736 0.298598 0.358318
0.358318 0.358318 0.358318 0.358318 0.199066 0.248832 0.358318 0.358318 0.358318 0.358318
0.358318 0.20736 0.358318 0.358318 0.358318 0.248832 0.358318 0.358318 0.248832 0.358318
0.199066 0.358318 0.358318 0.358318 0.358318 0.358318 0.358318 0.358318 0.298598 0.358318
0.358318 0.358318 0.165888 0.358318 0.358318 0.358318 0.358318 0.358318 0.358318 0.358318
0.358318 0.358318 0.358318 0.358318 0.238879 0.358318 0.358318 0.358318 0.358318 0.358318
0.298598 0.358318 0.358318 0.358318 0.358318 0.358318 0.358318 0.358318 0.358318 0.358318
0.358318 0.358318 0.248832 0.358318 0.358318 0.298598 0.358318 0.298598 0.20736 0.358318
0.358318 0.358318 0.358318 0.358318 0.1728 0.358318 0.358318 0.358318 0.358318 0.358318
0.20736 0.358318 0.358318 0.358318 0.358318 0.358318 0.358318 0.358318 0.298598 0.248832
0.298598 0.358318 0.358318 0.298598 0.358318 0.248832 0.20736 0.298598 0.298598 0.358318
0.248832 0.358318 0.20736 0.248832 0.358318 0.238879 0.20736 0.298598 0.248832 0.358318
0.358318 0.358318 0.358318 0.358318 0.20736 0.165888 0.298598 0.248832 0.298598 0.298598
0.358318 0.358318 0.358318 0.358318 0.248832 0.298598 0.358318 0.298598 0.358318 0.358318
0.298598 0.358318 0.358318 0.358318 0.20736 0.298598 0.298598 0.358318 0.358318 0.248832
0.358318 0.298598 0.358318 0.358318 0.248832 0.358318 0.358318 0.358318 0.298598 0.358318
0.358318 0.358318 0.358318 0.358318 0.358318 0.358318 0.20736 0.358318 0.358318 0.358318
0.238879 0.20736 0.248832 0.248832 0.358318 0.358318 0.298598 0.358318 0.298598 0.358318
0.248832 0.358318 0.298598 0.358318 0.358318 0.358318 0.248832 0.358318 0.358318 0.298598
0.358318 0.248832 0.358318 0.358318 0.358318 0.358318 0.358318 0.358318 0.358318 0.358318
0.298598 0.358318 0.358318 0.298598 0.358318 0.358318 0.358318 0.248832 0.298598 0.358318
0.358318 0.358318 0.358318 0.358318 0.358318 0.358318 0.358318 0.358318 0.358318 0.358318
0.358318 0.358318 0.358318 0.358318 0.358318 0.358318 0.358318 0.358318 0.358318 0.358318
0.358318 0.358318 0.358318 0.358318 0.358318 0.358318 0.358318 0.358318 0.358318 0.358318
0.358318 0.358318 0.358318 0.358318 0.358318 0.358318 0.358318 0.358318 0.358318 0.358318
0.358318 0.358318 0.358318 0.358318 0.358318 0.358318 0.358318 0.358318 0.358318 0.358318
0.358318 0.358318 0.358318 0.358318 0.358318 0.358318 0.358318 0.358318 0.358318 0.358318
0.358318 0.358318 0.358318 0.358318 0.358318 0.358318 0.358318 0.358318 0.358318 0.358318
0.358318 0.358318 0.358318 0.358318 0.358318 0.358318 0.358318 0.358318 0.358318 0.358318
0.358318 0.358318 0.358318 0.358318 0.358318 0.358318 0.358318 0.358318 0.358318 0.358318
0.358318 0.358318 0.358318 0.358318 0.358318 0.358318 0.358318 0.358318 0.358318 0.358318
0.358318 0.358318 0.358318 0.358318 0.358318 0.358318 0.358318 0.358318 0.358318 0.358318
0.358318 0.358318 0.358318 0.358318 0.358318 0.358318 0.358318 0.358318 0.358318 0.358318
0.358318 0.358318 0.358318 0.358318 0.358318 0.358318 0.358318 0.358318 0.358318 0.358318
0.358318 0.358318 0.358318 0.358318 0.358318 0.358318 0.358318 0.358318 0.358318 0.358318
0.358318 0.358318 0.358318 0.358318 0.358318 0.358318 0.358318 0.358318 0.358318 0.358318
0.358318 0.358318 0.358318 0.358318 0.358318 0.358318 0.358318 0.358318 0.358318 0.358318
0.358318 0.358318 0.358318 0.358318 0.358318 0.358318 0.358318 0.358318 0.358318 0.358318
0.358318 0.358318 0.358318 0.358318 0.358318 0.358318 0.358318 0.358318 0.358318 0.358318
0.358318 0.358318 0.358318 0.358318 0.358318 0.358318 0.358318 0.358318 0.358318 0.358318
0.358318 0.358318 0.358318 0.358318 0.358318 0.358318 0.358318 0.358318 0.358318 0.358318
0.358318 0.358318 0.358318 0.358318 0.358318 0.358318 0.358318 0.358318 0.358318 0.358318
0.358318 0.358318 0.358318 0.358318 0.358318 0.358318 0.358318 0.358318 0.358318 0.358318
0.358318 0.358318 0.358318 0.358318 0.358318 0.358318 0.358318 0.358318 0.358318 0.358318
0.358318 0.358318 0.358318 0.358318 0.358318 0.358318 0.358318 0.358318 0.358318 0.358318
0.358318 0.358318 0.358318 0.358318 0.358318 0.358318 0.358318 0.358318 0.358318 0.358318
0.358318 0.358318 0.358318 0.358318 0.358318 0.358318 0.358318 0.358318 0.358318 0.358318
0.358318 0.358318 0.358318 0.358318 0.358318 0.358318 0.358318 0.358318 0.358318 0.358318
0.358318 0.358318 0.358318 0.358318 0.358318 0.358318 0.358318 0.358318 0.358318 0.358318
0.358318 0.358318 0.358318 0.358318 0.358318 0.358318 0.358318 0.358318 0.358318 0.358318
0.358318 0.358318 0.358318 0.358318 0.358318 0.358318 0.358318 0.358318 0.358318 0.358318
0.358318 0.358318 0.358318 0.358318 0.358318 0.358318 0.358318 0.358318 0.358318 0.358318
0.358318 0.358318 0.358318 0.358318 0.358318 0.358318 0.358318 0.358318 0.358318 0.358318
0.358318 0.358318 0.358318 0.358318 0.358318 0.358318 0.358318 0.358318 0.358318 0.358318
0.358318 0.358318 0.358318 0.358318 0.358318 0.358318 0.358318 0.358318 0.358318 0.358318
0.358318 0.358318 0.358318 0.358318 0.358318 0.358318 0.358318 0.358318 0.358318 0.358318
0.358318 0.358318 0.358318 0.358318 0.358318 0.358318 0.358318 0.358318 0.358318 0.358318
0.358318 0.358318 0.358318 0.358318 0.358318 0.358318 0.358318 0.358318 0.358318 0.358318
0.358318 0.358318 0.358318 0.358318 0.358318 0.358318 0.358318 0.358318 0.358318 0.358318
0.358318 0.358318 0.358318 0.358318 0.358318 0.358318 0.358318 0.358318 0.358318 0.358318
0.358318 0.358318 0.358318 0.358318 0.358318 0.358318 0.358318 0.358318 0.358318 0.358318
0.358318 0.358318 0.358318 0.358318 0.358318 0.358318 0.358318 0.358318 0.358318 0.358318
0.358318 0.358318 0.358318 0.358318 0.358318 0.358318 0.358318 0.358318 0.358318 0.358318
0.358318 0.358318 0.358318 0.358318 0.358318 0.358318 0.358318 0.358318 0.358318 0.358318
0.358318 0.358318 0.358318 0.358318 0.358318 0.358318 0.358318 0.358318 0.358318 0.358318
0.358318 0.358318 0.358318 0.358318 0.358318 0.358318 0.358318 0.358318 0.358318 0.358318
0.358318 0.358318 0.358318 0.358318 0.358318 0.358318 0.358318 0.358318 0.358318 0.358318
0.358318 0.358318 0.358318 0.358318 0.358318 0.358318 0.358318 0.358318 0.358318 0.358318
0.358318 0.358318 0.358318 0.358318 0.358318 0.358318 0.358318 0.358318 0.358318 0.358318
0.358318 0.358318 0.358318 0.358318 0.358318 0.358318 0.358318 0.358318 0.358318 0.358318
0.358318 0.358318 0.358318 0.358318 0.358318 0.358318 0.358318 0.358318 0.358318 0.358318
***
0.358318 0.358318 0.358318 0.358318 0.358318 0.358318 0.358318 0.358318 0.358318 0.358318
0.358318 0.358318 0.358318 0.358318 0.358318 0.358318 0.358318 0.358318 0.358318 0.358318
0.358318 0.358318 0.358318 0.358318 0.358318 0.358318 0.358318 0.358318 0.358318 0.358318
0.358318 0.358318 0.358318 0.358318 0.358318 0.358318 0.358318 0.358318 0.358318 0.358318
0.358318 0.358318 0.358318 0.358318 0.358318 0.358318 0.358318 0.358318 0.358318 0.358318
0.358318 0.358318 0.358318 0.358318 0.358318 0.358318 0.358318 0.358318 0.358318 0.358318
0.358318 0.358318 0.358318 0.358318 0.358318 0.358318 0.358318 0.358318 0.358318 0.358318
0.358318 0.358318 0.358318 0.358318 0.358318 0.358318 0.358318 0.358318 0.358318 0.358318
0.358318 0.358318 0.358318 0.358318 0.358318 0.358318 0.358318 0.358318 0.358318 0.358318
0.358318 0.358318 0.358318 0.358318 0.358318 0.358318 0.358318 0.358318 0.358318 0.358318
0.358318 0.358318 0.358318 0.358318 0.358318 0.358318 0.358318 0.358318 0.358318 0.358318
0.358318 0.358318 0.358318 0.358318 0.358318 0.358318 0.358318 0.358318 0.358318 0.358318
0.358318 0.358318 0.358318 0.358318 0.358318 0.358318 0.358318 0.358318 0.358318 0.358318
0.358318 0.358318 0.358318 0.358318 0.358318 0.358318 0.358318 0.358318 0.358318 0.358318
0.358318 0.358318 0.358318 0.358318 0.358318 0.358318 0.358318 0.358318 0.358318 0.358318
0.358318 0.358318 0.358318 0.358318 0.358318 0.358318 0.358318 0.358318 0.358318 0.358318
0.358318 0.358318 0.358318 0.358318 0.358318 0.358318 0.358318 0.358318 0.358318 0.358318
0.358318 0.358318 0.358318 0.358318 0.358318 0.358318 0.358318 0.358318 0.358318 0.358318
0.358318 0.358318 0.358318 0.358318 0.358318 0.358318 0.358318 0.358318 0.358318 0.358318
0.358318 0.358318 0.358318 0.358318 0.358318 0.358318 0.358318 0.358318 0.358318 0.358318
0.358318 0.358318 0.358318 0.358318 0.358318 0.358318 0.358318 0.358318 0.358318 0.358318
0.358318 0.358318 0.358318 0.358318 0.358318 0.358318 0.358318 0.358318 0.358318 0.358318
0.358318 0.358318 0.358318 0.358318 0.358318 0.358318 0.358318 0.358318 0.358318 0.358318
0.358318 0.358318 0.358318 0.358318 0.358318 0.358318 0.358318 0.358318 0.358318 0.358318
0.358318 0.358318 0.358318 0.358318 0.358318 0.358318 0.358318 0.358318 0.358318 0.358318
0.358318 0.358318 0.358318 0.358318 0.358318 0.358318 0.358318 0.358318 0.358318 0.358318
0.358318 0.358318 0.358318 0.358318 0.358318 0.358318 0.358318 0.358318 0.358318 0.358318
0.358318 0.358318 0.358318 0.358318 0.358318 0.358318 0.358318 0.358318 0.358318 0.358318
0.358318 0.358318 0.358318 0.358318 0.358318 0.358318 0.358318 0.358318 0.358318 0.358318
0.358318 0.358318 0.358318 0.358318 0.358318 0.358318 0.358318 0.358318 0.358318 0.358318
0.358318 0.358318 0.358318 0.358318 0.358318 0.358318 0.358318 0.358318 0.358318 0.358318
0.358318 0.358318 0.358318 0.358318 0.358318 0.358318 0.358318 0.358318 0.358318 0.358318
0.358318 0.358318 0.358318 0.358318 0.358318 0.358318 0.358318 0.358318 0.358318 0.358318
0.358318 0.358318 0.358318 0.358318 0.358318 0.358318 0.358318 0.358318 0.358318 0.358318
0.358318 0.358318 0.358318 0.358318 0.358318 0.358318 0.358318 0.358318 0.358318 0.358318
0.358318 0.358318 0.358318 0.358318 0.358318 0.358318 0.358318 0.358318 0.358318 0.358318
0.358318 0.358318 0.358318 0.358318 0.358318 0.358318 0.358318 0.358318 0.358318 0.358318
0.358318 0.358318 0.358318 0.358318 0.358318 0.358318 0.358318 0.358318 0.358318 0.358318
0.358318 0.358318 0.358318 0.358318 0.358318 0.358318 0.358318 0.358318 0.358318 0.358318
0.358318 0.358318 0.358318 0.358318 0.358318 0.358318 0.358318 0.358318 0.358318 0.358318
0.358318 0.358318 0.358318 0.358318 0.358318 0.358318 0.358318 0.358318 0.358318 0.358318
0.358318 0.358318 0.358318 0.358318 0.358318 0.358318 0.358318 0.358318 0.358318 0.358318
0.358318 0.358318 0.358318 0.358318 0.358318 0.358318 0.358318 0.358318 0.358318 0.358318
0.358318 0.358318 0.358318 0.358318 0.358318 0.358318 0.358318 0.358318 0.358318 0.358318
0.358318 0.358318 0.358318 0.358318 0.358318 0.358318 0.358318 0.358318 0.358318 0.358318
0.358318 0.358318 0.358318 0.358318 0.358318 0.358318 0.358318 0.358318 0.358318 0.358318
0.358318 0.358318 0.358318 0.358318 0.358318 0.358318 0.358318 0.358318 0.358318 0.358318
0.358318 0.358318 0.358318 0.358318 0.358318 0.358318 0.358318 0.358318 0.358318 0.358318
0.358318 0.358318 0.358318 0.358318 0.358318 0.358318 0.358318 0.358318 0.358318 0.358318
0.358318 0.358318 0.358318 0.358318 0.358318 0.358318 0.358318 0.358318 0.358318 0.358318
0.358318 0.1728 0.20736 0.20736 0.298598 0.358318 0.358318 0.358318 0.298598 0.20736
0.144 0.358318 0.144 0.358318 0.358318 0.358318 0.358318 0.358318 0.1728 0.358318
0.358318 0.358318 0.238879 0.358318 0.358318 0.358318 0.358318 0.248832 0.358318 0.358318
0.1728 0.358318 0.358318 0.20736 0.358318 0.358318 0.358318 0.358318 0.1728 0.20736
0.358318 0.298598 0.20736 0.199066 0.358318 0.248832 0.248832 0.298598 0.358318 0.358318
0.248832 0.358318 0.298598 0.358318 0.358318 0.199066 0.358318 0.358318 0.20736 0.358318
0.358318 0.1728 0.358318 0.13824 0.248832 0.358318 0.358318 0.165888 0.13824 0.165888
0.248832 0.358318 0.20736 0.248832 0.358318 0.358318 0.358318 0.358318 0.358318 0.358318
0.1728 0.358318 0.358318 0.358318 0.358318 0.358318 0.358318 0.358318 0.144 0.358318
0.358318 0.358318 0.358318 0.20736 0.20736 0.358318 0.358318 0.1728 0.358318 0.358318
0.358318 0.358318 0.298598 0.358318 0.358318 0.144 0.358318 0.248832 0.358318 0.358318
0.358318 0.1728 0.298598 0.298598 0.298598 0.358318 0.358318 0.298598 0.199066 0.358318
0.20736 0.358318 0.1728 0.1728 0.199066 0.358318 0.298598 0.298598 0.298598 0.358318
0.358318 0.358318 0.1728 0.248832 0.248832 0.358318 0.144 0.358318 0.298598 0.358318
0.358318 0.1152 0.298598 0.20736 0.358318 0.358318 0.358318 0.358318 0.298598 0.298598
0.358318 0.358318 0.20736 0.358318 0.1728 0.358318 0.248832 0.358318 0.358318 0.144
0.358318 0.248832 0.199066 0.358318 0.358318 0.165888 0.358318 0.358318 0.20736 0.358318
0.13824 0.358318 0.199066 0.358318 0.358318 0.165888 0.358318 0.298598 0.358318 0.358318
0.199066 0.358318 0.1728 0.358318 0.358318 0.298598 0.20736 0.358318 0.358318 0.298598
0.358318 0.13824 0.13824 0.358318 0.165888 0.20736 0.358318 0.248832 0.298598 0.358318
0.358318 0.165888 0.358318 0.20736 0.358318 0.20736 0.298598 0.144 0.358318 0.358318
0.1728 0.1728 0.298598 0.13824 0.358318 0.298598 0.20736 0.248832 0.358318 0.358318
0.238879 0.358318 0.358318 0.358318 0.358318 0.358318 0.358318 0.358318 0.248832 0.358318
0.298598 0.298598 0.165888 0.358318 0.20736 0.358318 0.358318 0.358318 0.358318 0.358318
0.358318 0.358318 0.199066 0.358318 0.358318 0.20736 0.358318 0.144 0.358318 0.358318
0.358318 0.298598 0.358318 0.298598 0.20736 0.358318 0.1728 0.358318 0.358318 0.358318
0.248832 0.298598 0.165888 0.358318 0.298598 0.248832 0.358318 0.165888 0.358318 0.358318
0.20736 0.358318 0.248832 0.248832 0.358318 0.358318 0.358318 0.298598 0.358318 0.358318
0.358318 0.1728 0.358318 0.248832 0.13824 0.20736 0.1728 0.20736 0.358318 0.248832
0.298598 0.358318 0.165888 0.358318 0.165888 0.298598 0.358318 0.298598 0.358318 0.358318
0.358318 0.298598 0.199066 0.248832 0.358318 0.358318 0.358318 0.358318 0.1728 0.298598
0.358318 0.1728 0.238879 0.358318 0.358318 0.199066 0.248832 0.20736 0.248832 0.20736
0.358318 0.358318 0.358318 0.358318 0.248832 0.358318 0.358318 0.358318 0.248832 0.358318
0.358318 0.358318 0.358318 0.358318 0.20736 0.144 0.358318 0.248832 0.358318 0.358318
0.358318 0.358318 0.248832 0.165888 0.358318 0.199066 0.358318 0.358318 0.358318 0.248832
0.358318 0.13824 0.358318 0.358318 0.298598 0.358318 0.358318 0.358318 0.358318 0.298598
0.165888 0.358318 0.358318 0.248832 0.358318 0.248832 0.298598 0.110592 0.358318 0.199066
0.358318 0.358318 0.358318 0.20736 0.358318 0.298598 0.248832 0.358318 0.298598 0.358318
0.358318 0.358318 0.358318 0.358318 0.358318 0.358318 0.358318 0.358318 0.298598 0.358318
0.358318 0.358318 0.298598 0.358318 0.358318 0.13824 0.144 0.358318 0.248832 0.20736
0.358318 0.358318 0.248832 0.358318 0.358318 0.358318 0.248832 0.358318 0.358318 0.358318
0.298598 0.358318 0.298598 0.1728 0.238879 0.248832 0.096 0.298598 0.358318 0.358318
0.358318 0.12 0.298598 0.358318 0.1728 0.358318 0.358318 0.298598 0.358318 0.358318
0.358318 0.358318 0.144 0.358318 0.358318 0.199066 0.358318 0.358318 0.358318 0.358318
0.358318 0.358318 0.20736 0.358318 0.358318 0.358318 0.358318 0.144 0.248832 0.358318
0.1728 0.248832 0.1728 0.20736 0.358318 0.248832 0.248832 0.358318 0.358318 0.199066
0.358318 0.358318 0.358318 0.358318 0.358318 0.358318 0.298598 0.20736 0.358318 0.248832
0.298598 0.358318 0.358318 0.358318 0.358318 0.358318 0.165888 0.358318 0.358318 0.358318
0.358318 0.358318 0.358318 0.298598 0.358318 0.144 0.165888 0.20736 0.199066 0.144
0.358318 0.13824 0.358318 0.358318 0.248832 0.358318 0.358318 0.358318 0.358318 0.358318
>categories:
0 0
1 1
>mixtureAssignment:
0 0 0 0 0 0 0 0 0 0 0 0 0 0 0 0 0 0 0 0 0 0 0 0 0 0 0 0 0 0 0 0 0 0 0 0 0 0 0 0 0 0 0 0 0 0 0 0 0 0
0 0 0 0 0 0 0 0 0 0 0 0 0 0 0 0 0 0 0 0 0 0 0 0 0 0 0 0 0 0 0 0 0 0 0 0 0 0 0 0 0 0 0 0 0 0 0 0 0 0
0 0 0 0 0 0 0 0 0 0 0 0 0 0 0 0 0 0 0 0 0 0 0 0 0 0 0 0 0 0 0 0 0 0 0 0 0 0 0 0 0 0 0 0 0 0 0 0 0 0
0 0 0 0 0 0 0 0 0 0 0 0 0 0 0 0 0 0 0 0 0 0 0 0 0 0 0 0 0 0 0 0 0 0 0 0 0 0 0 0 0 0 0 0 0 0 0 0 0 0
0 0 0 0 0 0 0 0 0 0 0 0 0 0 0 0 0 0 0 0 0 0 0 0 0 0 0 0 0 0 0 0 0 0 0 0 0 0 0 0 0 0 0 0 0 0 0 0 0 0
0 0 0 0 0 0 0 0 0 0 0 0 0 0 0 0 0 0 0 0 0 0 0 0 0 0 0 0 0 0 0 0 0 0 0 0 0 0 0 0 0 0 0 0 0 0 0 0 0 0
0 0 0 0 0 0 0 0 0 0 0 0 0 0 0 0 0 0 0 0 0 0 0 0 0 0 0 0 0 0 0 0 0 0 0 0 0 0 0 0 0 0 0 0 0 0 0 0 0 0
0 0 0 0 0 0 0 0 0 0 0 0 0 0 0 0 0 0 0 0 0 0 0 0 0 0 0 0 0 0 0 0 0 0 0 0 0 0 0 0 0 0 0 0 0 0 0 0 0 0
0 0 0 0 0 0 0 0 0 0 0 0 0 0 0 0 0 0 0 0 0 0 0 0 0 0 0 0 0 0 0 0 0 0 0 0 0 0 0 0 0 0 0 0 0 0 0 0 0 0
0 0 0 0 0 0 0 0 0 0 0 0 0 0 0 0 0 0 0 0 0 0 0 0 0 0 0 0 0 0 0 0 0 0 0 0 0 0 0 0 0 0 0 0 0 0 0 0 0 0
1 1 1 1 1 1 1 1 1 1 1 1 1 1 1 1 1 1 1 1 1 1 1 1 1 1 1 1 1 1 1 1 1 1 1 1 1 1 1 1 1 1 1 1 1 1 1 1 1 1
1 1 1 1 1 1 1 1 1 1 1 1 1 1 1 1 1 1 1 1 1 1 1 1 1 1 1 1 1 1 1 1 1 1 1 1 1 1 1 1 1 1 1 1 1 1 1 1 1 1
1 1 1 1 1 1 1 1 1 1 1 1 1 1 1 1 1 1 1 1 1 1 1 1 1 1 1 1 1 1 1 1 1 1 1 1 1 1 1 1 1 1 1 1 1 1 1 1 1 1
1 1 1 1 1 1 1 1 1 1 1 1 1 1 1 1 1 1 1 1 1 1 1 1 1 1 1 1 1 1 1 1 1 1 1 1 1 1 1 1 1 1 1 1 1 1 1 1 1 1
1 1 1 1 1 1 1 1 1 1 1 1 1 1 1 1 1 1 1 1 1 1 1 1 1 1 1 1 1 1 1 1 1 1 1 1 1 1 1 1 1 1 1 1 1 1 1 1 1 1
1 1 1 1 1 1 1 1 1 1 1 1 1 1 1 1 1 1 1 1 1 1 1 1 1 1 1 1 1 1 1 1 1 1 1 1 1 1 1 1 1 1 1 1 1 1 1 1 1 1
1 1 1 1 1 1 1 1 1 1 1 1 1 1 1 1 1 1 1 1 1 1 1 1 1 1 1 1 1 1 1 1 1 1 1 1 1 1 1 1 1 1 1 1 1 1 1 1 1 1
1 1 1 1 1 1 1 1 1 1 1 1 1 1 1 1 1 1 1 1 1 1 1 1 1 1 1 1 1 1 1 1 1 1 1 1 1 1 1 1 1 1 1 1 1 1 1 1 1 1
1 1 1 1 1 1 1 1 1 1 1 1 1 1 1 1 1 1 1 1 1 1 1 1 1 1 1 1 1 1 1 1 1 1 1 1 1 1 1 1 1 1 1 1 1 1 1 1 1 1
1 1 1 1 1 1 1 1 1 1 1 1 1 1 1 1 1 1 1 1 1 1 1 1 1 1 1 1 1 1 1 1 1 1 1 1 1 1 1 1 1 1 1 1 1 1 1 1 1 1
>numMutationCategories:
2
>numSelectionCategories:
2
>categoryProbabilities:
0.533587 0.466413 
>selectionIsInMixture:
***
0 
***
1 
>mutationIsInMixture:
***
0 
***
1 
>currentSynthesisRateLevel:
***
0.547384 1.17322 0.603616 0.650602 1.18752 0.776345 0.0916902 0.378162 0.802236 0.282917
2.15644 0.329777 0.168248 0.668489 0.472609 2.22723 0.433977 0.183832 0.837686 1.32348
0.466121 0.487911 1.19122 1.18744 1.01274 0.184231 0.285902 0.299317 0.122301 1.20675
0.497046 0.226409 2.78364 1.30993 1.16042 1.61148 0.144553 1.15416 2.29361 2.30311
0.427438 0.943582 0.5852 0.280569 2.11102 0.585115 2.77988 0.409332 1.1833 3.13846
0.118387 0.666457 0.205129 0.408078 0.227564 1.17292 0.577137 2.0559 0.644678 0.415082
0.845412 0.120996 0.438981 0.330141 0.27271 0.933539 1.11373 0.330317 0.100694 0.155475
0.387818 0.517174 0.263263 0.676151 1.28323 0.78688 0.567014 0.265089 0.534032 0.08179
0.711859 0.122229 2.35975 0.70134 0.110633 1.61646 0.970595 0.464583 0.464318 2.30429
0.701752 0.0986421 0.125384 0.410053 2.99307 1.9085 0.343846 0.14509 0.502645 0.660121
0.298101 0.247499 0.626301 0.329375 1.33282 2.67024 3.79797 0.821715 1.49905 1.60945
3.31354 3.25311 0.036053 0.952379 0.657311 0.285889 0.867651 0.236333 0.0653126 0.353626
2.71562 1.53843 1.29617 0.256274 0.3797 0.378722 0.779061 0.303357 2.39878 0.159107
0.244633 0.245041 0.11314 0.836699 0.391021 2.98529 1.24462 0.148793 1.71972 0.14472
1.99314 0.361086 0.537931 0.850168 0.398117 0.187389 0.207728 1.10157 0.323263 1.9559
0.0530884 0.291272 0.109931 1.58311 2.37034 0.400335 0.141307 0.326585 2.40263 1.53657
1.62524 0.254616 1.18668 0.610596 0.47849 0.780922 0.275226 1.3109 0.280637 0.246942
0.945326 3.6582 0.226996 1.42076 0.287232 2.4633 0.336772 1.1285 0.0712965 0.047545
1.50604 1.91222 0.31759 0.0425394 3.83112 0.199483 0.448091 0.704409 4.27113 3.60394
0.763463 1.50243 0.372501 0.736528 0.887242 0.211424 0.247285 4.13109 0.22752 0.269195
1.22022 0.466525 0.971788 0.543822 0.36627 0.248448 0.727174 2.25105 0.745485 2.0843
0.984918 0.713468 0.174404 1.9316 0.609759 1.34072 1.29784 1.76527 0.727915 0.0641863
0.397655 0.755617 0.74997 0.210515 1.1021 0.809373 0.123843 0.306177 0.669486 0.294649
0.44776 1.82589 0.137029 1.26817 2.19534 1.59885 0.754821 0.474101 0.159958 0.152075
0.432011 1.01621 0.880578 1.07326 0.222811 0.54149 0.849476 0.33846 0.208843 0.156354
0.268891 0.57291 0.358501 0.458134 0.664378 1.06293 0.618687 0.696719 0.257993 2.32066
0.209423 0.148047 0.759096 0.465952 1.65101 0.701648 0.827475 0.858522 0.224267 2.83333
1.44318 1.863 0.464506 0.12338 0.118472 0.127311 0.749489 0.299233 0.43936 0.601073
0.562148 1.83831 0.280431 0.789423 0.0368376 1.18108 0.0870442 0.667954 0.41153 0.816384
0.274944 0.443489 0.109829 3.13453 0.150542 2.32639 0.125665 1.71498 0.405165 0.0328873
1.37747 0.126814 0.708626 0.760479 2.13948 1.30354 4.55315 0.238424 0.158304 2.74793
0.481457 3.10521 0.637025 0.101965 0.20106 0.829004 1.03916 0.103297 1.48784 0.332259
2.57793 0.215483 0.470192 0.237518 0.0846053 0.204034 0.232595 0.513104 3.27627 0.137576
0.117444 1.66042 1.29857 0.241461 0.266862 0.559189 1.17432 0.608503 0.384377 2.99129
1.33705 0.79008 0.504978 0.12414 1.1674 0.389432 0.172632 3.0706 0.284829 1.72132
0.458684 0.272478 0.293314 0.314865 0.783351 1.36753 0.678842 0.299895 0.395532 0.351029
0.364083 1.08116 1.23436 0.462022 0.318899 0.454473 2.11566 3.43964 1.41471 0.225322
0.508963 0.201629 0.97123 0.78723 1.57962 0.3281 0.717677 0.174799 0.447 0.26661
1.53214 1.9773 0.481976 6.49078 0.448436 1.00343 0.0306633 0.247962 1.09517 1.30778
0.539279 0.338819 1.12684 0.417764 0.207321 1.79363 8.2178 0.442793 0.465815 1.20557
0.807335 0.657222 2.94648 1.64158 0.0755137 0.7467 1.04002 0.47232 0.746951 0.28596
0.215952 0.497597 0.19962 0.832764 1.496 2.50615 0.565941 3.95557 0.510567 1.75074
1.28819 0.228039 0.179065 0.423545 2.21781 0.512909 0.354631 1.06853 0.828442 0.569181
1.26848 0.319782 0.635448 0.331993 0.987302 0.615628 0.64954 0.148319 0.140883 2.22283
0.184916 1.63357 0.473509 1.3752 0.859411 1.84386 0.61899 0.177373 0.866978 1.1073
1.02284 2.57749 0.157431 0.402125 0.383243 1.24949 3.05275 1.47651 1.87078 0.287598
1.10583 1.25902 0.900107 0.541447 0.243678 0.260945 0.403399 0.688354 1.13352 0.443414
0.819262 0.168004 1.86278 1.51898 1.40021 0.0416531 0.669222 0.315138 0.20791 0.893301
11.2262 1.68311 0.40102 0.0755322 0.37917 0.806935 1.15986 2.66017 0.347965 0.578939
1.07508 0.640974 1.21746 0.682709 1.71029 0.267028 0.144491 0.641946 0.726941 0.230083
0.06562 0.0353699 0.0379754 0.0521585 0.0867637 0.0425321 0.0835152 0.0304504 0.0100597 0.0333133
0.0530069 0.0740799 0.0123961 0.0250817 0.131734 0.048161 0.119899 0.0577849 0.0353783 0.0302494
0.08426 0.00708525 0.0376313 0.0660053 0.0283142 0.0256514 0.0191019 0.0605311 0.095235 0.0330072
0.0984137 0.0337009 0.0441072 0.0746461 0.156427 0.00731156 0.0104417 0.0321535 0.0280025 0.0885798
0.0624524 0.0881688 0.0238733 0.0482058 0.0157629 0.215573 0.0294093 0.0465394 0.0415917 0.00682921
0.0151395 0.0389736 0.0681218 0.0211687 0.0489729 0.0270084 0.0290377 0.0487442 0.0822328 0.0316834
0.0348158 0.0445684 0.0308584 0.0592602 0.0438398 0.00646697 0.0727088 0.0495654 0.0501898 0.0317252
0.0525655 0.0159298 0.086217 0.0372875 0.0186071 0.0798789 0.0322687 0.0230861 0.0300395 0.0746746
0.134609 0.0478071 0.0284283 0.0394804 0.0301691 0.0837236 0.0160223 0.0764168 0.0123876 0.0477154
0.0392938 0.136445 0.0765682 0.0421938 0.0335871 0.00741842 0.0384961 0.0338457 0.0384567 0.0253071
0.0221068 0.0734415 0.0348299 0.010862 0.191027 0.0276508 0.07422 0.034844 0.0535994 0.18297
0.258854 0.0252026 0.0254759 0.0434248 0.0564476 0.0413143 0.0437572 0.0238555 0.0406116 0.0355318
0.00684382 0.0728983 0.0428936 0.00972312 0.0538729 0.13011 0.0413443 0.127419 0.0769945 0.052991
0.0304545 0.0498811 0.0839542 0.0532014 0.0248618 0.0327594 0.0704287 0.0469319 0.025331 0.0334289
0.236373 0.0334866 0.033638 0.0693369 0.0133757 0.00691248 0.0340289 0.0579743 0.0245191 0.0677346
0.0687406 0.0359732 0.062038 0.075034 0.0266706 0.0789392 0.136008 0.0858624 0.0453604 0.0474696
0.0615605 0.0558029 0.0526045 0.0774592 0.0632093 0.0995899 0.0464993 0.0419273 0.0588688 0.0232164
0.0301284 0.0285803 0.0654399 0.193239 0.0069264 0.115235 0.0156024 0.108004 0.182585 0.038494
0.098134 0.0494276 0.00946629 0.0537819 0.115288 0.0583635 0.0531839 0.0549406 0.0931401 0.0630513
0.0639817 0.062416 0.0276069 0.0136455 0.0407696 0.0385929 0.023243 0.0671193 0.0262454 0.0806961
0.0181566 0.0490728 0.0214782 0.0185623 0.0864192 0.0474819 0.066605 0.0322704 0.0421623 0.138398
0.0526709 0.0414696 0.036736 0.0910157 0.0631482 0.123431 0.0198519 0.0361285 0.0366363 0.130133
0.0954833 0.0116472 0.0204349 0.0359317 0.0713033 0.0598272 0.137418 0.0687736 0.032599 0.100505
0.0383896 0.0604911 0.0135094 0.0184082 0.0809081 0.0120058 0.0490062 0.0200653 0.0520555 0.037962
0.00961645 0.0896249 0.105635 0.0686546 0.0159087 0.0790033 0.0734333 0.0108494 0.0174756 0.0198199
0.0291444 0.0644844 0.0581897 0.0804507 0.0334137 0.0507613 0.0127338 0.0380813 0.0216219 0.0307908
0.0645323 0.0582897 0.0354744 0.0445786 0.080601 0.0127462 0.0402403 0.030247 0.161391 0.0682758
0.0574627 0.0317935 0.0692847 0.0607773 0.037225 0.0509242 0.0966914 0.0186151 0.063412 0.0895932
0.119322 0.0293306 0.0970329 0.105534 0.0748128 0.0635185 0.0697244 0.0554718 0.026059 0.0923603
0.0952718 0.0596676 0.0815131 0.0860444 0.103301 0.0820158 0.0165518 0.0543286 0.0536315 0.105438
0.0333894 0.0352173 0.131161 0.0726971 0.0543706 0.0161708 0.0663041 0.058993 0.0290405 0.024558
0.0369553 0.115529 0.0367583 0.0209185 0.0255203 0.0223958 0.0287675 0.0441572 0.0974895 0.0457771
0.0977284 0.0250904 0.0266918 0.0107679 0.037139 0.0317251 0.02072 0.0651544 0.0199985 0.02863
0.0986846 0.0180793 0.0628702 0.0634143 0.122403 0.0548463 0.102669 0.0289838 0.00946368 0.0561875
0.0542634 0.0296507 0.0395274 0.053497 0.0141302 0.0873681 0.0769284 0.0241446 0.130077 0.0544562
0.0818222 0.0400065 0.0188236 0.0496 0.047597 0.0931271 0.0219433 0.0468994 0.011906 0.0553546
0.0319422 0.0381847 0.0205951 0.0449252 0.041682 0.0608332 0.0799018 0.0386538 0.0909568 0.0316908
0.0369706 0.0538583 0.0946698 0.0455899 0.0249304 0.0239479 0.0527029 0.0404905 0.0710169 0.0294491
0.0241635 0.0466216 0.0511374 0.0512001 0.0150116 0.10471 0.0306663 0.0463332 0.0321928 0.0485931
0.0329492 0.0831258 0.0798759 0.0749881 0.100744 0.0696829 0.0257167 0.0832067 0.0473475 0.0242912
0.00870775 0.151277 0.0220756 0.0351902 0.0299227 0.0460303 0.01671 0.0140185 0.121323 0.125051
0.0410279 0.0238173 0.0407971 0.0781204 0.13281 0.0428973 0.0286629 0.0308479 0.0443101 0.0150814
0.0526038 0.0688501 0.045635 0.067336 0.0657688 0.0295283 0.0461448 0.0704275 0.101896 0.0158294
0.027599 0.0531608 0.023107 0.1133 0.0218878 0.0528024 0.0234063 0.0553252 0.0351468 0.049634
0.0442224 0.149277 0.0127514 0.0116878 0.0936788 0.0328129 0.098547 0.0262058 0.0432783 0.0230677
0.0450482 0.0517084 0.0276107 0.0280048 0.0625976 0.0160597 0.131569 0.0367891 0.0615679 0.0679771
0.138198 0.0887281 0.0415683 0.0967584 0.0932479 0.0107558 0.0526746 0.0288245 0.0237079 0.0692096
0.0480353 0.0546035 0.102531 0.0719272 0.0524104 0.0064288 0.0928275 0.0130446 0.0119413 0.0585568
0.0300867 0.0229401 0.0300306 0.134942 0.0344248 0.0691858 0.0351424 0.0326339 0.0370578 0.105163
0.0594858 0.0452591 0.0254598 0.0636545 0.0248783 0.0223931 0.0591922 0.0875939 0.0243976 0.0547391
***
0.0791261 0.190602 0.0151114 0.0960507 0.0352568 0.0790683 0.0256078 0.0430329 0.0470942 0.0349828
0.216225 0.0400555 0.0244738 0.0620511 0.0728204 0.0996783 0.0143505 0.00762962 0.0580278 0.112241
0.0433754 0.012656 0.340246 0.0909766 0.169844 0.00637574 0.0305147 0.0672465 0.0206784 0.0529287
0.0108386 0.0336752 0.0389588 0.0376323 0.0680774 0.0573701 0.0217526 0.028017 0.0893402 0.11939
0.0200633 0.0287401 0.0463597 0.0658194 0.1415 0.011217 0.205166 0.0300477 0.0393759 0.123643
0.0328832 0.0303648 0.0499761 0.0186232 0.0269181 0.055124 0.013691 0.1128 0.0593366 0.0593615
0.052957 0.0138177 0.0911314 0.0305482 0.0098987 0.19704 0.0242201 0.0362483 0.0770455 0.0488138
0.0178144 0.067446 0.0391085 0.042965 0.0840798 0.0268789 0.0654732 0.0122148 0.0709325 0.0273888
0.0340484 0.0632138 0.205366 0.0460547 0.0749729 0.0346367 0.0364004 0.0921708 0.011106 0.208759
0.160809 0.0353745 0.0389707 0.0353482 0.222837 0.123344 0.138764 0.0113892 0.0384936 0.0514407
0.0538232 0.0163963 0.131576 0.00960342 0.070714 0.35669 0.407637 0.131836 0.0813495 0.149175
0.179397 0.201363 0.0737794 0.0431648 0.0207667 0.156235 0.0758093 0.0439495 0.0144511 0.0581217
0.194592 0.1586 0.0732954 0.0176772 0.0419354 0.0314505 0.0334616 0.0447282 0.198586 0.062441
0.0144487 0.0506137 0.109221 0.0479917 0.0529774 0.141534 0.0408785 0.0168088 0.235609 0.0345963
0.0590472 0.048232 0.0441859 0.0988824 0.0240166 0.0366161 0.035123 0.0227207 0.0605708 0.0974571
0.0210278 0.023832 0.0276631 0.0388691 0.157189 0.0265995 0.0477422 0.0587643 0.0427164 0.0634206
0.0957949 0.0346211 0.0659842 0.0308552 0.0224188 0.0715352 0.0388466 0.0781455 0.0342697 0.0763428
0.0430647 0.255922 0.0109044 0.0311382 0.0542608 0.387158 0.0531666 0.359417 0.0279572 0.0412398
0.0263062 0.125494 0.0435378 0.0187323 0.447853 0.0422296 0.0420218 0.0684861 0.0773231 0.209175
0.126265 0.0861126 0.0209908 0.0426671 0.0326806 0.0810315 0.0203193 0.252528 0.027786 0.0213729
0.0713434 0.0299708 0.035553 0.0691678 0.0763107 0.0284351 0.145557 0.162679 0.0313498 0.0101023
0.0205728 0.102806 0.0299304 0.178221 0.0634808 0.13136 0.182733 0.0488383 0.0790652 0.0442227
0.0800383 0.0345519 0.0402345 0.0552573 0.0514371 0.041664 0.023525 0.202464 0.0840962 0.0384971
0.0370124 0.090507 0.0190062 0.0130676 0.132279 0.146714 0.0318046 0.0141074 0.0106546 0.0161036
0.0139641 0.0592198 0.116338 0.0268507 0.087802 0.018878 0.0743622 0.0295393 0.0216969 0.058176
0.0191948 0.0872156 0.0111938 0.0157546 0.0900362 0.0338851 0.0201175 0.199492 0.024251 0.274834
0.00450689 0.0130639 0.048504 0.0805402 0.202306 0.110048 0.0365063 0.137373 0.0152133 0.141664
0.182 0.234884 0.0755017 0.0554343 0.0549867 0.0223974 0.0434561 0.0303253 0.036575 0.0273118
0.0138093 0.114452 0.0168456 0.144154 0.031963 0.160231 0.0610208 0.0994203 0.0561708 0.0443896
0.0489908 0.153105 0.198104 0.156898 0.0355437 0.211164 0.0122634 0.130275 0.021629 0.133617
0.234627 0.0209796 0.0347954 0.0547953 0.113806 0.166978 0.144207 0.0170028 0.025491 0.324109
0.108467 0.121658 0.0356491 0.022353 0.0464179 0.0196477 0.0739454 0.0633818 0.143427 0.0230105
0.289565 0.0425386 0.103865 0.0484972 0.0478798 0.0405129 0.0340097 0.0711583 0.260121 0.0164216
0.0282171 0.164419 0.0965222 0.0319009 0.0704718 0.030635 0.10388 0.0658524 0.023079 0.302113
0.112402 0.0495294 0.068592 0.0180402 0.0475133 0.0170666 0.00666491 0.207502 0.0484217 0.056699
0.00894744 0.114493 0.0658507 0.0387153 0.03026 0.0874391 0.0650593 0.118931 0.111468 0.0277999
0.0342567 0.156955 0.0528371 0.0399351 0.0344457 0.0261796 0.364007 0.266655 0.0793629 0.00889124
0.0424123 0.0342031 0.0791098 0.0428812 0.0790026 0.0367709 0.0241279 0.071524 0.0157131 0.212924
0.0724433 0.0883136 0.0787323 0.311092 0.00760369 0.0500466 0.0527669 0.0246711 0.0451513 0.0538775
0.0431674 0.020657 0.0851138 0.0426518 0.0297444 0.220946 0.459743 0.0221088 0.0514682 0.076303
0.0242097 0.112222 0.214293 0.0749725 0.0397584 0.0582681 0.00851897 0.0290708 0.140975 0.01548
0.0106063 0.0248431 0.0321731 0.0733239 0.110617 0.139994 0.0458891 0.306613 0.168148 0.202308
0.285354 0.0266613 0.0286541 0.0565873 0.110165 0.0584213 0.0191307 0.0407175 0.0563221 0.0558021
0.0630095 0.0955929 0.246747 0.0152324 0.0558204 0.0391215 0.0240747 0.0528619 0.00806928 0.106984
0.0486628 0.0167669 0.0356488 0.200244 0.0243312 0.156734 0.103397 0.0546653 0.0471743 0.0708584
0.0274914 0.11158 0.0517845 0.0489274 0.0604229 0.161255 0.132576 0.114011 0.168604 0.0981656
0.0150221 0.0284561 0.0268724 0.0191548 0.0736503 0.111463 0.0267411 0.10129 0.260127 0.0133798
0.0419731 0.0637643 0.169154 0.323931 0.166862 0.0522671 0.0254617 0.0437922 0.0116074 0.0474847
0.704832 0.181498 0.0424301 0.0457016 0.0193261 0.137512 0.101313 0.10848 0.0248307 0.0340308
0.107412 0.101431 0.0888232 0.0485488 0.09342 0.0551048 0.0196124 0.0241723 0.025822 0.0272115
0.316654 3.82775 1.95216 1.81602 1.39166 0.311732 1.06803 0.211793 0.732408 1.37478
2.41587 0.28732 2.62979 0.178004 0.500238 0.851015 0.575401 0.358473 1.60035 0.720766
0.589861 0.44212 3.7769 0.458969 0.0317085 0.332415 0.4641 1.17976 0.066514 1.18754
5.22983 0.104794 0.0837399 1.06159 0.66628 0.400903 0.343192 0.253714 8.23323 1.67411
0.21144 1.35168 1.07516 1.22669 0.10226 1.179 0.806965 0.899348 1.0149 0.137493
1.3954 0.189406 1.27455 0.307021 1.23728 4.85548 0.288662 0.150903 1.51895 0.308447
0.0845865 2.21901 0.0436429 3.93712 1.0481 0.027753 0.416854 2.22479 4.67601 1.83907
0.970821 0.432927 1.25533 1.30875 0.519218 0.434613 0.53003 0.363948 0.0420441 0.661586
2.04664 0.136562 0.113903 0.0901052 0.179728 0.637059 0.241742 0.448262 2.0807 1.28246
0.108881 0.95072 0.101273 1.65987 1.65315 0.539988 0.0500767 3.72978 0.0365854 0.100933
0.467789 0.429904 0.761118 0.0283125 0.701158 2.84712 0.597079 0.803445 0.455002 1.32894
1.14627 1.65288 0.463634 0.611657 1.86236 0.292094 0.387723 4.99599 4.64264 0.265089
5.0497 0.421769 5.25694 1.12532 1.22319 0.162 1.15158 1.8487 0.519603 0.27899
0.192892 0.598391 1.59389 1.15228 0.997393 0.537251 2.44283 0.0464177 1.08616 0.180016
0.280825 3.39314 0.904779 1.21906 0.334196 0.0667084 0.252746 0.524896 1.51542 0.909624
0.0314012 0.270016 2.18114 0.344079 1.96238 1.14653 2.701 1.14396 0.793594 2.95533
0.367401 0.919456 1.36657 0.0586542 0.255757 2.68324 0.430463 0.110183 1.40956 0.103683
1.34902 0.472045 1.48929 0.166222 0.5971 1.74544 0.328448 0.958447 0.167711 0.104474
0.833278 0.14558 3.68753 0.493049 0.272815 0.778377 1.00496 0.619615 0.211757 0.627698
0.338241 1.71237 2.86604 0.117735 1.6512 2.99622 0.426372 2.25255 4.89907 0.154291
0.228999 1.03333 0.0443081 1.08 1.2251 1.32265 0.7727 3.26297 0.382077 0.473924
1.82428 1.42905 3.78085 2.6131 0.027755 0.818495 6.6974 1.00444 0.305341 0.663671
1.04016 0.0376475 0.629647 0.105432 0.0266168 0.405769 2.53193 1.08337 1.33204 0.228135
1.02066 1.41524 1.54058 0.0539888 2.16651 0.227221 0.0238031 0.493673 0.351606 0.274742
0.121768 0.258578 1.01196 0.125682 0.129541 0.906539 0.144516 3.1741 0.460418 0.263399
0.51064 0.891182 0.53658 1.45558 1.4315 0.450459 6.96242 0.320687 0.150249 0.129233
0.982664 0.551125 6.21045 36.8181 0.755401 5.0801 0.135917 1.44663 4.96471 0.186396
3.24173 0.287025 2.72845 1.49362 0.338982 0.71965 0.553826 0.502343 0.639732 0.784171
0.53681 1.75921 0.140347 1.61485 2.25062 6.9329 3.00479 1.83896 5.38494 0.743746
1.17235 0.300684 1.26694 0.727426 1.15564 0.879628 0.342917 0.59789 0.646289 0.363168
0.29725 0.924091 1.79369 1.7137 1.12134 0.34381 0.799336 0.278153 1.40281 13.0908
0.156806 4.38356 0.750256 0.0808355 0.599735 1.20003 1.29064 7.5086 1.22242 0.895076
0.207553 0.0561358 0.239617 0.0739362 0.90578 0.0476273 0.363646 0.187319 2.66619 0.120857
0.189997 0.0320444 0.0909073 0.586274 1.42434 2.03645 0.948724 0.731807 0.517275 0.596206
0.150972 0.274806 1.12056 2.05981 0.241468 0.745542 0.0968475 0.53404 0.104166 1.3863
0.421066 2.7517 0.0525835 0.418308 0.572028 0.35683 0.312122 0.29874 0.396061 0.455354
6.02293 0.135924 0.23886 1.70394 0.0806969 1.01787 0.999112 2.51509 1.39238 1.0416
0.221565 0.358281 0.311017 1.21507 0.0862882 0.586712 1.1791 0.732699 0.84021 14.2875
1.27876 0.0326028 0.381252 0.128894 0.351179 1.05854 0.0619371 0.909722 0.715481 0.204512
0.0398228 0.556311 1.80332 0.142682 1.49919 3.15465 2.14017 0.315963 0.951551 1.53717
0.358326 1.39989 4.35951 0.948449 0.765025 0.470169 7.52794 0.553007 0.049989 0.261638
0.892166 0.221581 0.724018 2.81922 1.55356 0.980626 4.24753 0.793427 0.393893 0.352744
0.260319 3.19611 0.511104 0.0835438 1.9788 0.0753839 0.113169 1.77893 0.262285 0.350514
0.826532 0.410515 3.41594 0.115796 0.114264 2.00087 0.267737 0.44585 0.755034 0.505901
0.585235 1.49609 1.30863 0.387397 0.386687 0.052489 0.50229 5.08836 1.42035 0.160813
3.39095 2.73734 1.77378 1.07461 0.479717 1.28175 0.920225 0.0607034 0.879941 2.08492
0.19966 0.192745 0.16329 0.623125 0.60835 0.0288335 0.962497 1.41355 0.0542258 0.855617
2.028 1.1412 0.727333 0.41604 0.435691 0.28797 1.8201 0.0469633 0.445599 0.395233
0.247083 5.17124 0.0199423 1.38921 0.409593 3.73953 3.60996 0.842042 1.59336 3.01077
0.473469 3.80037 0.075908 3.17848 0.717807 0.093327 0.47598 4.59528 0.272004 0.279697
>covarianceMatrix:
A
0.000461169	0	0	0	0	0	0	0	0	0	0	0	
0	0.000461169	0	0	0	0	0	0	0	0	0	0	
0	0	0.000461169	0	0	0	0	0	0	0	0	0	
0	0	0	0.000461169	0	0	0	0	0	0	0	0	
0	0	0	0	0.000461169	0	0	0	0	0	0	0	
0	0	0	0	0	0.000461169	0	0	0	0	0	0	
0	0	0	0	0	0	0.000461169	0	0	0	0	0	
0	0	0	0	0	0	0	0.000461169	0	0	0	0	
0	0	0	0	0	0	0	0	0.000461169	0	0	0	
0	0	0	0	0	0	0	0	0	0.000461169	0	0	
0	0	0	0	0	0	0	0	0	0	0.000461169	0	
0	0	0	0	0	0	0	0	0	0	0	0.000461169	
***
>covarianceMatrix:
C
0.0104858	0	0	0	
0	0.0104858	0	0	
0	0	0.0104858	0	
0	0	0	0.0104858	
***
>covarianceMatrix:
D
0.0104858	0	0	0	
0	0.0104858	0	0	
0	0	0.0104858	0	
0	0	0	0.0104858	
***
>covarianceMatrix:
E
0.0104858	0	0	0	
0	0.0104858	0	0	
0	0	0.0104858	0	
0	0	0	0.0104858	
***
>covarianceMatrix:
F
0.0104858	0	0	0	
0	0.0104858	0	0	
0	0	0.0104858	0	
0	0	0	0.0104858	
***
>covarianceMatrix:
G
0.000461169	0	0	0	0	0	0	0	0	0	0	0	
0	0.000461169	0	0	0	0	0	0	0	0	0	0	
0	0	0.000461169	0	0	0	0	0	0	0	0	0	
0	0	0	0.000461169	0	0	0	0	0	0	0	0	
0	0	0	0	0.000461169	0	0	0	0	0	0	0	
0	0	0	0	0	0.000461169	0	0	0	0	0	0	
0	0	0	0	0	0	0.000461169	0	0	0	0	0	
0	0	0	0	0	0	0	0.000461169	0	0	0	0	
0	0	0	0	0	0	0	0	0.000461169	0	0	0	
0	0	0	0	0	0	0	0	0	0.000461169	0	0	
0	0	0	0	0	0	0	0	0	0	0.000461169	0	
0	0	0	0	0	0	0	0	0	0	0	0.000461169	
***
>covarianceMatrix:
H
0.0104858	0	0	0	
0	0.0104858	0	0	
0	0	0.0104858	0	
0	0	0	0.0104858	
***
>covarianceMatrix:
I
0.00343597	0	0	0	0	0	0	0	
0	0.00343597	0	0	0	0	0	0	
0	0	0.00343597	0	0	0	0	0	
0	0	0	0.00343597	0	0	0	0	
0	0	0	0	0.00343597	0	0	0	
0	0	0	0	0	0.00343597	0	0	
0	0	0	0	0	0	0.00343597	0	
0	0	0	0	0	0	0	0.00343597	
***
>covarianceMatrix:
K
0.0104858	0	0	0	
0	0.0104858	0	0	
0	0	0.0104858	0	
0	0	0	0.0104858	
***
>covarianceMatrix:
L
0.000188895	0	0	0	0	0	0	0	0	0	0	0	0	0	0	0	0	0	0	0	
0	0.000188895	0	0	0	0	0	0	0	0	0	0	0	0	0	0	0	0	0	0	
0	0	0.000188895	0	0	0	0	0	0	0	0	0	0	0	0	0	0	0	0	0	
0	0	0	0.000188895	0	0	0	0	0	0	0	0	0	0	0	0	0	0	0	0	
0	0	0	0	0.000188895	0	0	0	0	0	0	0	0	0	0	0	0	0	0	0	
0	0	0	0	0	0.000188895	0	0	0	0	0	0	0	0	0	0	0	0	0	0	
0	0	0	0	0	0	0.000188895	0	0	0	0	0	0	0	0	0	0	0	0	0	
0	0	0	0	0	0	0	0.000188895	0	0	0	0	0	0	0	0	0	0	0	0	
0	0	0	0	0	0	0	0	0.000188895	0	0	0	0	0	0	0	0	0	0	0	
0	0	0	0	0	0	0	0	0	0.000188895	0	0	0	0	0	0	0	0	0	0	
0	0	0	0	0	0	0	0	0	0	0.000188895	0	0	0	0	0	0	0	0	0	
0	0	0	0	0	0	0	0	0	0	0	0.000188895	0	0	0	0	0	0	0	0	
0	0	0	0	0	0	0	0	0	0	0	0	0.000188895	0	0	0	0	0	0	0	
0	0	0	0	0	0	0	0	0	0	0	0	0	0.000188895	0	0	0	0	0	0	
0	0	0	0	0	0	0	0	0	0	0	0	0	0	0.000188895	0	0	0	0	0	
0	0	0	0	0	0	0	0	0	0	0	0	0	0	0	0.000188895	0	0	0	0	
0	0	0	0	0	0	0	0	0	0	0	0	0	0	0	0	0.000188895	0	0	0	
0	0	0	0	0	0	0	0	0	0	0	0	0	0	0	0	0	0.000188895	0	0	
0	0	0	0	0	0	0	0	0	0	0	0	0	0	0	0	0	0	0.000188895	0	
0	0	0	0	0	0	0	0	0	0	0	0	0	0	0	0	0	0	0	0.000188895	
***
>covarianceMatrix:
M

***
>covarianceMatrix:
N
0.0104858	0	0	0	
0	0.0104858	0	0	
0	0	0.0104858	0	
0	0	0	0.0104858	
***
>covarianceMatrix:
P
0.000461169	0	0	0	0	0	0	0	0	0	0	0	
0	0.000461169	0	0	0	0	0	0	0	0	0	0	
0	0	0.000461169	0	0	0	0	0	0	0	0	0	
0	0	0	0.000461169	0	0	0	0	0	0	0	0	
0	0	0	0	0.000461169	0	0	0	0	0	0	0	
0	0	0	0	0	0.000461169	0	0	0	0	0	0	
0	0	0	0	0	0	0.000461169	0	0	0	0	0	
0	0	0	0	0	0	0	0.000461169	0	0	0	0	
0	0	0	0	0	0	0	0	0.000461169	0	0	0	
0	0	0	0	0	0	0	0	0	0.000461169	0	0	
0	0	0	0	0	0	0	0	0	0	0.000461169	0	
0	0	0	0	0	0	0	0	0	0	0	0.000461169	
***
>covarianceMatrix:
Q
0.0104858	0	0	0	
0	0.0104858	0	0	
0	0	0.0104858	0	
0	0	0	0.0104858	
***
>covarianceMatrix:
R
0.00015402	0	0	0	0	0	0	0	0	0	0	0	0	0	0	0	0	0	0	0	
0	0.00015402	0	0	0	0	0	0	0	0	0	0	0	0	0	0	0	0	0	0	
0	0	0.00015402	0	0	0	0	0	0	0	0	0	0	0	0	0	0	0	0	0	
0	0	0	0.00015402	0	0	0	0	0	0	0	0	0	0	0	0	0	0	0	0	
0	0	0	0	0.00015402	0	0	0	0	0	0	0	0	0	0	0	0	0	0	0	
0	0	0	0	0	0.00015402	0	0	0	0	0	0	0	0	0	0	0	0	0	0	
0	0	0	0	0	0	0.00015402	0	0	0	0	0	0	0	0	0	0	0	0	0	
0	0	0	0	0	0	0	0.00015402	0	0	0	0	0	0	0	0	0	0	0	0	
0	0	0	0	0	0	0	0	0.00015402	0	0	0	0	0	0	0	0	0	0	0	
0	0	0	0	0	0	0	0	0	0.00015402	0	0	0	0	0	0	0	0	0	0	
0	0	0	0	0	0	0	0	0	0	0.00015402	0	0	0	0	0	0	0	0	0	
0	0	0	0	0	0	0	0	0	0	0	0.00015402	0	0	0	0	0	0	0	0	
0	0	0	0	0	0	0	0	0	0	0	0	0.00015402	0	0	0	0	0	0	0	
0	0	0	0	0	0	0	0	0	0	0	0	0	0.00015402	0	0	0	0	0	0	
0	0	0	0	0	0	0	0	0	0	0	0	0	0	0.00015402	0	0	0	0	0	
0	0	0	0	0	0	0	0	0	0	0	0	0	0	0	0.00015402	0	0	0	0	
0	0	0	0	0	0	0	0	0	0	0	0	0	0	0	0	0.00015402	0	0	0	
0	0	0	0	0	0	0	0	0	0	0	0	0	0	0	0	0	0.00015402	0	0	
0	0	0	0	0	0	0	0	0	0	0	0	0	0	0	0	0	0	0.00015402	0	
0	0	0	0	0	0	0	0	0	0	0	0	0	0	0	0	0	0	0	0.00015402	
***
>covarianceMatrix:
S
0.000461169	0	0	0	0	0	0	0	0	0	0	0	
0	0.000461169	0	0	0	0	0	0	0	0	0	0	
0	0	0.000461169	0	0	0	0	0	0	0	0	0	
0	0	0	0.000461169	0	0	0	0	0	0	0	0	
0	0	0	0	0.000461169	0	0	0	0	0	0	0	
0	0	0	0	0	0.000461169	0	0	0	0	0	0	
0	0	0	0	0	0	0.000461169	0	0	0	0	0	
0	0	0	0	0	0	0	0.000461169	0	0	0	0	
0	0	0	0	0	0	0	0	0.000461169	0	0	0	
0	0	0	0	0	0	0	0	0	0.000461169	0	0	
0	0	0	0	0	0	0	0	0	0	0.000461169	0	
0	0	0	0	0	0	0	0	0	0	0	0.000461169	
***
>covarianceMatrix:
T
0.000461169	0	0	0	0	0	0	0	0	0	0	0	
0	0.000461169	0	0	0	0	0	0	0	0	0	0	
0	0	0.000461169	0	0	0	0	0	0	0	0	0	
0	0	0	0.000461169	0	0	0	0	0	0	0	0	
0	0	0	0	0.000461169	0	0	0	0	0	0	0	
0	0	0	0	0	0.000461169	0	0	0	0	0	0	
0	0	0	0	0	0	0.000461169	0	0	0	0	0	
0	0	0	0	0	0	0	0.000461169	0	0	0	0	
0	0	0	0	0	0	0	0	0.000461169	0	0	0	
0	0	0	0	0	0	0	0	0	0.000461169	0	0	
0	0	0	0	0	0	0	0	0	0	0.000461169	0	
0	0	0	0	0	0	0	0	0	0	0	0.000461169	
***
>covarianceMatrix:
V
0.000461169	0	0	0	0	0	0	0	0	0	0	0	
0	0.000461169	0	0	0	0	0	0	0	0	0	0	
0	0	0.000461169	0	0	0	0	0	0	0	0	0	
0	0	0	0.000461169	0	0	0	0	0	0	0	0	
0	0	0	0	0.000461169	0	0	0	0	0	0	0	
0	0	0	0	0	0.000461169	0	0	0	0	0	0	
0	0	0	0	0	0	0.000461169	0	0	0	0	0	
0	0	0	0	0	0	0	0.000461169	0	0	0	0	
0	0	0	0	0	0	0	0	0.000461169	0	0	0	
0	0	0	0	0	0	0	0	0	0.000461169	0	0	
0	0	0	0	0	0	0	0	0	0	0.000461169	0	
0	0	0	0	0	0	0	0	0	0	0	0.000461169	
***
>covarianceMatrix:
W

***
>covarianceMatrix:
Y
0.0104858	0	0	0	
0	0.0104858	0	0	
0	0	0.0104858	0	
0	0	0	0.0104858	
***
>covarianceMatrix:
Z
0.0104858	0	0	0	
0	0.0104858	0	0	
0	0	0.0104858	0	
0	0	0	0.0104858	
***
>covarianceMatrix:
X
1	0	0	0	0	0	0	0	
0	1	0	0	0	0	0	0	
0	0	1	0	0	0	0	0	
0	0	0	1	0	0	0	0	
0	0	0	0	1	0	0	0	
0	0	0	0	0	1	0	0	
0	0	0	0	0	0	1	0	
0	0	0	0	0	0	0	1	
***
>std_csp:
0.0209715 0.0209715 0.0209715 0.0209715 0.0209715 0.0209715 0.0209715 0.0209715 0.0209715 0.0209715
0.0209715 0.0262144 0.0262144 0.0209715 0.032768 0.032768 0.032768 0.032768 0.032768 0.0209715
0.0209715 0.0209715 0.0209715 0.0209715 0.0314573 0.0314573 0.0314573 0.0314573 0.0314573 0.0209715
0.0209715 0.0209715 0.0209715 0.0209715 0.0209715 0.0209715 0.0209715 0.0209715 0.0209715 0.0209715
>currentMutationParameter:
***
-0.585981 1.93665 -0.773961 0.140057 -1.47877 1.00669 -1.07326 -2.20502 -2.16823 0.666449
0.709745 1.05901 1.84398 1.12884 0.921218 1.74737 0.976507 -1.31862 0.620147 1.32095
-1.53723 1.66586 1.23812 1.59239 0.97049 0.124148 -0.907162 -0.342697 -0.860035 0.804042
-0.717253 -0.443138 -0.926667 2.5002 -0.78301 -0.164821 1.66699 0.553764 -0.28966 0.623343
***
0.367777 -1.27985 -1.54699 2.02974 -1.09503 -1.4946 1.47427 -0.699921 -1.0548 -0.7495
1.22813 2.06236 -1.70375 -0.0739068 0.0537775 0.314533 0.289316 0.169555 -0.319706 -1.56148
-1.09777 0.407617 -0.306752 1.63901 -1.18844 0.331728 -0.844228 0.780577 -1.27526 0.694144
-1.13076 -1.82626 0.288229 1.30165 0.492389 0.53589 -1.59477 1.32763 0 0
>currentSelectionParameter:
***
-1.05048 -1.24779 -0.67683 -2.00781 -1.94177 0.290522 1.92567 -0.635474 0.384941 -0.026837
1.77416 1.51829 0.496795 0.982582 -0.143299 -0.616674 0.533244 -1.71691 -1.6691 0.0721967
-1.33847 -0.0534586 -2.03431 1.01912 -1.42808 -1.37213 2.24804 3.31241 -1.23997 1.93873
0.169635 0.997755 0.651859 1.1037 -0.718084 1.89169 1.64127 0.466639 -1.53612 0.654689
***
0.650667 0.854446 1.4541 1.03639 1.33555 0.636231 0.0722673 -1.45089 1.34225 -1.25832
0.992608 -0.844894 -1.13019 1.41984 0.0992802 -0.667308 0.775423 0.902597 -1.22481 1.50398
0.568329 -0.669836 -0.0921415 -0.627251 -1.03703 -1.4114 -0.325446 0.825967 0.291697 0.378391
0.713783 -0.359364 0.978295 -1.04284 -0.669071 1.08025 0.0588099 -1.29255 0 0
