>Sphi:
0.864473
>Aphi:
-1.72723e-77
>numParam:
40
>numMixtures:
2
>std_sphi:
0.064
>std_phi:
***
0.515978 0.248832 0.229324 0.199066 0.238879 0.20736 0.515978 0.298598 0.298598 0.515978
0.515978 0.238879 0.515978 0.298598 0.248832 0.165888 0.298598 0.515978 0.298598 0.199066
0.515978 0.298598 0.515978 0.20736 0.358318 0.358318 0.515978 0.358318 0.515978 0.429982
0.298598 0.429982 0.248832 0.20736 0.248832 0.1728 0.515978 0.248832 0.358318 0.199066
0.248832 0.1728 0.238879 0.515978 0.298598 0.248832 0.358318 0.298598 0.248832 0.429982
0.515978 0.199066 0.515978 0.358318 0.429982 0.20736 0.298598 0.248832 0.429982 0.515978
0.20736 0.515978 0.238879 0.298598 0.358318 0.429982 0.1728 0.429982 0.515978 0.515978
0.238879 0.286654 0.358318 0.515978 0.165888 0.298598 0.199066 0.429982 0.515978 0.515978
0.248832 0.515978 0.1728 0.298598 0.515978 0.165888 0.159252 0.515978 0.358318 0.248832
0.515978 0.515978 0.515978 0.358318 0.20736 0.20736 0.429982 0.515978 0.515978 0.20736
0.515978 0.515978 0.515978 0.298598 0.20736 0.429982 0.358318 0.248832 0.165888 0.358318
0.248832 0.429982 0.429982 0.199066 0.248832 0.515978 0.191103 0.515978 0.515978 0.358318
0.20736 0.199066 0.358318 0.429982 0.515978 0.358318 0.20736 0.429982 0.199066 0.429982
0.515978 0.429982 0.515978 0.248832 0.286654 0.298598 0.20736 0.515978 0.358318 0.429982
0.1728 0.429982 0.298598 0.20736 0.248832 0.429982 0.515978 0.298598 0.429982 0.20736
0.515978 0.429982 0.429982 0.358318 0.199066 0.248832 0.515978 0.429982 0.358318 0.199066
0.165888 0.358318 0.20736 0.298598 0.298598 0.515978 0.515978 0.20736 0.515978 0.429982
0.20736 0.358318 0.358318 0.165888 0.429982 0.248832 0.429982 0.358318 0.429982 0.515978
0.358318 0.165888 0.358318 0.515978 0.358318 0.515978 0.358318 0.248832 0.238879 0.20736
0.286654 0.248832 0.298598 0.199066 0.1728 0.515978 0.358318 0.298598 0.358318 0.429982
0.298598 0.248832 0.1728 0.286654 0.298598 0.358318 0.429982 0.298598 0.248832 0.358318
0.191103 0.199066 0.358318 0.298598 0.298598 0.248832 0.20736 0.248832 0.298598 0.515978
0.515978 0.298598 0.20736 0.515978 0.165888 0.199066 0.515978 0.515978 0.358318 0.429982
0.298598 0.20736 0.515978 0.165888 0.248832 0.20736 0.248832 0.358318 0.429982 0.515978
0.298598 0.248832 0.238879 0.248832 0.515978 0.248832 0.248832 0.358318 0.515978 0.515978
0.429982 0.238879 0.358318 0.515978 0.429982 0.298598 0.298598 0.515978 0.515978 0.298598
0.429982 0.429982 0.298598 0.343985 0.20736 0.286654 0.238879 0.238879 0.358318 0.298598
0.429982 0.343985 0.429982 0.515978 0.515978 0.515978 0.20736 0.358318 0.429982 0.199066
0.298598 0.358318 0.515978 0.199066 0.515978 0.429982 0.515978 0.515978 0.298598 0.248832
0.358318 0.515978 0.515978 0.248832 0.515978 0.238879 0.515978 0.165888 0.358318 0.515978
0.429982 0.515978 0.358318 0.298598 0.238879 0.248832 0.358318 0.358318 0.515978 0.515978
0.515978 0.20736 0.238879 0.515978 0.515978 0.20736 0.515978 0.515978 0.298598 0.298598
0.248832 0.515978 0.358318 0.515978 0.515978 0.515978 0.358318 0.515978 0.298598 0.515978
0.515978 0.429982 0.1728 0.298598 0.515978 0.298598 0.298598 0.515978 0.286654 0.358318
0.515978 0.429982 0.286654 0.515978 0.248832 0.358318 0.429982 0.515978 0.358318 0.358318
0.248832 0.515978 0.515978 0.358318 0.20736 0.515978 0.515978 0.515978 0.429982 0.358318
0.429982 0.429982 0.248832 0.358318 0.429982 0.248832 0.515978 0.238879 0.20736 0.429982
0.515978 0.515978 0.358318 0.286654 0.199066 0.358318 0.298598 0.515978 0.298598 0.515978
0.1728 0.298598 0.343985 0.358318 0.298598 0.429982 0.429982 0.429982 0.20736 0.20736
0.248832 0.298598 0.358318 0.298598 0.429982 0.248832 0.298598 0.248832 0.298598 0.343985
0.199066 0.286654 0.199066 0.248832 0.429982 0.298598 0.1728 0.248832 0.20736 0.515978
0.358318 0.248832 0.515978 0.358318 0.20736 0.286654 0.298598 0.248832 0.286654 0.298598
0.515978 0.515978 0.358318 0.248832 0.238879 0.248832 0.358318 0.298598 0.298598 0.515978
0.20736 0.515978 0.515978 0.298598 0.199066 0.286654 0.20736 0.515978 0.429982 0.20736
0.429982 0.429982 0.515978 0.429982 0.199066 0.358318 0.358318 0.515978 0.238879 0.358318
0.358318 0.429982 0.515978 0.248832 0.238879 0.429982 0.20736 0.429982 0.298598 0.515978
0.1728 0.1728 0.248832 0.248832 0.358318 0.515978 0.248832 0.358318 0.298598 0.248832
0.248832 0.515978 0.358318 0.429982 0.429982 0.515978 0.248832 0.229324 0.358318 0.248832
0.358318 0.199066 0.298598 0.515978 0.429982 0.429982 0.358318 0.358318 0.358318 0.358318
0.20736 0.358318 0.358318 0.20736 0.429982 0.358318 0.298598 0.238879 0.199066 0.429982
0.515978 0.515978 0.515978 0.515978 0.515978 0.515978 0.515978 0.515978 0.515978 0.515978
0.515978 0.515978 0.515978 0.515978 0.515978 0.515978 0.515978 0.515978 0.515978 0.515978
0.515978 0.515978 0.515978 0.515978 0.515978 0.515978 0.515978 0.515978 0.515978 0.515978
0.515978 0.515978 0.515978 0.515978 0.515978 0.515978 0.515978 0.515978 0.515978 0.515978
0.515978 0.515978 0.515978 0.515978 0.515978 0.429982 0.515978 0.515978 0.515978 0.515978
0.515978 0.515978 0.515978 0.515978 0.515978 0.515978 0.515978 0.515978 0.515978 0.515978
0.515978 0.515978 0.515978 0.515978 0.515978 0.515978 0.515978 0.515978 0.515978 0.515978
0.515978 0.515978 0.515978 0.515978 0.515978 0.515978 0.515978 0.515978 0.515978 0.515978
0.515978 0.515978 0.515978 0.515978 0.515978 0.515978 0.515978 0.515978 0.515978 0.515978
0.515978 0.515978 0.515978 0.515978 0.515978 0.515978 0.515978 0.515978 0.515978 0.515978
0.515978 0.515978 0.515978 0.515978 0.515978 0.515978 0.515978 0.515978 0.515978 0.515978
0.515978 0.515978 0.515978 0.515978 0.515978 0.515978 0.515978 0.515978 0.515978 0.515978
0.515978 0.515978 0.515978 0.515978 0.515978 0.515978 0.515978 0.515978 0.515978 0.515978
0.515978 0.515978 0.515978 0.515978 0.515978 0.515978 0.515978 0.515978 0.515978 0.515978
0.515978 0.515978 0.515978 0.515978 0.515978 0.515978 0.515978 0.515978 0.515978 0.515978
0.515978 0.515978 0.515978 0.515978 0.515978 0.515978 0.515978 0.515978 0.515978 0.515978
0.515978 0.515978 0.515978 0.515978 0.515978 0.515978 0.515978 0.515978 0.515978 0.515978
0.515978 0.515978 0.515978 0.515978 0.515978 0.515978 0.515978 0.515978 0.515978 0.515978
0.515978 0.515978 0.515978 0.515978 0.515978 0.515978 0.515978 0.515978 0.515978 0.515978
0.515978 0.515978 0.515978 0.515978 0.515978 0.515978 0.515978 0.515978 0.515978 0.515978
0.515978 0.515978 0.515978 0.515978 0.515978 0.515978 0.515978 0.515978 0.515978 0.515978
0.515978 0.515978 0.515978 0.515978 0.515978 0.515978 0.515978 0.515978 0.515978 0.515978
0.515978 0.515978 0.515978 0.515978 0.515978 0.515978 0.515978 0.515978 0.515978 0.515978
0.515978 0.515978 0.515978 0.515978 0.515978 0.515978 0.515978 0.515978 0.515978 0.515978
0.515978 0.515978 0.515978 0.515978 0.515978 0.515978 0.515978 0.515978 0.515978 0.515978
0.515978 0.515978 0.515978 0.515978 0.515978 0.515978 0.515978 0.515978 0.515978 0.515978
0.515978 0.515978 0.515978 0.515978 0.515978 0.515978 0.515978 0.515978 0.515978 0.515978
0.515978 0.515978 0.515978 0.515978 0.515978 0.515978 0.515978 0.515978 0.515978 0.515978
0.515978 0.515978 0.515978 0.515978 0.515978 0.515978 0.515978 0.515978 0.515978 0.515978
0.515978 0.515978 0.515978 0.515978 0.515978 0.515978 0.515978 0.515978 0.515978 0.515978
0.515978 0.515978 0.515978 0.515978 0.515978 0.515978 0.515978 0.515978 0.515978 0.515978
0.515978 0.515978 0.515978 0.515978 0.515978 0.515978 0.515978 0.515978 0.515978 0.515978
0.515978 0.515978 0.515978 0.515978 0.515978 0.515978 0.515978 0.515978 0.515978 0.515978
0.515978 0.515978 0.515978 0.515978 0.515978 0.515978 0.515978 0.515978 0.515978 0.515978
0.515978 0.515978 0.515978 0.515978 0.515978 0.515978 0.515978 0.515978 0.515978 0.515978
0.515978 0.515978 0.515978 0.515978 0.515978 0.515978 0.515978 0.515978 0.515978 0.515978
0.515978 0.515978 0.515978 0.515978 0.515978 0.515978 0.515978 0.515978 0.515978 0.515978
0.515978 0.515978 0.515978 0.515978 0.515978 0.515978 0.515978 0.515978 0.515978 0.515978
0.515978 0.515978 0.515978 0.515978 0.515978 0.515978 0.515978 0.515978 0.515978 0.515978
0.515978 0.515978 0.515978 0.515978 0.515978 0.515978 0.515978 0.515978 0.515978 0.515978
0.515978 0.515978 0.515978 0.515978 0.515978 0.515978 0.515978 0.515978 0.515978 0.515978
0.515978 0.515978 0.515978 0.515978 0.515978 0.515978 0.515978 0.515978 0.515978 0.515978
0.515978 0.515978 0.515978 0.515978 0.515978 0.515978 0.515978 0.515978 0.515978 0.515978
0.515978 0.515978 0.515978 0.515978 0.515978 0.515978 0.515978 0.515978 0.515978 0.515978
0.515978 0.515978 0.515978 0.515978 0.515978 0.515978 0.515978 0.515978 0.515978 0.515978
0.515978 0.515978 0.515978 0.515978 0.515978 0.515978 0.515978 0.515978 0.515978 0.515978
0.515978 0.515978 0.515978 0.515978 0.515978 0.515978 0.515978 0.515978 0.515978 0.515978
0.515978 0.515978 0.515978 0.515978 0.515978 0.515978 0.515978 0.515978 0.515978 0.515978
0.515978 0.515978 0.515978 0.515978 0.515978 0.515978 0.515978 0.515978 0.515978 0.515978
0.515978 0.515978 0.515978 0.515978 0.515978 0.515978 0.515978 0.515978 0.515978 0.515978
***
0.515978 0.515978 0.515978 0.515978 0.515978 0.515978 0.515978 0.515978 0.515978 0.515978
0.515978 0.515978 0.515978 0.515978 0.515978 0.515978 0.515978 0.515978 0.515978 0.515978
0.515978 0.515978 0.515978 0.515978 0.515978 0.515978 0.515978 0.515978 0.515978 0.515978
0.515978 0.515978 0.515978 0.515978 0.515978 0.515978 0.515978 0.515978 0.515978 0.515978
0.515978 0.515978 0.515978 0.515978 0.515978 0.515978 0.515978 0.515978 0.515978 0.515978
0.515978 0.515978 0.515978 0.515978 0.515978 0.515978 0.515978 0.515978 0.515978 0.515978
0.515978 0.515978 0.515978 0.515978 0.515978 0.515978 0.515978 0.515978 0.515978 0.515978
0.515978 0.515978 0.515978 0.515978 0.515978 0.515978 0.515978 0.515978 0.515978 0.515978
0.515978 0.515978 0.515978 0.515978 0.515978 0.515978 0.515978 0.515978 0.515978 0.515978
0.515978 0.515978 0.515978 0.515978 0.515978 0.515978 0.515978 0.515978 0.515978 0.515978
0.515978 0.515978 0.515978 0.515978 0.515978 0.515978 0.515978 0.515978 0.515978 0.515978
0.515978 0.515978 0.515978 0.515978 0.515978 0.515978 0.515978 0.515978 0.515978 0.515978
0.429982 0.515978 0.515978 0.515978 0.515978 0.515978 0.515978 0.515978 0.515978 0.515978
0.515978 0.515978 0.515978 0.515978 0.515978 0.515978 0.515978 0.515978 0.515978 0.515978
0.515978 0.515978 0.515978 0.515978 0.515978 0.515978 0.515978 0.515978 0.515978 0.515978
0.515978 0.515978 0.515978 0.515978 0.515978 0.515978 0.515978 0.515978 0.515978 0.515978
0.515978 0.515978 0.515978 0.515978 0.515978 0.515978 0.515978 0.515978 0.515978 0.515978
0.515978 0.515978 0.515978 0.515978 0.515978 0.515978 0.515978 0.515978 0.515978 0.515978
0.515978 0.515978 0.515978 0.515978 0.429982 0.515978 0.515978 0.515978 0.515978 0.515978
0.515978 0.515978 0.515978 0.515978 0.515978 0.515978 0.515978 0.515978 0.515978 0.515978
0.515978 0.515978 0.515978 0.515978 0.515978 0.515978 0.515978 0.515978 0.515978 0.515978
0.515978 0.515978 0.515978 0.515978 0.515978 0.515978 0.515978 0.515978 0.515978 0.515978
0.515978 0.515978 0.515978 0.515978 0.515978 0.515978 0.515978 0.515978 0.515978 0.515978
0.515978 0.515978 0.515978 0.515978 0.515978 0.515978 0.515978 0.515978 0.515978 0.515978
0.515978 0.515978 0.515978 0.515978 0.515978 0.515978 0.515978 0.515978 0.515978 0.515978
0.515978 0.515978 0.515978 0.515978 0.515978 0.515978 0.515978 0.515978 0.515978 0.515978
0.515978 0.515978 0.515978 0.515978 0.515978 0.515978 0.515978 0.515978 0.515978 0.515978
0.515978 0.515978 0.515978 0.515978 0.515978 0.515978 0.515978 0.515978 0.515978 0.515978
0.515978 0.515978 0.515978 0.515978 0.515978 0.515978 0.515978 0.515978 0.515978 0.515978
0.515978 0.515978 0.515978 0.515978 0.515978 0.515978 0.515978 0.515978 0.515978 0.515978
0.515978 0.515978 0.515978 0.515978 0.515978 0.515978 0.515978 0.515978 0.515978 0.515978
0.515978 0.515978 0.515978 0.515978 0.515978 0.515978 0.515978 0.515978 0.515978 0.515978
0.515978 0.515978 0.515978 0.515978 0.515978 0.515978 0.515978 0.515978 0.515978 0.515978
0.515978 0.515978 0.515978 0.515978 0.515978 0.515978 0.515978 0.515978 0.515978 0.515978
0.515978 0.515978 0.515978 0.515978 0.515978 0.515978 0.515978 0.515978 0.515978 0.515978
0.515978 0.515978 0.515978 0.515978 0.515978 0.515978 0.515978 0.515978 0.515978 0.515978
0.515978 0.515978 0.515978 0.515978 0.515978 0.515978 0.515978 0.515978 0.515978 0.515978
0.515978 0.515978 0.515978 0.515978 0.515978 0.515978 0.515978 0.515978 0.515978 0.515978
0.515978 0.515978 0.515978 0.515978 0.515978 0.515978 0.515978 0.515978 0.515978 0.515978
0.515978 0.515978 0.515978 0.515978 0.515978 0.515978 0.358318 0.515978 0.515978 0.515978
0.515978 0.515978 0.515978 0.515978 0.515978 0.515978 0.515978 0.515978 0.515978 0.515978
0.515978 0.515978 0.515978 0.515978 0.515978 0.515978 0.515978 0.515978 0.515978 0.515978
0.515978 0.515978 0.515978 0.515978 0.515978 0.515978 0.515978 0.515978 0.515978 0.515978
0.515978 0.515978 0.515978 0.515978 0.515978 0.515978 0.515978 0.515978 0.515978 0.515978
0.515978 0.515978 0.515978 0.515978 0.515978 0.515978 0.515978 0.515978 0.515978 0.515978
0.515978 0.515978 0.515978 0.515978 0.515978 0.515978 0.515978 0.515978 0.515978 0.515978
0.515978 0.515978 0.515978 0.515978 0.515978 0.515978 0.515978 0.515978 0.515978 0.515978
0.515978 0.515978 0.515978 0.515978 0.515978 0.515978 0.515978 0.515978 0.515978 0.515978
0.515978 0.515978 0.515978 0.515978 0.515978 0.515978 0.515978 0.515978 0.515978 0.515978
0.515978 0.515978 0.515978 0.515978 0.515978 0.515978 0.515978 0.515978 0.515978 0.515978
0.515978 0.165888 0.20736 0.199066 0.298598 0.515978 0.358318 0.515978 0.358318 0.165888
0.165888 0.515978 0.13824 0.515978 0.358318 0.429982 0.515978 0.515978 0.1728 0.429982
0.429982 0.515978 0.358318 0.429982 0.515978 0.429982 0.358318 0.20736 0.515978 0.358318
0.20736 0.515978 0.515978 0.248832 0.515978 0.515978 0.515978 0.515978 0.191103 0.20736
0.515978 0.429982 0.159252 0.248832 0.515978 0.199066 0.248832 0.343985 0.358318 0.515978
0.298598 0.515978 0.429982 0.429982 0.515978 0.199066 0.515978 0.515978 0.248832 0.515978
0.515978 0.1728 0.515978 0.159252 0.238879 0.515978 0.358318 0.199066 0.144 0.1728
0.238879 0.515978 0.248832 0.199066 0.429982 0.515978 0.429982 0.515978 0.515978 0.515978
0.159252 0.515978 0.515978 0.515978 0.515978 0.515978 0.515978 0.515978 0.1728 0.429982
0.515978 0.515978 0.515978 0.20736 0.20736 0.298598 0.515978 0.20736 0.515978 0.515978
0.429982 0.515978 0.286654 0.515978 0.429982 0.144 0.429982 0.298598 0.515978 0.515978
0.515978 0.20736 0.358318 0.298598 0.358318 0.429982 0.515978 0.248832 0.20736 0.515978
0.1728 0.515978 0.13824 0.165888 0.248832 0.515978 0.248832 0.429982 0.358318 0.515978
0.515978 0.358318 0.13824 0.298598 0.199066 0.358318 0.1152 0.515978 0.358318 0.515978
0.515978 0.144 0.298598 0.1728 0.515978 0.515978 0.515978 0.429982 0.298598 0.429982
0.515978 0.515978 0.199066 0.515978 0.13824 0.429982 0.199066 0.429982 0.515978 0.110592
0.515978 0.20736 0.199066 0.515978 0.515978 0.159252 0.429982 0.515978 0.20736 0.515978
0.159252 0.429982 0.20736 0.515978 0.515978 0.199066 0.515978 0.298598 0.515978 0.515978
0.199066 0.515978 0.199066 0.358318 0.515978 0.358318 0.199066 0.358318 0.515978 0.286654
0.515978 0.144 0.1152 0.515978 0.20736 0.13271 0.429982 0.20736 0.358318 0.515978
0.515978 0.298598 0.515978 0.238879 0.515978 0.20736 0.298598 0.165888 0.429982 0.515978
0.1728 0.165888 0.298598 0.1152 0.515978 0.429982 0.20736 0.298598 0.515978 0.515978
0.20736 0.515978 0.358318 0.515978 0.515978 0.515978 0.358318 0.429982 0.298598 0.515978
0.358318 0.298598 0.165888 0.515978 0.13271 0.515978 0.515978 0.429982 0.429982 0.515978
0.515978 0.515978 0.238879 0.515978 0.515978 0.20736 0.515978 0.13271 0.515978 0.429982
0.298598 0.298598 0.515978 0.358318 0.20736 0.429982 0.248832 0.515978 0.515978 0.515978
0.298598 0.286654 0.199066 0.515978 0.358318 0.165888 0.515978 0.20736 0.515978 0.515978
0.20736 0.515978 0.358318 0.238879 0.515978 0.429982 0.358318 0.286654 0.429982 0.358318
0.515978 0.13271 0.515978 0.298598 0.1152 0.248832 0.165888 0.1728 0.358318 0.248832
0.298598 0.515978 0.20736 0.298598 0.199066 0.238879 0.515978 0.429982 0.515978 0.515978
0.515978 0.298598 0.165888 0.20736 0.298598 0.515978 0.286654 0.515978 0.165888 0.358318
0.515978 0.199066 0.298598 0.515978 0.358318 0.199066 0.298598 0.20736 0.298598 0.248832
0.515978 0.515978 0.515978 0.515978 0.298598 0.515978 0.515978 0.515978 0.358318 0.515978
0.515978 0.515978 0.515978 0.358318 0.20736 0.1728 0.429982 0.286654 0.238879 0.515978
0.515978 0.515978 0.358318 0.20736 0.515978 0.248832 0.515978 0.429982 0.515978 0.20736
0.298598 0.13271 0.515978 0.515978 0.298598 0.515978 0.515978 0.429982 0.429982 0.358318
0.20736 0.515978 0.515978 0.248832 0.515978 0.286654 0.298598 0.144 0.358318 0.199066
0.515978 0.515978 0.515978 0.20736 0.515978 0.358318 0.20736 0.286654 0.298598 0.429982
0.515978 0.515978 0.358318 0.515978 0.515978 0.515978 0.515978 0.358318 0.286654 0.515978
0.515978 0.515978 0.298598 0.515978 0.429982 0.1152 0.1152 0.515978 0.248832 0.165888
0.515978 0.358318 0.248832 0.358318 0.343985 0.429982 0.248832 0.358318 0.515978 0.515978
0.298598 0.429982 0.286654 0.144 0.248832 0.248832 0.12 0.248832 0.298598 0.358318
0.515978 0.1152 0.358318 0.515978 0.144 0.515978 0.515978 0.298598 0.515978 0.515978
0.429982 0.515978 0.1152 0.515978 0.515978 0.20736 0.515978 0.429982 0.429982 0.429982
0.429982 0.358318 0.20736 0.515978 0.515978 0.515978 0.515978 0.13271 0.20736 0.515978
0.20736 0.199066 0.20736 0.199066 0.429982 0.20736 0.248832 0.515978 0.286654 0.1728
0.515978 0.515978 0.515978 0.515978 0.343985 0.515978 0.238879 0.20736 0.515978 0.248832
0.358318 0.515978 0.429982 0.515978 0.298598 0.429982 0.1728 0.515978 0.429982 0.429982
0.515978 0.515978 0.515978 0.298598 0.429982 0.165888 0.199066 0.358318 0.199066 0.12
0.429982 0.13824 0.515978 0.298598 0.298598 0.515978 0.515978 0.358318 0.515978 0.515978
>categories:
0 0
1 1
>mixtureAssignment:
0 0 0 0 0 0 0 0 0 0 0 0 0 0 0 0 0 0 0 0 0 0 0 0 0 0 0 0 0 0 0 0 0 0 0 0 0 0 0 0 0 0 0 0 0 0 0 0 0 0
0 0 0 0 0 0 0 0 0 0 0 0 0 0 0 0 0 0 0 0 0 0 0 0 0 0 0 0 0 0 0 0 0 0 0 0 0 0 0 0 0 0 0 0 0 0 0 0 0 0
0 0 0 0 0 0 0 0 0 0 0 0 0 0 0 0 0 0 0 0 0 0 0 0 0 0 0 0 0 0 0 0 0 0 0 0 0 0 0 0 0 0 0 0 0 0 0 0 0 0
0 0 0 0 0 0 0 0 0 0 0 0 0 0 0 0 0 0 0 0 0 0 0 0 0 0 0 0 0 0 0 0 0 0 0 0 0 0 0 0 0 0 0 0 0 0 0 0 0 0
0 0 0 0 0 0 0 0 0 0 0 0 0 0 0 0 0 0 0 0 0 0 0 0 0 0 0 0 0 0 0 0 0 0 0 0 0 0 0 0 0 0 0 0 0 0 0 0 0 0
0 0 0 0 0 0 0 0 0 0 0 0 0 0 0 0 0 0 0 0 0 0 0 0 0 0 0 0 0 0 0 0 0 0 0 0 0 0 0 0 0 0 0 0 0 0 0 0 0 0
0 0 0 0 0 0 0 0 0 0 0 0 0 0 0 0 0 0 0 0 0 0 0 0 0 0 0 0 0 0 0 0 0 0 0 0 0 0 0 0 0 0 0 0 0 0 0 0 0 0
0 0 0 0 0 0 0 0 0 0 0 0 0 0 0 0 0 0 0 0 0 0 0 0 0 0 0 0 0 0 0 0 0 0 0 0 0 0 0 0 0 0 0 0 0 0 0 0 0 0
0 0 0 0 0 0 0 0 0 0 0 0 0 0 0 0 0 0 0 0 0 0 0 0 0 0 0 0 0 0 0 0 0 0 0 0 0 0 0 0 0 0 0 0 0 0 0 0 0 0
0 0 0 0 0 0 0 0 0 0 0 0 0 0 0 0 0 0 0 0 0 0 0 0 0 0 0 0 0 0 0 0 0 0 0 0 0 0 0 0 0 0 0 0 0 0 0 0 0 0
1 1 1 1 1 1 1 1 1 1 1 1 1 1 1 1 1 1 1 1 1 1 1 1 1 1 1 1 1 1 1 1 1 1 1 1 1 1 1 1 1 1 1 1 1 1 1 1 1 1
1 1 1 1 1 1 1 1 1 1 1 1 1 1 1 1 1 1 1 1 1 1 1 1 1 1 1 1 1 1 1 1 1 1 1 1 1 1 1 1 1 1 1 1 1 1 1 1 1 1
1 1 1 1 1 1 1 1 1 1 1 1 1 1 1 1 1 1 1 1 1 1 1 1 1 1 1 1 1 1 1 1 1 1 1 1 1 1 1 1 1 1 1 1 1 1 1 1 1 1
1 1 1 1 1 1 1 1 1 1 1 1 1 1 1 1 1 1 1 1 1 1 1 1 1 1 1 1 1 1 1 1 1 1 1 1 1 1 1 1 1 1 1 1 1 1 1 1 1 1
1 1 1 1 1 1 1 1 1 1 1 1 1 1 1 1 1 1 1 1 1 1 1 1 1 1 1 1 1 1 1 1 1 1 1 1 1 1 1 1 1 1 1 1 1 1 1 1 1 1
1 1 1 1 1 1 1 1 1 1 1 1 1 1 1 1 1 1 1 1 1 1 1 1 1 1 1 1 1 1 1 1 1 1 1 1 1 1 1 1 1 1 1 1 1 1 1 1 1 1
1 1 1 1 1 1 1 1 1 1 1 1 1 1 1 1 1 1 1 1 1 1 1 1 1 1 1 1 1 1 1 1 1 1 1 1 1 1 1 1 1 1 1 1 1 1 1 1 1 1
1 1 1 1 1 1 1 1 1 1 1 1 1 1 1 1 1 1 1 1 1 1 1 1 1 1 1 1 1 1 1 1 1 1 1 1 1 1 1 1 1 1 1 1 1 1 1 1 1 1
1 1 1 1 1 1 1 1 1 1 1 1 1 1 1 1 1 1 1 1 1 1 1 1 1 1 1 1 1 1 1 1 1 1 1 1 1 1 1 1 1 1 1 1 1 1 1 1 1 1
1 1 1 1 1 1 1 1 1 1 1 1 1 1 1 1 1 1 1 1 1 1 1 1 1 1 1 1 1 1 1 1 1 1 1 1 1 1 1 1 1 1 1 1 1 1 1 1 1 1
>numMutationCategories:
2
>numSelectionCategories:
2
>categoryProbabilities:
0.515337 0.484663 
>selectionIsInMixture:
***
0 
***
1 
>mutationIsInMixture:
***
0 
***
1 
>currentSynthesisRateLevel:
***
0.6177 1.20753 0.672114 0.695254 0.958642 0.742559 0.15334 0.589369 0.718338 0.372759
1.65965 0.413754 0.337848 0.671142 0.498924 1.81205 0.404612 0.235618 0.860418 1.10221
0.493846 0.526959 1.12301 1.08859 0.993733 0.249077 0.371329 0.444516 0.181289 1.16832
0.486107 0.319925 2.13499 1.13588 0.93885 1.46984 0.297979 1.11077 1.87019 1.98509
0.549011 0.83674 0.695759 0.281268 1.78208 0.688819 2.03337 0.438352 1.00098 2.7796
0.183547 0.632668 0.340341 0.400581 0.2842 1.07154 0.6728 1.67183 0.419679 0.42835
0.785208 0.295787 0.489432 0.451103 0.369247 0.865147 0.981105 0.383627 0.211209 0.330862
0.378786 0.520795 0.390075 0.713671 1.08011 0.707105 0.572608 0.377335 0.707798 0.150826
0.650962 0.262896 2.074 0.770105 0.180501 1.34755 1.03325 0.507813 0.474723 1.78136
0.872222 0.170899 0.252705 0.600763 2.45255 1.72847 0.485312 0.200845 0.463205 0.644999
0.35441 0.457011 0.580292 0.432279 1.21509 2.57244 2.7391 0.827013 1.24233 1.42942
2.91952 2.48586 0.214201 0.878512 0.647521 0.418907 0.908198 0.333192 0.234025 0.404723
2.10524 1.45917 0.894167 0.293494 0.415824 0.533176 0.789836 0.366504 1.95721 0.215991
0.274636 0.329627 0.245243 0.753955 0.455625 2.49004 1.1433 0.203686 1.40216 0.230993
1.7972 0.345342 0.549194 0.842106 0.493942 0.320834 0.348002 1.07411 0.487585 1.74422
0.190212 0.348107 0.344202 1.40523 1.83588 0.45478 0.25941 0.391352 1.88604 1.40679
1.34387 0.392764 1.07762 0.619233 0.425611 0.742178 0.295421 1.19294 0.267076 0.402451
0.819361 3.14713 0.354359 1.22412 0.435353 1.97586 0.568452 1.22171 0.220112 0.160646
1.2853 1.62625 0.376684 0.148723 3.34516 0.26091 0.429775 0.750009 3.17627 2.57917
0.752018 1.23296 0.440261 0.747748 0.714459 0.330638 0.330267 3.78133 0.30599 0.322926
1.12617 0.464465 0.928205 0.569783 0.480689 0.348196 0.730206 2.38262 0.736765 1.4586
1.04632 0.686215 0.195957 1.56904 0.619983 1.28189 1.06038 1.48051 0.688515 0.166559
0.581718 0.714299 0.749835 0.526631 1.06448 0.8229 0.273512 0.371888 0.614861 0.363624
0.495937 1.63023 0.265191 1.09492 1.74754 1.48281 0.807375 0.48688 0.243326 0.264547
0.462694 1.00413 0.757302 0.95583 0.365199 0.524711 0.831286 0.355385 0.28465 0.279777
0.302171 0.557059 0.368319 0.404954 0.650652 0.946332 0.661584 0.673505 0.363043 2.07029
0.240142 0.317007 0.788194 0.586085 1.46353 0.704552 0.861059 0.793638 0.312414 2.67378
1.15744 1.82599 0.462176 0.175152 0.20022 0.2391 0.688805 0.415724 0.415794 0.798774
0.571782 1.82214 0.332822 0.73499 0.222815 1.11924 0.208059 0.556588 0.48139 0.868037
0.423998 0.461702 0.360691 2.48198 0.229786 2.02987 0.240392 1.60879 0.42769 0.249564
1.28104 0.259287 0.701026 0.745966 1.83029 1.48547 3.96625 0.34049 0.156087 1.92462
0.524264 2.45187 0.666982 0.309912 0.287266 0.765839 0.835447 0.186155 1.24899 0.410037
2.34347 0.321346 0.495363 0.361213 0.154761 0.253027 0.377912 0.498701 2.6112 0.232786
0.254013 0.908592 1.23812 0.326743 0.416821 0.625081 1.12521 0.381612 0.426093 2.28623
1.15273 0.70081 0.606477 0.22559 1.05616 0.439499 0.264326 2.45035 0.298165 1.32031
0.591742 0.149145 0.455534 0.375408 0.779897 0.961403 0.826012 0.345259 0.418139 0.397357
0.381388 0.902993 1.12738 0.459759 0.367993 0.4868 1.81217 2.79672 1.25285 0.328612
0.478988 0.336686 0.896326 0.706147 1.28087 0.454757 0.642148 0.476156 0.449462 0.337459
1.30518 1.48622 0.546304 4.01298 0.498874 0.610005 0.164438 0.406616 1.13547 1.14092
0.589741 0.397161 1.02656 0.53628 0.261524 1.79681 7.31072 0.558466 0.538933 1.0756
0.78051 0.657879 2.54964 1.33463 0.194601 0.711598 0.959675 0.545386 0.777721 0.307673
0.275144 0.498133 0.273011 0.813676 1.39621 2.00362 0.636494 3.33538 0.529168 1.39128
1.41268 0.340091 0.314972 0.457356 1.71846 0.516324 0.431486 0.849019 0.728911 0.699104
1.07197 0.345576 0.572206 0.465728 0.963545 0.667238 0.748126 0.332089 0.260032 1.89011
0.328322 1.29364 0.32788 1.04085 0.84428 1.35641 0.701462 0.341442 0.941301 1.02239
1.06911 2.14708 0.276506 0.492151 0.461053 1.19176 2.78515 1.26025 1.43231 0.276763
0.997859 1.28907 0.891426 0.574286 0.356467 0.346816 0.432089 0.628697 0.995937 0.503392
0.72714 0.320386 1.63123 0.914969 1.2425 0.183024 0.640843 0.381898 0.329256 0.923237
9.58425 1.5433 0.503537 0.233962 0.437356 1.04648 1.05036 2.27813 0.428776 0.621942
1.05296 0.533898 1.27004 0.679322 0.991263 0.312445 0.271066 0.618533 0.757486 0.338751
0.0787424 0.0605319 0.0709445 0.083234 0.168914 0.168027 0.140967 0.090551 0.0502419 0.0713636
0.0868978 0.124077 0.0354789 0.0649202 0.0561073 0.0775038 0.0296139 0.197982 0.113105 0.095989
0.151289 0.0486121 0.133639 0.0671343 0.0777084 0.103539 0.0593142 0.107274 0.189164 0.061688
0.112008 0.0449705 0.112953 0.103531 0.304646 0.0824384 0.0887165 0.0616655 0.0387726 0.124025
0.192526 0.0841905 0.073711 0.154019 0.057212 0.151892 0.0493341 0.0674519 0.0656168 0.0429716
0.0985698 0.0682676 0.0727499 0.0811585 0.105547 0.0533522 0.113618 0.0624137 0.133909 0.114887
0.0636495 0.0513133 0.0673972 0.0199711 0.0981175 0.131882 0.0957883 0.0952652 0.0245809 0.0512958
0.102787 0.0778076 0.0868349 0.0802249 0.0413043 0.122189 0.0958246 0.028276 0.11179 0.0604801
0.0980692 0.0587453 0.159476 0.105445 0.0479822 0.145567 0.0598928 0.128932 0.0935439 0.062926
0.0697692 0.196867 0.051489 0.123373 0.0862781 0.0861155 0.0131802 0.0888981 0.0694929 0.0291428
0.030346 0.157372 0.120002 0.0643334 0.109147 0.0869778 0.117555 0.0478985 0.10185 0.0555
0.165592 0.0686627 0.08012 0.0484824 0.150918 0.06939 0.14777 0.0268384 0.0835955 0.104698
0.0819959 0.0973395 0.0852862 0.0780355 0.0938981 0.0746645 0.157246 0.0742019 0.132959 0.0824171
0.128922 0.0523465 0.0998371 0.0664348 0.050065 0.0584627 0.141266 0.0942932 0.136847 0.0621261
0.13307 0.0661221 0.0409849 0.135805 0.115475 0.0396161 0.0785419 0.0634139 0.146584 0.11695
0.136604 0.0616595 0.123522 0.106028 0.0955458 0.127625 0.0895081 0.164371 0.0990312 0.0949836
0.104704 0.0846742 0.10269 0.134489 0.0787164 0.0835104 0.105108 0.137697 0.115656 0.0750906
0.0697391 0.113884 0.10866 0.146508 0.0670216 0.108344 0.105008 0.138283 0.121203 0.0706024
0.131062 0.0897688 0.0389811 0.0929635 0.128029 0.130753 0.0895599 0.12096 0.140753 0.146297
0.0985849 0.101516 0.0774544 0.0935699 0.0567447 0.0451191 0.0416706 0.103575 0.101415 0.0804262
0.0281017 0.0871267 0.097908 0.116556 0.0833834 0.138618 0.113084 0.0839324 0.0893009 0.104894
0.0752643 0.0781032 0.0522822 0.0713715 0.0941696 0.115187 0.0203368 0.055486 0.0623607 0.0363386
0.119834 0.0400145 0.0498083 0.0632976 0.0574236 0.032363 0.161844 0.103825 0.0787311 0.0395813
0.110476 0.0952493 0.078495 0.0859721 0.0955641 0.0431118 0.0933776 0.0642095 0.089452 0.0723615
0.111035 0.144778 0.146311 0.0513325 0.0872542 0.114411 0.0574254 0.0542409 0.0838806 0.0358305
0.0880675 0.108005 0.105626 0.125858 0.178186 0.0402997 0.0243928 0.0926089 0.0691739 0.0780688
0.0653748 0.0894237 0.0510628 0.112372 0.0631069 0.035376 0.117908 0.134541 0.160133 0.0820707
0.100287 0.154492 0.168761 0.0752878 0.122907 0.105662 0.0931521 0.0665975 0.206443 0.128419
0.115401 0.149559 0.0698556 0.0938643 0.0853183 0.0776291 0.0502731 0.0860658 0.0679451 0.11138
0.0714328 0.125015 0.0569807 0.0735224 0.055565 0.0612774 0.0528598 0.0853881 0.153342 0.167847
0.120169 0.0887382 0.103404 0.116511 0.0974652 0.0851099 0.142735 0.0513661 0.0649717 0.0191876
0.092741 0.10225 0.101107 0.0895099 0.153054 0.0768626 0.0971019 0.024549 0.12348 0.112066
0.156333 0.0464781 0.0913256 0.0490639 0.140436 0.0797561 0.0793428 0.111278 0.156052 0.0750906
0.0723729 0.0424949 0.0874171 0.0850424 0.0653518 0.0765658 0.0662667 0.0282832 0.0601927 0.068711
0.139069 0.0742045 0.116036 0.111896 0.0756443 0.138119 0.134555 0.0276006 0.169859 0.101645
0.14341 0.0889898 0.108969 0.0688861 0.0910901 0.0896562 0.0704673 0.119121 0.063427 0.092638
0.0240697 0.111415 0.0603017 0.134333 0.123975 0.114415 0.0901461 0.125977 0.0339105 0.0915124
0.054438 0.133455 0.0344058 0.077896 0.0757196 0.14704 0.0819578 0.0358297 0.102497 0.0331257
0.259955 0.117738 0.0727401 0.120054 0.0491073 0.0852323 0.0780391 0.150718 0.105181 0.183117
0.0585636 0.0782967 0.133902 0.047023 0.236042 0.0516842 0.0818161 0.166801 0.0960977 0.098081
0.0648076 0.121417 0.0533442 0.0424815 0.0596556 0.109801 0.0407203 0.0843808 0.138643 0.156356
0.0261184 0.0860539 0.0966308 0.0819499 0.134548 0.115722 0.0395871 0.0737007 0.0766761 0.0581852
0.100906 0.110177 0.0392783 0.12697 0.0742952 0.0663898 0.0716435 0.0680885 0.0764253 0.0753786
0.131972 0.0433787 0.0741394 0.135878 0.0872952 0.0816406 0.162307 0.0513329 0.222987 0.0606019
0.0861843 0.0870519 0.101887 0.122894 0.105135 0.111586 0.123845 0.0319311 0.083867 0.0336525
0.0242032 0.0795005 0.130959 0.0990579 0.0896818 0.0402835 0.0883768 0.0611747 0.114387 0.070796
0.0990826 0.0960792 0.0636995 0.155486 0.146712 0.0471367 0.106326 0.0710898 0.135861 0.0815921
0.204374 0.108247 0.105985 0.120233 0.0977941 0.0642886 0.119486 0.0941004 0.0805836 0.0451144
0.188772 0.175124 0.0672915 0.17544 0.102465 0.0487737 0.0715042 0.101695 0.104848 0.0862968
0.114362 0.0612339 0.0446502 0.072696 0.107447 0.0387156 0.0794368 0.185753 0.0972674 0.0747747
***
0.227383 0.137105 0.169183 0.0649277 0.15841 0.169415 0.0628836 0.0523252 0.081658 0.0710919
0.155765 0.0403959 0.0435448 0.100225 0.0563215 0.196151 0.0286695 0.0536118 0.0620463 0.160293
0.0604786 0.087234 0.405517 0.249686 0.183428 0.0383096 0.210862 0.0401112 0.0495867 0.383187
0.0447097 0.0504184 0.157071 0.154669 0.0911575 0.153636 0.054706 0.107981 0.156339 0.218375
0.0317216 0.0677221 0.0458118 0.119098 0.292059 0.178172 0.360843 0.133174 0.131967 0.316506
0.0531992 0.0775528 0.089256 0.055313 0.0498019 0.0887317 0.0517959 0.219021 0.0457863 0.140642
0.0431964 0.0444161 0.0647124 0.0298107 0.0688369 0.238239 0.155977 0.0714854 0.0523227 0.104384
0.0457358 0.125655 0.100084 0.12823 0.108353 0.0655901 0.0412515 0.0617451 0.0387976 0.0734353
0.12526 0.0475997 0.344919 0.0866361 0.0217915 0.175081 0.100523 0.170215 0.0610601 0.294872
0.212655 0.0762956 0.0769431 0.060921 0.309538 0.156308 0.0946853 0.0251601 0.11783 0.0250794
0.0305847 0.0566519 0.266091 0.0637169 0.106424 0.457238 0.399999 0.196932 0.0863671 0.353911
0.418463 0.583388 0.0629652 0.118935 0.0461832 0.0510296 0.0672747 0.0797144 0.0360983 0.102281
0.277407 0.291645 0.314146 0.0672647 0.149487 0.130039 0.0435381 0.0468672 0.26063 0.104883
0.0798832 0.0729373 0.0403804 0.121761 0.102182 0.160803 0.0720976 0.0338607 0.0979019 0.0406449
0.154876 0.0899052 0.0545219 0.112558 0.0183017 0.0610891 0.212942 0.138468 0.0621093 0.237084
0.0507965 0.0431247 0.061299 0.147587 0.222697 0.0198081 0.0856787 0.135943 0.0811538 0.284511
0.198938 0.0486034 0.119606 0.0499349 0.0593144 0.110462 0.0695041 0.0578051 0.0368444 0.125788
0.0668475 0.442934 0.0730747 0.15239 0.144002 0.404733 0.365066 0.098619 0.0331225 0.200813
0.127155 0.223104 0.0253096 0.0292978 0.512838 0.056656 0.161147 0.0957019 0.398603 0.336966
0.140353 0.132434 0.0781381 0.0639308 0.0657568 0.101425 0.0720873 0.346276 0.083257 0.0660088
0.20819 0.079718 0.102334 0.147701 0.0711409 0.0367073 0.339025 0.350319 0.17086 0.087813
0.217088 0.114835 0.0693417 0.236817 0.109964 0.26162 0.184514 0.227764 0.208653 0.0369659
0.204427 0.0587154 0.0579792 0.0552383 0.139866 0.0715156 0.0261309 0.368573 0.0350858 0.0261591
0.0949985 0.198719 0.0577543 0.0776832 0.300045 0.0790664 0.0749974 0.0706408 0.0371377 0.0848648
0.0948126 0.158432 0.16912 0.074415 0.0465363 0.0160835 0.030713 0.143861 0.0778675 0.0528051
0.0892317 0.0313638 0.0608511 0.075039 0.100766 0.103571 0.119386 0.0872436 0.0509321 0.297278
0.0373289 0.0593714 0.0600484 0.209023 0.238549 0.0451899 0.0753734 0.11394 0.0530366 0.282009
0.089113 0.356438 0.0547215 0.038406 0.125234 0.0301755 0.0596965 0.0638077 0.0765699 0.0948974
0.0833114 0.198546 0.0397951 0.0932153 0.0441593 0.168104 0.0307277 0.112204 0.0480481 0.0778639
0.0542255 0.0742207 0.099384 0.270941 0.0547604 0.41173 0.0890306 0.234044 0.0581135 0.372675
0.342113 0.0689913 0.0305095 0.148135 0.163157 0.297829 0.417615 0.113745 0.0876612 0.117304
0.277272 0.181946 0.142085 0.0915359 0.0437236 0.126012 0.25453 0.112835 0.253291 0.0430708
0.277501 0.185107 0.126907 0.0705268 0.0860861 0.0539704 0.0416574 0.171614 0.319171 0.0794889
0.0464366 0.176759 0.186853 0.0366963 0.13699 0.096427 0.17123 0.0896991 0.0693989 0.274986
0.284498 0.0630208 0.0999642 0.0848424 0.185328 0.0547011 0.027807 0.292435 0.0373451 0.168135
0.0362699 0.0856078 0.339152 0.0663681 0.0575873 0.334905 0.131018 0.0538284 0.067348 0.0900203
0.0205219 0.158072 0.216147 0.0380278 0.0773187 0.0385295 0.244698 0.399299 0.196348 0.0529206
0.247596 0.0546375 0.125335 0.0800528 0.139342 0.0987267 0.050828 0.0525757 0.073722 0.158576
0.227424 0.118302 0.163229 0.501499 0.0274881 0.235915 0.0937653 0.0716093 0.150022 0.0654504
0.0555565 0.0645096 0.282213 0.0531223 0.0642831 0.155964 0.644405 0.0378153 0.0537315 0.138698
0.0577703 0.110675 0.290052 0.13779 0.0343517 0.0634448 0.0533604 0.115584 0.110581 0.117122
0.0855786 0.208687 0.0571645 0.147013 0.205268 0.267381 0.092666 0.413356 0.106488 0.3172
0.221534 0.060354 0.0255186 0.0850241 0.340494 0.0776869 0.0619552 0.143913 0.155851 0.221001
0.124678 0.129594 0.227332 0.0553619 0.0871085 0.0792602 0.0468627 0.0807141 0.0427895 0.200207
0.0213527 0.0183451 0.0558627 0.490027 0.0572685 0.238395 0.178162 0.142452 0.0601657 0.0595852
0.258843 0.179065 0.0846279 0.0635317 0.112818 0.266288 0.303693 0.276267 0.237834 0.077578
0.0345089 0.0898808 0.098506 0.0395375 0.0319808 0.122679 0.0550111 0.203919 0.288248 0.0179062
0.0985296 0.072275 0.324625 0.115325 0.285715 0.0377119 0.0523294 0.0194588 0.0326358 0.118791
0.485073 0.253635 0.0836478 0.0329395 0.0388766 0.316071 0.185296 0.266382 0.0511147 0.0698719
0.107109 0.0474083 0.20173 0.0973785 0.209119 0.129727 0.061916 0.0397579 0.148639 0.0591742
0.407556 4.50741 2.17397 1.93947 1.54596 0.497201 1.29197 0.454043 0.966847 1.48892
2.58255 0.424721 2.82635 0.323423 0.689542 0.812695 0.630446 0.336797 1.76597 0.980202
1.06099 0.452235 4.33089 0.575855 0.117954 0.367285 0.591465 1.29106 0.232743 1.17903
5.79923 0.158524 0.217334 1.3054 0.433721 0.486174 0.453061 0.380457 8.69447 1.64998
0.207186 1.58249 1.21918 1.41297 0.161033 1.32638 0.970623 0.974716 1.13053 0.313894
1.32289 0.252384 1.35367 0.379795 1.41778 5.80494 0.418103 0.119503 1.61754 0.328447
0.355182 2.49702 0.217851 4.27619 1.26687 0.10106 0.537663 2.519 5.30634 2.15304
1.14786 0.553363 1.55418 1.44186 0.546505 0.839242 0.693828 0.542182 0.1482 0.754045
2.13903 0.23047 0.229257 0.169366 0.228897 0.80179 0.316825 0.5199 2.32704 1.57471
0.167423 1.43255 0.266712 1.98499 1.91124 0.703699 0.170206 4.01192 0.0693833 0.102206
0.560269 0.40862 0.870853 0.122031 0.834858 3.28413 0.650401 0.813445 0.37644 0.914105
1.26827 1.83545 0.579277 0.875322 2.22581 0.39356 0.628175 5.11999 5.15377 0.340502
5.33523 0.381246 5.84383 1.24919 1.3566 0.413764 1.34586 1.60165 0.650121 0.544584
0.195674 0.711433 1.67025 1.22594 1.19582 0.582796 2.58654 0.171189 1.26469 0.303983
1.14597 3.79504 0.943411 1.43902 0.530037 0.0559699 0.360271 0.588781 1.58146 1.01346
0.089291 0.214894 2.28561 0.361252 1.92557 1.60473 2.57278 1.68088 1.16758 3.27011
0.477554 1.04283 1.56745 0.262673 0.360598 2.89011 0.564397 0.21981 1.50574 0.155218
1.5124 0.57664 1.74819 0.332352 0.34823 1.97399 0.397697 1.38774 0.284397 0.156717
1.07409 0.169435 4.03217 0.66745 0.465599 0.868299 1.18521 0.79071 0.247597 0.7597
0.149776 1.75152 2.99898 0.373137 1.89324 3.30605 0.443519 2.34587 4.80678 0.420987
0.428228 1.21169 0.138672 1.1793 1.56089 1.45243 1.04325 3.48746 0.468495 0.779116
1.87741 1.57609 4.8461 2.92061 0.170215 0.850706 7.89653 1.09082 0.39917 0.994026
1.2045 0.0790151 0.810318 0.281521 0.0702099 0.49158 3.0717 1.14041 1.3433 0.313375
0.986455 1.44989 1.5619 0.235619 2.4898 0.686693 0.0661879 0.726638 0.531605 0.415019
0.172828 0.425931 1.16299 0.146432 0.285378 1.09792 0.257578 3.78263 0.569095 0.319225
0.592585 0.97655 0.53634 2.11337 1.52645 0.558943 8.06958 0.266328 0.241572 0.362511
1.10373 0.717386 6.85478 24.3234 0.716226 5.89042 0.270088 1.6634 6.73869 0.305232
3.44212 0.289637 3.14691 1.73613 0.426001 0.807884 0.594906 0.746684 0.747259 0.917411
0.576384 1.9758 0.247471 2.08534 2.60729 7.70129 3.22175 1.99593 5.54885 0.848875
1.33134 0.429719 1.49682 0.877111 1.3152 0.991105 0.358069 0.903763 0.322434 0.479331
0.395824 0.926674 1.94077 1.74264 1.42879 0.323964 0.922453 0.450397 1.57023 15.127
0.257822 4.78783 0.888605 0.265707 0.741187 1.26474 1.33072 7.75236 1.40938 1.14387
0.29638 0.149188 0.436325 0.180789 1.0018 0.0667386 0.368472 0.197935 3.24503 0.219094
0.325945 0.0732094 0.309692 0.625227 1.58933 2.28417 0.81841 0.870525 0.580109 0.632381
0.2943 0.330976 1.22783 2.26538 0.357484 0.866557 0.254658 0.557952 0.196772 1.41702
0.596466 3.04457 0.137789 0.260236 0.727007 0.368677 0.505056 0.378932 0.424748 0.591073
6.6375 0.144147 0.360842 1.94208 0.27187 1.10242 1.10135 2.89248 1.2993 1.29802
0.160251 0.501298 0.420455 1.46332 0.0796248 0.798332 1.30911 0.865064 0.993458 15.3853
1.47903 0.0920657 0.465836 0.189441 0.424456 0.641013 0.206527 0.885254 0.70878 0.410863
0.322543 0.8582 1.68779 0.158546 1.70711 3.39378 2.56418 0.369864 1.1616 1.55164
0.433547 1.5004 5.43352 0.993068 0.874706 0.460506 8.28086 0.564715 0.340136 0.412412
1.07186 0.336823 0.777005 3.0376 1.74789 1.04814 4.48933 0.877595 0.509935 0.501793
0.461944 3.79137 0.594081 0.112542 2.18743 0.13978 0.168734 2.44868 0.406536 0.477662
0.761234 0.514723 3.76989 0.44032 0.257052 1.92153 0.355994 0.509069 0.902213 0.71318
0.777685 1.76048 1.5112 0.363039 0.410737 0.160555 0.726888 5.56629 1.58633 0.27853
3.39387 3.20115 2.00105 1.33796 0.637885 1.52472 1.1404 0.152691 0.902374 2.26924
0.232118 0.185681 0.357593 0.683344 0.707316 0.11543 1.30299 1.70282 0.273969 1.01389
2.38112 1.19366 0.835695 0.492846 0.562245 0.402183 2.05042 0.137541 0.493681 0.495541
0.427587 6.16926 0.152809 1.73495 0.416844 3.67516 4.05214 0.936066 1.78214 3.17781
0.663733 4.09952 0.0762168 3.64184 0.834596 0.228629 0.521889 4.89841 0.328128 0.394461
>covarianceMatrix:
A
0.000408012	0	0	0	0	0	0	0	0	0	0	0	
0	0.000408012	0	0	0	0	0	0	0	0	0	0	
0	0	0.000408012	0	0	0	0	0	0	0	0	0	
0	0	0	0.000408012	0	0	0	0	0	0	0	0	
0	0	0	0	0.000408012	0	0	0	0	0	0	0	
0	0	0	0	0	0.000408012	0	0	0	0	0	0	
0	0	0	0	0	0	0.000408012	0	0	0	0	0	
0	0	0	0	0	0	0	0.000408012	0	0	0	0	
0	0	0	0	0	0	0	0	0.000408012	0	0	0	
0	0	0	0	0	0	0	0	0	0.000408012	0	0	
0	0	0	0	0	0	0	0	0	0	0.000408012	0	
0	0	0	0	0	0	0	0	0	0	0	0.000408012	
***
>covarianceMatrix:
C
0.0100663	0	0	0	
0	0.0100663	0	0	
0	0	0.0100663	0	
0	0	0	0.0100663	
***
>covarianceMatrix:
D
0.0100663	0	0	0	
0	0.0100663	0	0	
0	0	0.0100663	0	
0	0	0	0.0100663	
***
>covarianceMatrix:
E
0.0100663	0	0	0	
0	0.0100663	0	0	
0	0	0.0100663	0	
0	0	0	0.0100663	
***
>covarianceMatrix:
F
0.0100663	0	0	0	
0	0.0100663	0	0	
0	0	0.0100663	0	
0	0	0	0.0100663	
***
>covarianceMatrix:
G
0.000408012	0	0	0	0	0	0	0	0	0	0	0	
0	0.000408012	0	0	0	0	0	0	0	0	0	0	
0	0	0.000408012	0	0	0	0	0	0	0	0	0	
0	0	0	0.000408012	0	0	0	0	0	0	0	0	
0	0	0	0	0.000408012	0	0	0	0	0	0	0	
0	0	0	0	0	0.000408012	0	0	0	0	0	0	
0	0	0	0	0	0	0.000408012	0	0	0	0	0	
0	0	0	0	0	0	0	0.000408012	0	0	0	0	
0	0	0	0	0	0	0	0	0.000408012	0	0	0	
0	0	0	0	0	0	0	0	0	0.000408012	0	0	
0	0	0	0	0	0	0	0	0	0	0.000408012	0	
0	0	0	0	0	0	0	0	0	0	0	0.000408012	
***
>covarianceMatrix:
H
0.0100663	0	0	0	
0	0.0100663	0	0	
0	0	0.0100663	0	
0	0	0	0.0100663	
***
>covarianceMatrix:
I
0.00202662	0	0	0	0	0	0	0	
0	0.00202662	0	0	0	0	0	0	
0	0	0.00202662	0	0	0	0	0	
0	0	0	0.00202662	0	0	0	0	
0	0	0	0	0.00202662	0	0	0	
0	0	0	0	0	0.00202662	0	0	
0	0	0	0	0	0	0.00202662	0	
0	0	0	0	0	0	0	0.00202662	
***
>covarianceMatrix:
K
0.0100663	0	0	0	
0	0.0100663	0	0	
0	0	0.0100663	0	
0	0	0	0.0100663	
***
>covarianceMatrix:
L
0.000125583	0	0	0	0	0	0	0	0	0	0	0	0	0	0	0	0	0	0	0	
0	0.000125583	0	0	0	0	0	0	0	0	0	0	0	0	0	0	0	0	0	0	
0	0	0.000125583	0	0	0	0	0	0	0	0	0	0	0	0	0	0	0	0	0	
0	0	0	0.000125583	0	0	0	0	0	0	0	0	0	0	0	0	0	0	0	0	
0	0	0	0	0.000125583	0	0	0	0	0	0	0	0	0	0	0	0	0	0	0	
0	0	0	0	0	0.000125583	0	0	0	0	0	0	0	0	0	0	0	0	0	0	
0	0	0	0	0	0	0.000125583	0	0	0	0	0	0	0	0	0	0	0	0	0	
0	0	0	0	0	0	0	0.000125583	0	0	0	0	0	0	0	0	0	0	0	0	
0	0	0	0	0	0	0	0	0.000125583	0	0	0	0	0	0	0	0	0	0	0	
0	0	0	0	0	0	0	0	0	0.000125583	0	0	0	0	0	0	0	0	0	0	
0	0	0	0	0	0	0	0	0	0	0.000125583	0	0	0	0	0	0	0	0	0	
0	0	0	0	0	0	0	0	0	0	0	0.000125583	0	0	0	0	0	0	0	0	
0	0	0	0	0	0	0	0	0	0	0	0	0.000125583	0	0	0	0	0	0	0	
0	0	0	0	0	0	0	0	0	0	0	0	0	0.000125583	0	0	0	0	0	0	
0	0	0	0	0	0	0	0	0	0	0	0	0	0	0.000125583	0	0	0	0	0	
0	0	0	0	0	0	0	0	0	0	0	0	0	0	0	0.000125583	0	0	0	0	
0	0	0	0	0	0	0	0	0	0	0	0	0	0	0	0	0.000125583	0	0	0	
0	0	0	0	0	0	0	0	0	0	0	0	0	0	0	0	0	0.000125583	0	0	
0	0	0	0	0	0	0	0	0	0	0	0	0	0	0	0	0	0	0.000125583	0	
0	0	0	0	0	0	0	0	0	0	0	0	0	0	0	0	0	0	0	0.000125583	
***
>covarianceMatrix:
M

***
>covarianceMatrix:
N
0.0100663	0	0	0	
0	0.0100663	0	0	
0	0	0.0100663	0	
0	0	0	0.0100663	
***
>covarianceMatrix:
P
0.000408012	0	0	0	0	0	0	0	0	0	0	0	
0	0.000408012	0	0	0	0	0	0	0	0	0	0	
0	0	0.000408012	0	0	0	0	0	0	0	0	0	
0	0	0	0.000408012	0	0	0	0	0	0	0	0	
0	0	0	0	0.000408012	0	0	0	0	0	0	0	
0	0	0	0	0	0.000408012	0	0	0	0	0	0	
0	0	0	0	0	0	0.000408012	0	0	0	0	0	
0	0	0	0	0	0	0	0.000408012	0	0	0	0	
0	0	0	0	0	0	0	0	0.000408012	0	0	0	
0	0	0	0	0	0	0	0	0	0.000408012	0	0	
0	0	0	0	0	0	0	0	0	0	0.000408012	0	
0	0	0	0	0	0	0	0	0	0	0	0.000408012	
***
>covarianceMatrix:
Q
0.0100663	0	0	0	
0	0.0100663	0	0	
0	0	0.0100663	0	
0	0	0	0.0100663	
***
>covarianceMatrix:
R
0.000125583	0	0	0	0	0	0	0	0	0	0	0	0	0	0	0	0	0	0	0	
0	0.000125583	0	0	0	0	0	0	0	0	0	0	0	0	0	0	0	0	0	0	
0	0	0.000125583	0	0	0	0	0	0	0	0	0	0	0	0	0	0	0	0	0	
0	0	0	0.000125583	0	0	0	0	0	0	0	0	0	0	0	0	0	0	0	0	
0	0	0	0	0.000125583	0	0	0	0	0	0	0	0	0	0	0	0	0	0	0	
0	0	0	0	0	0.000125583	0	0	0	0	0	0	0	0	0	0	0	0	0	0	
0	0	0	0	0	0	0.000125583	0	0	0	0	0	0	0	0	0	0	0	0	0	
0	0	0	0	0	0	0	0.000125583	0	0	0	0	0	0	0	0	0	0	0	0	
0	0	0	0	0	0	0	0	0.000125583	0	0	0	0	0	0	0	0	0	0	0	
0	0	0	0	0	0	0	0	0	0.000125583	0	0	0	0	0	0	0	0	0	0	
0	0	0	0	0	0	0	0	0	0	0.000125583	0	0	0	0	0	0	0	0	0	
0	0	0	0	0	0	0	0	0	0	0	0.000125583	0	0	0	0	0	0	0	0	
0	0	0	0	0	0	0	0	0	0	0	0	0.000125583	0	0	0	0	0	0	0	
0	0	0	0	0	0	0	0	0	0	0	0	0	0.000125583	0	0	0	0	0	0	
0	0	0	0	0	0	0	0	0	0	0	0	0	0	0.000125583	0	0	0	0	0	
0	0	0	0	0	0	0	0	0	0	0	0	0	0	0	0.000125583	0	0	0	0	
0	0	0	0	0	0	0	0	0	0	0	0	0	0	0	0	0.000125583	0	0	0	
0	0	0	0	0	0	0	0	0	0	0	0	0	0	0	0	0	0.000125583	0	0	
0	0	0	0	0	0	0	0	0	0	0	0	0	0	0	0	0	0	0.000125583	0	
0	0	0	0	0	0	0	0	0	0	0	0	0	0	0	0	0	0	0	0.000125583	
***
>covarianceMatrix:
S
0.000408012	0	0	0	0	0	0	0	0	0	0	0	
0	0.000408012	0	0	0	0	0	0	0	0	0	0	
0	0	0.000408012	0	0	0	0	0	0	0	0	0	
0	0	0	0.000408012	0	0	0	0	0	0	0	0	
0	0	0	0	0.000408012	0	0	0	0	0	0	0	
0	0	0	0	0	0.000408012	0	0	0	0	0	0	
0	0	0	0	0	0	0.000408012	0	0	0	0	0	
0	0	0	0	0	0	0	0.000408012	0	0	0	0	
0	0	0	0	0	0	0	0	0.000408012	0	0	0	
0	0	0	0	0	0	0	0	0	0.000408012	0	0	
0	0	0	0	0	0	0	0	0	0	0.000408012	0	
0	0	0	0	0	0	0	0	0	0	0	0.000408012	
***
>covarianceMatrix:
T
0.000408012	0	0	0	0	0	0	0	0	0	0	0	
0	0.000408012	0	0	0	0	0	0	0	0	0	0	
0	0	0.000408012	0	0	0	0	0	0	0	0	0	
0	0	0	0.000408012	0	0	0	0	0	0	0	0	
0	0	0	0	0.000408012	0	0	0	0	0	0	0	
0	0	0	0	0	0.000408012	0	0	0	0	0	0	
0	0	0	0	0	0	0.000408012	0	0	0	0	0	
0	0	0	0	0	0	0	0.000408012	0	0	0	0	
0	0	0	0	0	0	0	0	0.000408012	0	0	0	
0	0	0	0	0	0	0	0	0	0.000408012	0	0	
0	0	0	0	0	0	0	0	0	0	0.000408012	0	
0	0	0	0	0	0	0	0	0	0	0	0.000408012	
***
>covarianceMatrix:
V
0.000408012	0	0	0	0	0	0	0	0	0	0	0	
0	0.000408012	0	0	0	0	0	0	0	0	0	0	
0	0	0.000408012	0	0	0	0	0	0	0	0	0	
0	0	0	0.000408012	0	0	0	0	0	0	0	0	
0	0	0	0	0.000408012	0	0	0	0	0	0	0	
0	0	0	0	0	0.000408012	0	0	0	0	0	0	
0	0	0	0	0	0	0.000408012	0	0	0	0	0	
0	0	0	0	0	0	0	0.000408012	0	0	0	0	
0	0	0	0	0	0	0	0	0.000408012	0	0	0	
0	0	0	0	0	0	0	0	0	0.000408012	0	0	
0	0	0	0	0	0	0	0	0	0	0.000408012	0	
0	0	0	0	0	0	0	0	0	0	0	0.000408012	
***
>covarianceMatrix:
W

***
>covarianceMatrix:
Y
0.0100663	0	0	0	
0	0.0100663	0	0	
0	0	0.0100663	0	
0	0	0	0.0100663	
***
>covarianceMatrix:
Z
0.0100663	0	0	0	
0	0.0100663	0	0	
0	0	0.0100663	0	
0	0	0	0.0100663	
***
>covarianceMatrix:
X
1	0	0	0	0	0	0	0	
0	1	0	0	0	0	0	0	
0	0	1	0	0	0	0	0	
0	0	0	1	0	0	0	0	
0	0	0	0	1	0	0	0	
0	0	0	0	0	1	0	0	
0	0	0	0	0	0	1	0	
0	0	0	0	0	0	0	1	
***
>std_csp:
0.0201327 0.0201327 0.0201327 0.0201327 0.0201327 0.0201327 0.0201327 0.0201327 0.0201327 0.0201327
0.0201327 0.0201327 0.0201327 0.0201327 0.030199 0.030199 0.030199 0.030199 0.030199 0.0201327
0.0201327 0.0201327 0.0201327 0.0201327 0.030199 0.030199 0.030199 0.030199 0.030199 0.0201327
0.0201327 0.0201327 0.0201327 0.0201327 0.0201327 0.0201327 0.0201327 0.0201327 0.0201327 0.0201327
>currentMutationParameter:
***
-0.620306 1.89357 -0.854987 0.450183 -1.06162 1.03167 -1.35872 -1.5133 -1.66505 0.874116
0.450935 0.738895 1.74982 0.959476 0.988524 2.06056 1.73738 -0.670345 1.32071 1.32199
-1.30578 1.24396 1.64777 1.41785 1.21054 0.34111 -0.607139 -0.499535 -0.610163 0.108622
-0.805225 -0.745923 -1.09339 1.71932 -0.661567 -0.641529 1.21028 0.430505 0.0639843 0.430978
***
0.42374 -1.33389 -1.62169 2.01607 -1.25004 -1.50584 1.46046 -0.36678 -1.03072 -0.46782
1.15245 1.82898 -1.7292 -0.198652 -0.0840469 0.324714 0.235002 -0.190019 -0.229738 -1.6226
-1.16576 0.392182 -0.294047 1.6863 -1.71952 -0.186249 -1.37135 0.255748 -1.82739 0.711155
-1.15798 -1.82586 0.192762 1.41783 0.551003 0.624312 -1.61471 1.45014 1.09458 1.83779
>currentSelectionParameter:
***
-0.9066 -1.14038 -0.440617 -2.5147 -2.59177 0.326922 2.3371 -1.46444 -0.198513 -0.0455597
2.09327 1.98601 0.648083 1.19214 0.058085 -1.1258 -0.879125 -2.7502 -2.7559 0.117084
-1.57563 1.06561 -2.50673 1.24592 -1.74917 -1.63466 1.1976 3.41205 -1.51292 3.23726
0.272219 1.32426 0.929853 2.47151 -0.841575 2.63588 2.30461 0.659116 -2.17452 0.977672
***
0.568756 0.818394 1.40482 0.9156 1.31829 0.578495 0.046606 -1.69506 1.072 -1.49605
0.979791 -0.467674 -0.887368 1.36671 0.257573 -0.596033 0.655625 1.28662 -1.11384 1.33267
0.55951 -0.576106 -0.0752081 -0.592053 -0.50661 -0.836252 0.167812 1.03662 0.726883 0.367085
0.600652 -0.330581 0.94445 -1.0065 -0.655351 0.743568 0.031623 -1.24134 -0.213966 1.42993
